0
200	0.5109989461	100000000000000.1
5	0	0	1
5	0	0	0
-0.5891188035743644	0.080553534990884
-0.4245809083087454	0.07539826447344937
-0.2600430130431264	0.07097420729763135
-0.09550511777750734	0.06670329382448077
0.06903277748811171	0.06232533080595829
0.2335706727537308	0.05777237442835285
0.3981085680193498	0.05308269789493103
0.5626464632849688	0.04834393152886354
0.7271843585505878	0.04365740120751462
0.8917222538162068	0.03911749594066474
1.056260149081826	0.03480130848894417
1.220798044347445	0.03076494803941578
1.385335939613064	0.02704388106596836
1.549873834878683	0.02365543863935791
1.714411730144302	0.02060224716757088
1.878949625409922	0.0178758081075779
2.043487520675541	0.0154597894925993
2.20802541594116	0.01333282138778306
2.372563311206779	0.01147073303503003
2.537101206472398	0.009848254181681716
2.701639101738017	0.008440246092810801
2.866176997003636	0.007222544003697971
3.030714892269256	0.006172493202813682
3.195252787534875	0.005269253023277566
3.359790682800494	0.004493931559726448
3.524328578066113	0.003829601776657541
3.688866473331732	0.003261238375769816
3.853404368597351	0.002775605044730216
4.01794226386297	0.002361113717444812
4.182480159128589	0.002007671161502894
4.347018054394209	0.001706523367349942
4.511555949659828	0.00145010459737568
4.676093844925447	0.001231895316219183
4.840631740191066	0.001046291347191849
5.005169635456685	0.0008884852996251171
5.169707530722304	0.0007543604394516356
5.334245425987923	0.0006054007982218124
5.498783321253542	0.0004004597910513149
5.663321216519162	0.0002732337890611126
5.827859111784781	0.0001899206249010628
5.9923970070504	0.0001335507594164767
6.156934902316019	9.461592828459495e-05
6.321472797581638	6.736263169173623e-05
6.486010692847257	4.811783199493855e-05
6.650548588112876	3.444814465483622e-05
6.815086483378495	2.469979160867094e-05
6.979624378644115	1.772894224204962e-05
7.144162273909734	1.273486392625079e-05
7.308700169175353	9.152322713727599e-06
7.473238064440972	6.580017308301275e-06
7.637775959706591	4.731891963013172e-06
7.80231385497221	3.403470519027198e-06
7.966851750237829	2.448305130083653e-06
8.131389645503448	1.761364388252662e-06
8.295927540769068	1.267247608441389e-06
8.460465436034687	9.117886196801743e-07
8.625003331300306	6.560568120499189e-07
8.789541226565925	4.720621439101466e-07
8.954079121831544	3.396756214844972e-07
9.118617017097163	2.444189888407698e-07
9.283154912362782	1.758771224619756e-07
9.447692807628401	1.265571009801447e-07
9.612230702894021	9.106797177791603e-08
9.77676859815964	6.553091504911612e-08
9.941306493425259	4.715500786406569e-08
10.10584438869088	3.393205362711186e-08
10.2703822839565	2.441703890266251e-08
10.43492017922212	1.757018056485296e-08
10.59945807448774	1.264327914770421e-08
10.76399596975335	9.097947465288795e-09
10.92853386501897	6.546772713949122e-09
11.09307176028459	4.710979386675253e-09
11.25760965555021	3.389965021916838e-09
11.42214755081583	2.439379011030016e-09
11.58668544608145	1.755348635686758e-09
11.75122334134707	1.263128448421327e-09
11.91576123661269	9.089325712776012e-10
12.08029913187831	6.540573501268906e-10
12.24483702714393	4.706521041557691e-10
12.40937492240955	3.386758161361785e-10
12.57391281767516	2.437072070943983e-10
12.73845071294078	1.753688940120131e-10
12.9029886082064	1.261934332817477e-10
13.06752650347202	9.080733937790993e-11
13.23206439873764	6.534391447376523e-11
13.39660229400326	4.702072759672918e-11
13.56114018926888	3.383557359895727e-11
13.7256780845345	2.434768878878248e-11
13.89021597980012	1.752031624747369e-11
14.05475387506574	1.260741765945591e-11
14.21929177033136	9.072152458098419e-12
14.38382966559698	6.528216362197488e-12
14.54836756086259	4.697629264762539e-12
14.71290545612821	3.380359885224338e-12
14.87744335139383	2.432468019713818e-12
15.04198124665945	1.750375956508332e-12
15.20651914192507	1.259550367972976e-12
15.37105703719069	9.063579304965849e-13
15.53559493245631	6.522047224856485e-13
15.70013282772193	4.693190027138436e-13
15.86467072298755	3.377165462288372e-13
16.02920861825316	2.430169350454454e-13
16.19374651351878	1.748721860947109e-13
16.3582844087844	1.258360100048771e-13
16.52282230405002	9.055014275078744e-14
16.68736019931563	6.515883928532528e-14
16.85189809458125	4.688754990376598e-14
17.01643598984687	3.373974061070987e-14
17.18097388511249	2.427872854981312e-14
17.3455117803781	1.747069329302756e-14
17.51004967564372	1.257170957338198e-14
17.67458757090934	9.046457341255632e-15
17.83912546617496	6.509726457606071e-15
18.00366336144057	4.684324145277459e-15
18.16820125670619	3.370785676008647e-15
18.33273915197181	2.425578529837935e-15
18.49727704723743	1.74541835937129e-15
18.66181494250304	1.255982938401961e-15
18.82635283776866	9.037908493898945e-16
18.99089073303428	6.503574805564075e-16
19.15542862829989	4.679897487357953e-16
19.31996652356551	3.367600303980829e-16
19.48450441883113	2.423286372833424e-16
19.64904231409675	1.743768949604435e-16
19.81358020936236	1.254796042140576e-16
19.97811810462798	9.029367725172712e-17
20.1426559998936	6.497428966807106e-17
20.30719389515922	4.675475012609109e-17
20.47173179042483	3.364417942113251e-17
20.63626968569045	2.420996381904933e-17
20.80080758095607	1.742121098520608e-17
20.96534547622169	1.253610267489375e-17
21.1298833714873	9.020835027423285e-18
21.29442126675292	6.491288935831614e-18
21.45895916201854	4.671056717072667e-18
21.62349705728415	3.36123858755864e-18
21.78803495254977	2.418708555004139e-18
21.95257284781539	1.740474804646143e-18
22.11711074308101	1.252425613388071e-18
22.28164863834662	9.01231039302171e-19
22.44618653361224	6.485154707148266e-19
22.61072442887786	4.666642596798767e-19
22.77526232414348	3.358062237474833e-19
22.93980021940909	2.416422890085904e-19
23.10433811467471	1.738830066509417e-19
23.26887600994033	1.251242078777716e-19
23.43341390520595	9.003793814347979e-20
23.59795180047156	6.479026275273853e-20
23.76248969573718	4.662232647841776e-20
23.9270275910028	3.3548888890226e-20
24.09156548626841	2.414139385107166e-20
24.25610338153403	1.737186882640256e-20
24.42064127679965	1.250059662600388e-20
24.58517917206527	8.995285283789449e-21
24.74971706733088	6.472903634730392e-21
24.9142549625965	4.657826866259798e-21
25.07879285786212	3.35171853936541e-21
25.24333075312774	2.411858038026783e-21
25.40786864839335	1.735545251569889e-21
25.57240654365897	1.24887836379918e-21
25.73694443892459	8.986784793740702e-22
25.90148233419021	6.466786780045119e-22
26.06602022945582	4.653425248114712e-22
26.23055812472144	3.348551185669423e-22
26.39509601998706	2.409578846805557e-22
26.55963391525268	1.733905171830927e-22
26.72417181051829	1.247698181318176e-22
26.88870970578391	8.978292336603517e-23
27.05324760104953	6.460675705750434e-23
27.21778549631514	4.649027789472076e-23
27.38232339158076	3.345386825103472e-23
27.54686128684638	2.407301809406215e-23
27.711399182112	1.732266641957377e-23
27.87593707737761	1.246519114102459e-23
28.04047497264323	8.969807904786822e-24
28.20501286790885	6.4545704063839e-24
28.36955076317447	4.644634486401195e-24
28.53408865844008	3.342225454839072e-24
28.6986265537057	2.40502692379341e-24
28.86316444897132	1.730629660484619e-24
29.02770234423694	1.245341161098112e-24
29.19224023950255	8.961331490706751e-25
29.35677813476817	6.448470876488255e-25
29.52131603003379	4.640245334975074e-25
29.6858539252994	3.339067072050401e-25
29.85039182056502	2.402754187933713e-25
30.01492971583064	1.728994225949426e-25
30.17946761109626	1.244164321252212e-25
30.34400550636187	8.952863086786587e-26
30.50854340162749	6.442377110611371e-26
30.67308129689311	4.635860331270433e-26
30.83761919215873	3.335911673914311e-26
31.00215708742434	2.400483599795625e-26
31.16669498268996	1.727360336889955e-26
31.33123287795558	1.24298859351283e-26
31.4957707732212	8.944402685456776e-27
31.66030866848681	6.436289103306287e-27
31.82484656375243	4.631479471367713e-27
31.98938445901805	3.332759257610331e-27
32.15392235428367	2.398215157349556e-27
