0
200	0.5109989461	100000000000000.1
5	0	0	1
5	0	0	0
-0.5891188035743644	7.55971261105991e-05
-0.4245809083087454	5.527825335509544e-05
-0.2600430130431264	4.304900639378078e-05
-0.09550511777750734	3.5523290902044e-05
0.06903277748811171	3.063618838033869e-05
0.2335706727537308	2.717299462671489e-05
0.3981085680193498	2.445087865909674e-05
0.5626464632849688	2.210862891095594e-05
0.7271843585505878	1.997148743673311e-05
0.8917222538162068	1.796693960377755e-05
1.056260149081826	1.607416481771038e-05
1.220798044347445	1.429506374028736e-05
1.385335939613064	1.263865556347105e-05
1.549873834878683	1.111344111143616e-05
1.714411730144302	9.724287302648511e-06
1.878949625409922	8.471713898598044e-06
2.043487520675541	7.352330180177218e-06
2.20802541594116	6.359716991288655e-06
2.372563311206779	5.485383669903954e-06
2.537101206472398	4.719625152814905e-06
2.701639101738017	4.052213781950383e-06
2.866176997003636	3.472917314653372e-06
3.030714892269256	2.971861245027718e-06
3.195252787534875	2.539763325314535e-06
3.359790682800494	2.168069240998288e-06
3.524328578066113	1.849015413603812e-06
3.688866473331732	1.575640452636642e-06
3.853404368597351	1.341762178609612e-06
4.01794226386297	1.141933005208859e-06
4.182480159128589	9.713830226483103e-07
4.347018054394209	8.259573879779138e-07
4.511555949659828	7.020525309917957e-07
4.676093844925447	5.455086941142349e-07
4.840631740191066	3.827538131703251e-07
5.005169635456685	2.769138012594691e-07
5.169707530722304	2.038028088405265e-07
5.334245425987923	1.512969601772931e-07
5.498783321253542	1.127075067830015e-07
5.663321216519162	8.399098998191839e-08
5.827859111784781	6.250190434048485e-08
5.9923970070504	4.63997048710134e-08
6.156934902316019	3.434811913237281e-08
6.321472797581638	2.53512278407934e-08
6.486010692847257	1.865644462105619e-08
6.650548588112876	1.369195817612348e-08
6.815086483378495	1.002320219421323e-08
6.979624378644115	7.320809610608133e-09
7.144162273909734	5.336197536897348e-09
7.308700169175353	3.882656883199459e-09
7.473238064440972	2.820638080290533e-09
7.637775959706591	2.046327712571085e-09
7.80231385497221	1.482830742707106e-09
7.966851750237829	1.073412562911052e-09
8.131389645503448	7.763580997215942e-10
8.295927540769068	5.610888311994046e-10
8.460465436034687	4.052490468307471e-10
8.625003331300306	2.925321677882821e-10
8.789541226565925	2.11067484875294e-10
8.954079121831544	1.522281811158464e-10
9.118617017097163	1.09754030816562e-10
9.283154912362782	7.910785038416399e-11
9.447692807628401	5.700476596580728e-11
9.612230702894021	4.106873041930543e-11
9.77676859815964	2.958241345279159e-11
9.941306493425259	2.130540562716823e-11
10.10584438869088	1.534227715972438e-11
10.2703822839565	1.104694285962059e-11
10.43492017922212	7.953418751617809e-12
10.59945807448774	5.725733921797319e-12
10.76399596975335	4.12172720408486e-12
10.92853386501897	2.966897291522076e-12
11.09307176028459	2.135525274420259e-12
11.25760965555021	1.53705370310839e-12
11.42214755081583	1.106262509915609e-12
11.58668544608145	7.961858820953495e-13
11.75122334134707	5.730068636878494e-13
11.91576123661269	4.123783959024396e-13
12.08029913187831	2.967728172935753e-13
12.24483702714393	2.135726615673504e-13
12.40937492240955	1.536956364714356e-13
12.57391281767516	1.106044527760984e-13
12.73845071294078	7.959386776546141e-14
12.9029886082064	5.727738067295148e-14
13.06752650347202	4.121770017160926e-14
13.23206439873764	2.966073260304691e-14
13.39660229400326	2.134410164104323e-14
13.56114018926888	1.535932379792228e-14
13.7256780845345	1.105260864060135e-14
13.89021597980012	7.953461807733002e-15
14.05475387506574	5.723300039557349e-15
14.21929177033136	4.118469941419083e-15
14.38382966559698	2.963633535016465e-15
14.54836756086259	2.132614868158554e-15
14.71290545612821	1.534616271764306e-15
14.87744335139383	1.10429901437961e-15
15.04198124665945	7.946450141963104e-16
15.20651914192507	5.718199398989574e-16
15.37105703719069	4.114765927860249e-16
15.53559493245631	2.96094762758761e-16
15.70013282772193	2.130669580666981e-16
15.86467072298755	1.5332088108507e-16
16.02920861825316	1.103281549238914e-16
16.19374651351878	7.939100058002492e-17
16.3582844087844	5.712892952714145e-17
16.52282230405002	4.110936842463134e-17
16.68736019931563	2.95818577441219e-17
16.85189809458125	2.128678222871702e-17
17.01643598984687	1.531773435416473e-17
17.18097388511249	1.102247194041376e-17
17.3455117803781	7.931647949994261e-18
17.51004967564372	5.707525003499159e-18
17.67458757090934	4.107070771882114e-18
17.83912546617496	2.955401745896785e-18
18.00366336144057	2.126673617484913e-18
18.16820125670619	1.530330181122847e-18
18.33273915197181	1.101208178916194e-18
18.49727704723743	7.924168472541162e-19
18.66181494250304	5.702141121477091e-19
18.82635283776866	4.103195532591366e-19
18.99089073303428	2.952612521421723e-19
19.15542862829989	2.124666128792384e-19
19.31996652356551	1.528885374338128e-19
19.48450441883113	1.100168365459134e-19
19.64904231409675	7.916685196534985e-20
19.81358020936236	5.696755694024829e-20
19.97811810462798	4.099319906381274e-20
20.1426559998936	2.949823461170747e-20
20.30719389515922	2.122659028472818e-20
20.47173179042483	1.527441011956325e-20
20.63626968569045	1.099128972467936e-20
20.80080758095607	7.909205560712167e-21
20.96534547622169	5.691373261144044e-21
21.1298833714873	4.095446664020539e-21
21.29442126675292	2.947036256089778e-21
21.45895916201854	2.120653348435946e-21
21.62349705728415	1.525997723676614e-21
21.78803495254977	1.09809038418058e-21
21.95257284781539	7.901731909511293e-22
22.11711074308101	5.685995253189256e-22
22.28164863834662	4.091576678096134e-22
22.44618653361224	2.944251438442439e-22
22.61072442887786	2.118649413312331e-22
22.77526232414348	1.524555707463155e-22
22.93980021940909	1.097052721296824e-22
23.10433811467471	7.894264978690177e-23
23.26887600994033	5.680622118549899e-23
23.43341390520595	4.087710221787569e-23
23.59795180047156	2.941469174604374e-23
23.76248969573718	2.116647324388663e-23
23.9270275910028	1.523115024947462e-23
24.09156548626841	1.096016021296848e-23
24.25610338153403	7.886804996021413e-24
24.42064127679965	5.675253995533465e-24
24.58517917206527	4.083847378995694e-24
24.74971706733088	2.938689515412735e-24
24.9142549625965	2.114647112425272e-24
25.07879285786212	1.521675694710775e-24
25.24333075312774	1.094980295382358e-24
25.40786864839335	7.879352028870408e-25
25.57240654365897	5.669890924532937e-25
25.73694443892459	4.079988173853207e-25
25.90148233419021	2.93591247522157e-25
26.06602022945582	2.112648785912854e-25
26.23055812472144	1.520237721740768e-25
26.39509601998706	1.093945546457456e-25
26.55963391525268	7.87190609395358e-26
26.72417181051829	5.664532915024998e-26
26.88870970578391	4.076132611621471e-26
27.05324760104953	2.933138056865903e-26
27.21778549631514	2.110652346310962e-26
27.38232339158076	1.518801106733367e-26
27.54686128684638	1.092911774806622e-26
27.711399182112	7.864467191997699e-27
27.87593707737761	5.659179966726672e-27
28.04047497264323	4.072280691604904e-27
28.20501286790885	2.930366259544897e-27
28.36955076317447	2.108657792860005e-27
28.53408865844008	1.51736584903009e-27
28.6986265537057	1.091878979887719e-27
28.86316444897132	7.857035318684647e-28
29.02770234423694	5.653832076276191e-28
29.19224023950255	4.068432411229065e-28
29.35677813476817	2.92759708131118e-28
29.52131603003379	2.106665124100802e-28
29.6858539252994	1.515931947545585e-28
29.85039182056502	1.090847160898169e-28
30.01492971583064	7.849610468107534e-29
30.17946761109626	5.64848923934266e-29
30.34400550636187	4.064587767328426e-29
30.50854340162749	2.924830519856936e-29
30.67308129689311	2.104674338354386e-29
30.83761919215873	1.514499401060534e-29
31.00215708742434	1.089816316953758e-29
31.16669498268996	7.842192633862066e-30
31.33123287795558	5.643151451292237e-30
31.4957707732212	4.060746756553042e-30
31.66030866848681	2.922066572762123e-30
31.82484656375243	2.102685433873557e-30
31.98938445901805	1.513068208314146e-30
32.15392235428367	1.08878644714508e-30
