0
1000	1.0219978922	100000000000000.1
5	0	0	1
5	0	0	0
0.03786664528905326	0.2183306589179887
0.07008107716161713	0.6569534851061291
0.102295509034181	1.098296908074889
0.1345099409067449	1.542489412102907
0.1667243727793087	1.989661999322766
0.1989388046518726	2.439948222269021
0.2311532365244365	2.893484221824922
0.2633676683970003	3.350408770404537
0.2955821002695642	3.810863320219759
0.3277965321421281	4.274992056494377
0.360010964014692	4.742941955499945
0.3922253958872559	5.214862847300392
0.4244398277598198	5.690907483104456
0.4566542596323837	6.171231607136739
0.4888686915049476	6.655994032949689
0.5210831233775115	7.145356724110068
0.5532975552500754	7.639484879204244
0.5855119871226393	8.138547021117374
0.6177264189952032	8.642715090551675
0.6499408508677671	9.152164543759127
0.682155282740331	9.667074454473475
0.7143697146128949	10.1876276200359
0.7465841464854588	10.71401067171789
0.7787985783580227	11.24641418925362
0.8110130102305866	11.78503281960274
0.8432274421031505	12.33006539997309
0.8754418739757144	12.88171508514073
0.9076563058482783	13.44018947911279
0.9398707377208422	14.00570077118657
0.9720851695934061	14.57846587646542
1.00429960146597	15.15870554528795
1.036514033338534	15.74664593191239
1.068728465211098	16.34252195634402
1.100942897083662	16.94657010159137
1.133157328956226	17.55903213584456
1.165371760828789	18.18015852086998
1.197586192701353	18.81020463034054
1.229800624573917	19.44942746042029
1.262015056446481	20.09809565395334
1.294229488319045	20.75648240751093
1.326443920191609	21.42486405990665
1.358658352064173	22.10352890208115
1.390872783936737	22.79276909364675
1.423087215809301	23.49288620422793
1.455301647681865	24.20418994657825
1.487516079554428	24.92698867272399
1.519730511426992	25.66161347630163
1.551944943299556	26.40838818524947
1.58415937517212	27.16765653144256
1.616373807044684	27.93976213787593
1.648588238917248	28.72506234665665
1.680802670789812	29.52392249961829
1.713017102662376	30.33671483705543
1.74523153453494	31.16382770502437
1.777445966407504	32.00564861006201
1.809660398280067	32.86258766013216
1.841874830152631	33.73505447856302
1.874089262025195	34.62347197156615
1.906303693897759	35.52828134044216
1.938518125770323	36.44992217608353
1.970732557642887	37.38885537761787
2.002946989515451	38.3455501826968
2.035161421388014	39.32048639784568
2.067375853260578	40.31416129392706
2.099590285133142	41.32708140896628
2.131804717005705	42.35976987535567
2.164019148878269	43.41276454930487
2.196233580750833	44.48660200743075
2.228448012623396	45.58185162959133
2.26066244449596	46.69909796250035
2.292876876368524	47.8389085004074
2.325091308241087	49.00192029671676
2.357305740113651	50.18874585569474
2.389520171986215	51.40002593522847
2.421734603858778	52.63643157708808
2.453949035731342	53.89862933584797
2.486163467603906	55.1873151500256
2.518377899476469	56.50320497231341
2.550592331349033	57.84702215032409
2.582806763221597	59.21952405434696
2.61502119509416	60.62147776760023
2.647235626966724	62.05370253083824
2.679450058839288	63.51695993965225
2.711664490711851	65.01212238834044
2.743878922584415	66.54004297728265
2.776093354456979	68.10159273114476
2.808307786329542	69.69770463848313
2.840522218202106	71.32927953044555
2.87273665007467	72.99728814871069
2.904951081947234	74.70269679961844
2.937165513819797	76.44655895460447
2.969379945692361	78.22985690031602
3.001594377564925	80.0536915413782
3.033808809437488	81.91915487925243
3.066023241310052	83.82734487970299
3.098237673182616	85.77942708745914
3.130452105055179	87.77660857362862
3.162666536927743	89.82009044821082
3.194880968800307	91.91114015672102
3.22709540067287	94.05101327877958
3.259309832545434	96.24104200549243
3.291524264417998	98.48264255908153
3.323738696290561	100.7771455615133
3.355953128163125	103.1260189417996
3.388167560035689	105.5307067796648
3.420381991908252	107.9927739229061
3.452596423780816	110.5137386001433
3.48481085565338	113.0952251651793
3.517025287525943	115.7388670863751
3.549239719398507	118.4463690401193
3.581454151271071	121.2194582674176
3.613668583143634	124.0599485314845
3.645883015016198	126.9696351038793
3.678097446888762	129.9504545139419
3.710311878761325	133.0043147019117
3.742526310633889	136.1332320049623
3.774740742506453	139.3392570967191
3.806955174379016	142.6244742884456
3.83916960625158	145.9910966792422
3.871384038124144	149.4413053747359
3.903598469996707	152.9774563595109
3.935812901869271	156.6018145274193
3.968027333741835	160.3168695706916
4.000241765614398	164.125151264576
4.032456197486963	168.0291421538082
4.064670629359527	172.0314943791078
4.096885061232091	176.1349977656684
4.129099493104655	180.3423524013321
4.161313924977219	184.6565034100207
4.193528356849783	189.0803145817615
4.225742788722347	193.6168287079031
4.257957220594911	198.1868479390246
4.290171652467476	202.9032563778284
4.32238608434004	207.7912740605193
4.354600516212604	212.7457382941972
4.386814948085168	217.9336108131606
4.419029379957732	223.2323564789577
4.451243811830296	228.8425039788961
4.48345824370286	234.7011627261725
4.515672675575424	240.935500093849
4.547887107447989	247.7994064642305
4.580101539320553	261.4104526350559
4.612315971193117	271.565347787328
4.644530403065681	287.1073853204691
4.676744834938245	306.7256401154338
4.708959266810809	324.5993792233925
4.741173698683373	350.9472809900706
4.773388130555937	376.3865360838104
4.805602562428501	409.5972282581204
4.837816994301066	444.6311569637427
4.87003142617363	491.0577536508315
4.902245858046194	564.8096456932385
4.934460289918758	616.4728859552134
4.966674721791322	690.9691973377145
4.998889153663886	758.3802313795569
5.03110358553645	860.1623236217754
5.063318017409014	946.7738896715595
5.095532449281579	1069.876327088587
5.127746881154143	1174.417645245922
5.159961313026707	1321.656191127707
5.192175744899271	1459.093061208048
5.224390176771835	1653.247981049347
5.256604608644399	1824.125090779999
5.288819040516963	2060.974984968982
5.321033472389527	2274.505514019264
5.353247904262092	2546.255635054278
5.385462336134656	2822.107540707981
5.41767676800722	3133.085814728083
5.449891199879784	3506.58223014371
5.482105631752348	3885.620153563432
5.514320063624912	4337.986730324546
5.546534495497476	4806.202077339647
5.57874892737004	5352.329398585426
5.610963359242604	5927.521865751139
5.643177791115169	6569.056262851752
5.675392222987733	7306.976397010879
5.707606654860297	8089.688634836671
5.739821086732861	8993.799590601586
5.772035518605425	9936.748243046062
5.804249950477989	11001.1755381915
5.836464382350553	12190.80638362408
5.868678814223117	13486.99050821595
5.900893246095682	14912.94511310661
5.933107677968246	16518.89562802696
5.96532210984081	18257.90251172781
5.997536541713374	20220.780488445
6.029750973585938	22325.91765160001
6.061965405458502	24663.31989313585
6.094179837331066	27266.62337511288
6.12639426920363	30105.60200917633
6.158608701076195	33239.07046702569
6.190823132948759	36748.16199295699
6.223037564821323	40552.43086534959
6.255251996693887	44753.59307462396
6.287466428566451	49439.27133503865
6.319680860439015	54541.11430991675
6.351895292311579	60170.88240775765
6.384109724184143	66388.49746274757
6.416324156056707	73260.79025123168
6.448538587929272	80804.50259652614
6.480753019801836	89122.07587483758
6.5129674516744	98336.47578384144
6.545181883546964	108432.003175916
6.577396315419528	119563.0075843824
6.609610747292092	131883.0200131807
6.641825179164656	145390.180050741
6.67403961103722	160281.9126246427
6.706254042909785	176698.6694862722
6.738468474782349	194814.5840345437
6.770682906654913	214736.8903819601
6.802897338527477	236690.8379110927
6.835111770400041	260929.8981568726
6.867326202272605	287574.5314297336
6.899540634145169	316930.9424419156
6.931755066017733	349281.5209890519
6.963969497890298	384960.1568750317
6.996183929762862	424213.6500676533
7.028398361635426	467459.3767485872
7.06061279350799	515109.0839770167
7.092827225380554	567623.0574148449
7.125041657253118	625447.5843813184
7.157256089125682	689143.7625433865
7.189470520998246	759316.6383140803
7.22168495287081	836658.0119345298
7.253899384743375	921798.1453361774
7.286113816615939	1015607.132150556
7.318328248488503	1118932.536504758
7.350542680361067	1232798.866370328
7.382757112233631	1358165.245336448
7.414971544106195	1496281.072686787
7.447185975978759	1648413.344200075
7.479400407851323	1816028.258039496
7.511614839723888	2000614.660883512
7.543829271596452	2203948.325927892
7.576043703469016	2427941.143208584
7.60825813534158	2674662.604506457
7.640472567214144	2946475.970351433
7.672686999086708	3245820.542989415
7.704901430959272	3575563.698263088
7.737115862831836	3938785.061731309
7.769330294704401	4338867.323277527
7.801544726576965	4779600.300769114
7.833759158449529	5265018.336598666
7.865973590322093	5799704.642185664
7.898188022194657	6388667.535640527
7.930402454067221	7037439.353442707
7.962616885939785	7752004.397224539
7.994831317812349	8539101.475811653
8.027045749684913	9406079.202373451
8.059260181557477	10361056.00210564
8.091474613430041	11412941.66723228
8.123689045302605	12571620.23947402
8.155903477175169	13847834.87173436
8.188117909047733	15253562.15156878
8.220332340920297	16801947.03346857
8.252546772792861	18507474.99808522
8.284761204665426	20386117.98059047
8.31697563653799	22455345.33873251
8.349190068410554	24734553.86670017
8.381404500283118	27245054.16246152
8.413618932155682	30010313.46992087
8.445833364028246	33056223.97880481
8.47804779590081	36411168.08345885
8.510262227773374	40106557.78905626
8.542476659645938	44176937.56265359
8.574691091518503	48660356.64674201
8.606905523391067	53598726.39961176
8.639119955263631	59038279.28882582
8.671334387136195	65029704.54124578
8.703548819008759	71629104.83818243
8.735763250881323	78898163.11620006
8.767977682753887	86904826.99024639
8.800192114626451	95723934.59690048
8.832406546499016	105438004.4388497
8.86462097837158	116137677.1410415
8.896835410244144	127923057.9216254
8.929049842116708	140904309.1146692
8.961264273989272	155202772.3848834
8.993478705861836	170952101.0458402
9.0256931377344	188299550.6787129
9.057907569606964	207407188.8896197
9.090122001479529	228453666.4068406
9.122336433352093	251635712.9647877
9.154550865224657	277170022.9967117
9.186765297097221	305295273.4087988
9.218979728969785	336274364.6290042
9.251194160842349	370396911.421962
9.283408592714913	407981758.3897155
9.315623024587477	449380276.0013667
9.347837456460041	494979432.0966396
9.380051888332606	545205453.7352113
9.41226632020517	600527823.4731083
9.444480752077734	661463634.9602845
9.476695183950298	728582533.401605
9.508909615822862	802511769.0094311
9.541124047695426	883942455.6635187
9.57333847956799	973635718.6818037
9.605552911440554	1072429947.42195
9.637767343313119	1181248590.633557
9.669981775185683	1301108783.33281
9.702196207058247	1433130924.354844
9.734410638930811	1578548956.326492
9.766625070803375	1738722175.846385
9.798839502675939	1915147733.910779
9.831053934548503	2109474709.937639
9.863268366421067	2323519506.889172
9.895482798293632	2559282809.061581
9.927697230166196	2818968333.7425
9.95991166203876	3105003445.781796
9.992126093911324	3420061615.313791
10.02434052578389	3767087792.34676
10.05655495765645	4149325677.017395
10.08876938952902	4570348057.818048
10.12098382140158	5034090268.251315
10.15319825327414	5544886943.510282
10.18541268514671	6107512538.848688
10.21762711701927	6727226012.680425
10.24984154889184	7409819737.475159
10.2820559807644	8161674031.581536
10.31427041263697	8989816529.221693
10.34648484450953	9901987896.731651
10.37869927638209	10906714255.25985
10.41091370825466	12013386812.11174
10.44312814012722	13232349706.00854
10.47534257199979	14574996645.57019
10.50755700387235	16053877323.59887
10.53977143574491	17682814915.31154
10.57198586761748	19477035159.43459
10.60420029949004	21453308669.14336
10.63641473136261	23630107703.26931
10.66862916323517	26027778825.36764
10.70084359510773	28668733109.6633
10.7330580269803	31577655568.05039
10.76527245885286	34781735991.5099
10.79748689072543	38310922771.49584
10.82970132259799	42198203303.83471
10.86191575447056	46479911971.05545
10.89413018634312	51196069879.36325
10.92634461821568	56390758889.04046
10.95855905008825	62112533696.39977
10.99077348196081	68414875603.47948
11.02298791383338	75356692467.38588
11.05520234570594	83002869357.13817
11.0874167775785	91424874714.99182
11.11963120945107	100701428863.1691
11.15184564132363	110919239408.2263
11.1840600731962	122173811845.7789
11.21627450506876	134570342210.1559
11.24848893694132	148224700291.2886
11.28070336881389	163264512745.9128
11.31291780068645	179830355895.6336
11.34513223255902	198077069763.199
11.37734666443158	218175205380.6526
11.40956109630415	240312618689.212
11.44177552817671	264696226695.073
11.47398996004927	291553941311.5783
11.50620439192184	321136799666.3892
11.5384188237944	353721310483.4855
11.57063325566697	389612038627.4129
11.60284768753953	429144451757.8521
11.63506211941209	472688055949.2436
11.66727655128466	520649849331.5742
11.69949098315722	573478126334.9398
11.73170541502979	631666667837.266
11.76391984690235	695759356117.0114
11.79613427877491	766355258938.5011
11.82834871064748	844114228581.8929
11.86056314252004	929763069471.0938
11.89277757439261	1024102331469.911
11.92499200626517	1128013792406.964
11.95720643813774	1242468699948.56
11.9894208700103	1368536849603.434
12.02163530188286	1507396583969.917
12.05384973375543	1660345806350.618
12.08606416562799	1828814112051.089
12.11827859750056	2014376150209.027
12.15049302937312	2218766342231.04
12.18270746124568	2443895092590.563
12.21492189311825	2691866645084.782
12.24713632499081	2964998750644.989
12.27935075686338	3265844330809.737
12.31156518873594	3597215339248.994
12.3437796206085	3962209044373.195
12.37599405248107	4364236978897.193
12.40820848435363	4807056826137.487
12.4404229162262	5294807542299.865
12.47263734809876	5832048042286.434
12.50485177997133	6423799810305.227
12.53706621184389	7075593834723.434
12.56928064371645	7793522304119.926
12.60149507558902	8584295549482.219
12.63370950746158	9455304763596.25
12.66592393933415	10414691084282.37
12.69813837120671	11471421687484.79
12.73035280307927	12635373599883.95
12.76256723495184	13917426016925.57
12.7947816668244	15329561986985.51
12.82699609869697	16884980412879.67
12.85921053056953	18598219418367.01
12.89142496244209	20485292229578.82
12.92363939431466	22563836846544.09
12.95585382618722	24853280898798.72
12.98806825805979	27375023228308.14
13.02028268993235	30152633898241.36
13.05249712180492	33212074491555.46
13.08471155367748	36581940765729.43
13.11692598555004	40293729926240.48
13.14914041742261	44382135018932.53
13.18135484929517	48885369192158.55
13.21356928116774	53845522861515.45
13.2457837130403	59308957110127.12
13.27799814491286	65326737008331.7
13.31021257678543	71955108897787.94
13.34242700865799	79256026101879.53
13.37464144053056	87297727979735.95
13.40685587240312	96155377727577.48
13.43907030427568	105911764898155.8
13.47128473614825	116658079198224.9
13.50349916802081	128494762797953.4
13.53571359989338	141532449119883.5
13.56792803176594	155892996877559.8
13.60014246363851	171710629033631.4
13.63235689551107	189133187318884.1
13.66457132738363	208323514038498.8
13.6967857592562	229460974082578
13.72900019112876	252743131360638.9
13.76121462300133	278387595335320
13.79342905487389	306634054909385.9
13.82564348674645	337746518677121.6
13.85785791861902	372015782478047
13.89007235049158	409762147315514.5
13.92228678236415	451338413041984.9
13.95450121423671	497133175792757.6
13.98671564610927	547574459985391.2
14.01893007798184	603133718833899.2
14.0511445098544	664330240760125.6
14.08335894172697	731736002896333.9
14.11557337359953	805981017033528.2
14.1477878054721	887759217983320.4
14.18000223734466	977834949388504.5
14.21221666921722	1077050107597928
14.24443110108979	1186332010376228
14.27664553296235	1306702063991659
14.30885996483492	1439285309685116
14.34107439670748	1585320938747182
14.37328882858004	1746173874476070
14.40550326045261	1923347529265784
14.43771769232517	2118497856056706
14.46993212419774	2333448825473984
14.5021465560703	2570209473308804
14.53436098794286	2830992677669896
14.56657541981543	3118235841300326
14.59878985168799	3434623672363845
14.63100428356056	3783113276606459
14.66321871543312	4166961795427156
14.69543314730569	4589756848132852
14.72764757917825	5055450062939133
14.75986201105081	5568394010069490
14.79207644292338	6133382882152364
14.82429087479594	6755697302114562
14.85650530666851	7441153677346898
14.88871973854107	8196158561424482
14.92093417041363	9027768531442080
14.9531486022862	9943756140586562
14.98536303415876	1.095268256234785e+16
15.01757746603133	1.206397760531143e+16
15.04979189790389	1.32880278463357e+16
15.08200632977645	1.46362737058517e+16
15.11422076164902	1.61213163725139e+16
15.14643519352158	1.77570355765646e+16
15.17864962539415	1.95587193125927e+16
15.21086405726671	2.15432067241137e+16
15.24307848913928	2.372904548534114e+16
15.27529292101184	2.613666515107952e+16
15.3075073528844	2.878856809480085e+16
15.33972178475697	3.170953981954794e+16
15.37193621662953	3.492688060706286e+16
15.4041506485021	3.847066067023515e+16
15.43636508037466	4.237400119350122e+16
15.46857951224722	4.667338388777378e+16
15.50079394411979	5.140899195297371e+16
15.53300837599235	5.662508563487098e+16
15.56522280786492	6.237041588602451e+16
15.59743723973748	6.869867999623785e+16
15.62965167161004	7.566902345553402e+16
15.66186610348261	8.33465927274083e+16
15.69408053535517	9.180314411638134e+16
15.72629496722774	1.011177144060051e+17
15.7585093991003	1.113773595410914e+17
15.79072383097287	1.226779682562956e+17
15.82293826284543	1.3512515825822e+17
15.85515269471799	1.488352633282581e+17
15.88736712659056	1.639364205833536e+17
15.91958155846312	1.805697680461996e+17
15.95179599033569	1.988907637235072e+17
15.98401042220825	2.19070638512863e+17
16.01622485408081	2.412979965300788e+17
16.04843928595338	2.657805777925353e+17
16.08065371782594	2.927471997561304e+17
16.11286814969851	3.224498958328362e+17
16.14508258157107	3.55166270884127e+17
16.17729701344363	3.91202095699572e+17
16.2095114453162	4.308941647165604e+17
16.24172587718876	4.746134436310335e+17
16.27394030906133	5.227685365261484e+17
16.30615474093389	5.758095045170136e+17
16.33836917280646	6.342320720487023e+17
16.37058360467902	6.985822598682377e+17
16.40279803655158	7.694614880679195e+17
16.43501246842415	8.475321968685311e+17
16.46722690029671	9.335240377319395e+17
16.49944133216928	1.028240692529627e+18
16.53165576404184	1.132567384654608e+18
16.5638701959144	1.247479152167795e+18
16.59608462778697	1.374049960331906e+18
16.62829905965953	1.513462738705513e+18
16.6605134915321	1.667020436487219e+18
16.69272792340466	1.836158199815671e+18
16.72494235527722	2.022456784116101e+18
16.75715678714979	2.227657327608515e+18
16.78937121902235	2.453677623557006e+18
16.82158565089492	2.702630043502173e+18
16.85380008276748	2.976841279908756e+18
16.88601451464005	3.278874085996007e+18
16.91822894651261	3.611551236252509e+18
16.95044337838517	3.97798189754164e+18
16.98265781025774	4.38159069135555e+18
17.0148722421303	4.826149698322149e+18
17.04708667400287	5.315813710898311e+18
17.07930110587543	5.855159062711697e+18
17.11151553774799	6.449226397512974e+18
17.14372996962056	7.103567777254882e+18
17.17594440149312	7.824298569749577e+18
17.20815883336569	8.618154600690249e+18
17.24037326523825	9.492555104158405e+18
17.27258769711081	1.045567205998973e+19
17.30480212898338	1.151650656585248e+19
17.33701656085594	1.268497295797603e+19
17.36923099272851	1.397199146636114e+19
17.40144542460107	1.538959027069549e+19
17.43365985647364	1.695101791051567e+19
17.4658742883462	1.867086710021047e+19
17.49808872021876	2.056521110611038e+19
17.53030315209133	2.26517539571715e+19
17.56251758396389	2.496844700922716e+19
17.59473201583646	2.750193021546388e+19
17.62694644770902	3.029247935323317e+19
17.65916087958158	3.336617822774611e+19
17.69137531145415	3.675175731097426e+19
17.72358974332671	4.048086226824072e+19
17.75580417519928	4.45883497679408e+19
17.78801860707184	4.911261330635117e+19
17.82023303894441	5.409594205584538e+19
17.85244747081697	5.958491615924794e+19
17.88466190268953	6.563084215277011e+19
17.9168763345621	7.229023246110555e+19
17.94909076643466	7.962533372563658e+19
17.98130519830723	8.770470855042782e+19
18.01351963017979	9.660387646282668e+19
18.04573406205235	1.064060196779553e+20
18.07794849392492	1.172027607689776e+20
18.11016292579748	1.290950190039621e+20
18.14237735767005	1.421939536075154e+20
18.17459178954261	1.566220028972316e+20
18.20680622141517	1.72514028648864e+20
18.23902065328774	1.900185767631615e+20
18.2712350851603	2.09299265603316e+20
18.30344951703287	2.305363155795061e+20
18.33566394890543	2.539282335438393e+20
18.367878380778	2.796936682808151e+20
18.40009281265056	3.080734543597426e+20
18.43230724452312	3.393328631530331e+20
18.46452167639569	3.737640824469138e+20
18.49673610826825	4.116889476100103e+20
18.52895054014082	4.534619496583296e+20
18.56116497201338	4.994735490468408e+20
18.59337940388594	5.501538251202124e+20
18.62559383575851	6.059764962810482e+20
18.65780826763107	6.674633479769762e+20
18.69002269950364	7.35189109683453e+20
18.7222371313762	8.097868273367073e+20
18.75445156324876	8.919537802995064e+20
18.78666599512133	9.824579990303463e+20
18.81888042699389	1.082145444163732e+21
18.85109485886646	1.191947913541629e+21
18.88330929073902	1.312891752225487e+21
18.91552372261159	1.446107445787984e+21
18.94773815448415	1.592840187186249e+21
18.97995258635671	1.754461515922863e+21
19.01216701822928	1.932482137885863e+21
19.04438145010184	2.128566046451605e+21
19.07659588197441	2.344546076448307e+21
19.10881031384697	2.582441033717139e+21
19.14102474571953	2.84447457006428e+21
19.1732391775921	3.133095963291426e+21
19.20545360946466	3.45100301372163e+21
19.23766804133723	3.80116725983711e+21
19.26988247320979	4.186861755126297e+21
19.30209690508235	4.611691660737571e+21
19.33431133695492	5.079627944129131e+21
19.36652576882748	5.595044496441017e+21
19.39874020070005	6.162759016197556e+21
19.43095463257261	6.788078040803805e+21
19.46316906444518	7.476846548238774e+21
19.49538349631774	8.235502591675192e+21
19.5275979281903	9.07113747538469e+21
19.55981236006287	9.991562040671816e+21
19.59202679193543	1.100537967370736e+22
19.624241223808	1.212206672342378e+22
19.65645565568056	1.335206105882511e+22
19.68867008755312	1.470685975144752e+22
19.72088451942569	1.619912627384383e+22
19.75309895129825	1.784280918585004e+22
19.78531338317082	1.965327227383401e+22
19.81752781504338	2.164743829320556e+22
19.84974224691594	2.384394714975888e+22
19.88195667878851	2.626332996461518e+22
19.91417111066107	2.892820123844255e+22
19.94638554253364	3.186346996773173e+22
19.9785999744062	3.509657272071634e+22
20.01081440627877	3.865772994561816e+22
20.04302883815133	4.258022843114167e+22
20.07524327002389	4.690073273000353e+22
20.10745770189646	5.165962687913929e+22
20.13967213376902	5.6901393710336e+22
20.17188656564159	6.267502888503606e+22
20.20410099751415	6.9034499632248e+22
20.23631542938671	7.60392491727559e+22
20.26852986125928	8.375475227570527e+22
20.30074429313184	9.22531271908586e+22
20.33295872500441	1.016138099636643e+23
20.36517315687697	1.119242964692532e+23
20.39738758874953	1.23280961016792e+23
20.4296020206221	1.357899564981567e+23
20.46181645249466	1.4956820684099e+23
20.49403088436723	1.647445000333006e+23
20.52624531623979	1.81460691820009e+23
20.55845974811236	1.998730316153428e+23
20.59067417998492	2.201536230892617e+23
20.62288861185748	2.424920329242929e+23
20.65510304373005	2.67097062404282e+23
20.68731747560261	2.941986995669193e+23
20.71953190747518	3.240502684669917e+23
20.75174633934774	3.569307975580847e+23
20.7839607712203	3.931476274462211e+23
20.81617520309287	4.330392837224313e+23
20.84838963496543	4.769786413753537e+23
20.880604066838	5.253764100237464e+23
20.91281849871056	5.786849728101567e+23
20.94503293058312	6.374026151009223e+23
20.97724736245569	7.02078181922809e+23
21.00946179432825	7.733162085939882e+23
21.04167622620082	8.5178256987728e+23
21.07389065807338	9.382107061365523e+23
21.10610508994595	1.033408477996482e+24
21.13831952181851	1.138265716660398e+24
21.17053395369107	1.253762543017826e+24
21.20274838556364	1.380978528541123e+24
21.2349628174362	1.521102784138782e+24
21.26717724930877	1.675445079366481e+24
21.29939168118133	1.845448079858093e+24
21.33160611305389	2.032700836538459e+24
21.36382054492646	2.238953636792451e+24
21.39603497679902	2.466134364567565e+24
21.42824940867159	2.716366521489176e+24
21.46046384054415	2.991989075607813e+24
21.49267827241671	3.295578322710477e+24
21.52489270428928	3.629971969481468e+24
21.55710713616184	3.998295657511462e+24
21.58932156803441	4.403992177506038e+24
21.62153599990697	4.850853652238335e+24
21.65375043177954	5.343056981014136e+24
21.6859648636521	5.885202881453009e+24
21.71817929552466	6.482358894064838e+24
21.75039372739723	7.140106750667654e+24
21.78260815926979	7.864594543272685e+24
21.81482259114236	8.662594197497805e+24
21.84703702301492	9.541564765803532e+24
21.87925145488748	1.050972215067729e+25
21.91146588676005	1.157611589375616e+25
21.94368031863261	1.275071362895155e+25
21.97589475050518	1.40444950998702e+25
22.00810918237774	1.54695529113093e+25
22.0403236142503	1.703920712962904e+25
22.07253804612287	1.876813098705716e+25
22.10475247799543	2.067248362672707e+25
22.136966909868	2.277006673903124e+25
22.16918134174056	2.508048391029853e+25
22.20139577361313	2.762533473186835e+25
22.23361020548569	3.042840482516243e+25
22.26582463735825	3.351589414534786e+25
22.29803906923082	3.691666345809409e+25
22.33025350110338	4.066249989951183e+25
22.36246793297595	4.47884158710012e+25
22.39468236484851	4.933297803388819e+25
22.42689679672107	5.433866510238051e+25
22.45911122859364	5.985226521214785e+25
22.4913256604662	6.592531663606265e+25
22.52354009233877	7.261458410498454e+25
22.55575452421133	7.998259332804912e+25
22.58796895608389	8.809821557978238e+25
22.62018338795646	9.703730816086437e+25
22.65239781982902	1.068834263610458e+26
22.68461225170159	1.177286049034444e+26
22.71682668357415	1.296742146621236e+26
22.74904111544672	1.428319130868928e+26
22.78125554731928	1.573246892629886e+26
22.81346997919184	1.732880085809782e+26
22.84568441106441	1.908710830987509e+26
22.87789884293697	2.102382663316323e+26
22.91011327480954	2.315705859940086e+26
22.9423277066821	2.550674378851398e+26
22.97454213855466	2.809484547430952e+26
23.00675657042723	3.094555493365066e+26
23.03897100229979	3.408551816063081e+26
23.07118543417236	3.754408527635068e+26
23.10339986604492	4.135358396427187e+26
23.13561429791748	4.554962217468921e+26
23.16782872979005	5.017142138149644e+26
23.20004316166261	5.526218221561347e+26
23.23225759353518	6.08694887723293e+26
23.26447202540774	6.704575447071782e+26
23.29668645728031	7.384870920186812e+26
23.32890088915287	8.13419411100524e+26
23.36111532102543	8.959549199675626e+26
23.393329752898	9.868650840600317e+26
23.42554418477056	1.086999660697318e+27
23.45775861664313	1.197294634172036e+27
23.48997304851569	1.318780946639951e+27
23.52218748038825	1.452594190455626e+27
23.55440191226082	1.599984824393822e+27
23.58661634413338	1.762331161314566e+27
23.61883077600595	1.941150328420771e+27
23.65104520787851	2.138113569196626e+27
23.68325963975107	2.355061837842638e+27
23.71547407162364	2.594024234244204e+27
23.7476885034962	2.85723274796116e+27
23.77990293536877	3.147148263641514e+27
23.81211736724133	3.466481581238239e+27
23.8443317991139	3.818215956982362e+27
23.87654623098646	4.205636467996094e+27
23.90876066285902	4.632375521904168e+27
23.94097509473159	5.102410032175926e+27
23.97318952660415	5.620138967569968e+27
24.00540395847672	6.190398715315077e+27
24.03761839034928	6.818525735465172e+27
24.06983282222184	7.510379316878572e+27
24.10204725409441	8.272437343485884e+27
24.13426168596697	9.111819804531772e+27
24.16647611783954	1.003637155589918e+28
24.1986905497121	1.105473523516997e+28
24.23090498158466	1.21764298434262e+28
24.26311941345723	1.341193959157593e+28
24.29533384532979	1.477281312924278e+28
24.32754827720236	1.627177115764653e+28
24.35976270907492	1.792282409855775e+28
24.39197714094749	1.974140515133145e+28
24.42419157282005	2.174451288579909e+28
24.45640600469261	2.395087015149988e+28
24.48862043656518	2.638110017913142e+28
24.52083486843774	2.905792079999038e+28
24.55304930031031	3.200635099518172e+28
24.58526373218287	3.52539491586015e+28
24.61747816405543	3.88310726124013e+28
24.649692595928	4.277115768444885e+28
24.68190702780056	4.71110322328512e+28
24.71412145967313	5.189126236464455e+28
24.74633589154569	5.715652971346276e+28
24.77855032341825	6.295604927335652e+28
24.81076475529082	6.934403045246355e+28
24.84297918716338	7.638018340995903e+28
24.87519361903595	8.413029859661063e+28
24.90740805090851	9.266674950077058e+28
24.93962248278108	1.020693951014489e+29
24.97183691465364	1.124261025702033e+29
25.0040513465262	1.238336772107003e+29
25.03626577839877	1.363987482150429e+29
25.06848021027133	1.502387608618096e+29
25.1006946421439	1.654830844751203e+29
25.13290907401646	1.822742079926446e+29
25.16512350588902	2.007690810250057e+29
25.19733793776159	2.211405805271029e+29
25.22955236963415	2.4357912144887e+29
25.26176680150672	2.68294435096776e+29
25.29398123337928	2.955175517042673e+29
25.32619566525184	3.255029223719873e+29
25.35841009712441	3.585308287156138e+29
25.39062452899697	3.949099817197982e+29
25.42283896086954	4.3498043464792e+29
25.4550533927421	4.791167257854547e+29
25.48726782461467	5.277314054641333e+29
25.51948225648723	5.812788887373035e+29
25.55169668835979	6.402596908301294e+29
25.58391112023236	7.052251101367762e+29
25.61612555210492	7.767823990324677e+29
25.64833998397749	8.556004134746216e+29
25.68055441585005	9.424158777408564e+29
25.71276884772261	1.038040264376222e+30
25.74498327959518	1.143367406043441e+30
25.77719771146774	1.259381800206651e+30
25.80941214334031	1.387167853447836e+30
25.84162657521287	1.527919998856096e+30
25.87384100708543	1.682953651272691e+30
25.906055438958	1.853719278817246e+30
25.93826987083056	2.041810783278666e+30
25.97048430270313	2.248987643138667e+30
26.00269873457569	2.477187530176875e+30
26.03491316644826	2.728539952920267e+30
26.06712759832082	3.005397362523069e+30
26.09934203019338	3.310346128800171e+30
26.13155646206595	3.64623925463766e+30
26.16377089393851	4.016213062923434e+30
26.19598532581108	4.423727154982117e+30
26.22819975768364	4.872591672980597e+30
26.2604141895562	5.366999863490406e+30
26.29262862142877	5.911574686081287e+30
26.32484305330133	6.51139920071128e+30
26.3570574851739	7.172100422024596e+30
26.38927191704646	7.899835345268016e+30
26.42148634891903	8.701409491179777e+30
26.45370078079159	9.584318587595281e+30
26.48591521266415	1.055681397001475e+31
26.51812964453672	1.162798420408906e+31
26.55034407640928	1.280784719659294e+31
26.58255850828185	1.410741997922014e+31
26.61477294015441	1.553886376733142e+31
26.64698737202697	1.71155495594904e+31
26.67920180389954	1.885221809819721e+31
26.7114162357721	2.076510247362107e+31
26.74363066764467	2.287207999519206e+31
26.77584509951723	2.519285205677075e+31
26.80805953138979	2.774909484467952e+31
26.84027396326236	3.056472278298131e+31
26.87248839513492	3.366604131481405e+31
26.90470282700749	3.708204317436328e+31
26.93691725888005	4.084465730756456e+31
26.96913169075262	4.498905228616133e+31
27.00134612262518	4.955396648098056e+31
27.03356055449774	5.458207042527719e+31
27.06577498637031	6.012036636296238e+31
27.09798941824287	6.622061394583433e+31
27.13020385011544	7.293983784106149e+31
27.162418281988	8.034084493445635e+31
27.19463271386056	8.849280747836871e+31
27.22684714573313	9.747192614080301e+31
27.25906157760569	1.07362131279548e+32
27.29127600947826	1.182558620255809e+32
27.32349044135082	1.302549280047147e+32
27.35570487322338	1.434712800210343e+32
27.38791930509595	1.580294433883282e+32
27.42013373696851	1.740641400545358e+32
27.45234816884108	1.917258788556517e+32
27.48456260071364	2.111801798065071e+32
27.51677703258621	2.326077036534156e+32
27.54899146445877	2.562097129104574e+32
27.58120589633133	2.822063695204775e+32
27.6134203282039	3.108415608722802e+32
27.64563476007646	3.423816761169971e+32
27.67784919194903	3.771221260034757e+32
27.71006362382159	4.153894498502465e+32
27.74227805569415	4.575361185213838e+32
27.77449248756672	5.039609820258141e+32
27.80670691943928	5.550963950455393e+32
27.83892135131185	6.114207941602092e+32
27.87113578318441	6.734598635672133e+32
27.90335021505697	7.417939339126423e+32
27.93556464692954	8.170611730009394e+32
27.9677790788021	8.999669305904351e+32
27.99999351067467	9.912839895670702e+32
28.03220794254723	1.091866758202333e+33
28.0644223744198	1.202656230874313e+33
28.09663680629236	1.324685773878204e+33
28.12885123816492	1.459097942081609e+33
28.16106567003749	1.607148433344616e+33
28.19328010191005	1.770221611249202e+33
28.22549453378262	1.949840974255714e+33
28.25770896565518	2.14768586486305e+33
28.28992339752774	2.365605207236798e+33
28.32213782940031	2.605637187791876e+33
28.35435226127287	2.870023783408411e+33
28.38656669314544	3.161237123598911e+33
28.418781125018	3.481993966309841e+33
28.45099555689056	3.835308527534126e+33
28.48320998876313	4.224466798973145e+33
28.51542442063569	4.65311197560005e+33
28.54763885250826	5.125251528105355e+33
28.57985328438082	5.645297248837524e+33
28.61206771625339	6.218111699407236e+33
28.64428214812595	6.849049982024706e+33
28.67649657999851	7.544016036898735e+33
28.70871101187108	8.309588528419896e+33
28.74092544374364	9.152548886321248e+33
28.77313987561621	1.008128751942052e+34
28.80535430748877	1.110421893326294e+34
28.83756873936133	1.223045470732305e+34
28.8697831712339	1.347192569633174e+34
28.90199760310646	1.483891327946425e+34
28.93421203497903	1.634460614451342e+34
28.96642646685159	1.800288353290492e+34
28.99864089872415	1.982970720572698e+34
29.03085533059672	2.184178019992106e+34
29.06306976246928	2.405806220006927e+34
29.09528419434185	2.649901160105371e+34
29.12749862621441	2.91878638454829e+34
29.15971305808698	3.214948411786498e+34
29.19192748995954	3.541169882413184e+34
29.2241419218321	3.900467682751998e+34
29.25635635370467	4.296241502310631e+34
29.28857078557723	4.732171521706515e+34
29.3207852174498	5.212551147197754e+34
29.35299964932236	5.741207100563402e+34
29.38521408119492	6.323757519329344e+34
29.41742851306749	6.96541218245782e+34
29.44964294494005	7.672143881008042e+34
29.48185737681262	8.450646894380023e+34
29.51407180868518	9.308114581705475e+34
29.54628624055774	1.025258826873983e+35
29.57850067243031	1.129288715333708e+35
29.61071510430287	1.243877530102458e+35
29.64292953617544	1.370097050941893e+35
29.675143968048	1.509025610600274e+35
29.70735839992057	1.662216728461773e+35
29.73957283179313	1.830888571591937e+35
29.77178726366569	2.016670660749862e+35
29.80400169553826	2.221264801930462e+35
29.83621612741082	2.446668437715619e+35
29.86843055928339	2.694933694266717e+35
29.90064499115595	2.968396385762851e+35
29.93285942302851	3.269544007544877e+35
29.96507385490108	3.601314306499557e+35
29.99728828677364	3.966740080699078e+35
30.02950271864621	4.369256412608057e+35
30.06171715051877	4.812537787229315e+35
30.09393158239133	5.30087060739427e+35
30.1261460142639	5.838740389367267e+35
30.15836044613646	6.431203018746075e+35
30.19057487800903	7.083721628226626e+35
30.22278930988159	7.802502454544392e+35
30.25500374175416	8.594222554191171e+35
30.28721817362672	9.466785279289115e+35
30.31943260549928	1.042666796024739e+36
30.35164703737185	1.148467737530742e+36
30.38386146924441	1.265004966908907e+36
30.41607590111698	1.39331063039138e+36
30.44829033298954	1.53473489594393e+36
30.4805047648621	1.690463519281736e+36
30.51271919673467	1.861995221613262e+36
30.54493362860723	2.05089534558735e+36
30.5771480604798	2.259019798082669e+36
30.60936249235236	2.488232449722871e+36
30.64157692422492	2.740721768915998e+36
30.67379135609749	3.018792999696444e+36
30.70600578797005	3.325112662989731e+36
30.73822021984262	3.662506783525563e+36
30.77043465171518	4.034136732184616e+36
30.80264908358775	4.443457458487623e+36
30.83486351546031	4.894334644957126e+36
30.86707794733287	5.390878670682437e+36
30.89929237920544	5.937930443050623e+36
30.931506811078	6.540413173767088e+36
30.96372124295057	7.20407245529494e+36
30.99593567482313	7.935009362338213e+36
31.02815010669569	8.740218563782263e+36
31.06036453856826	9.627013615340669e+36
31.09257897044082	1.060386409014365e+37
31.12479340231339	1.167972890547331e+37
31.15700783418595	1.286488749894006e+37
31.18922226605851	1.416971937994204e+37
31.22143669793108	1.560801387561178e+37
31.25365112980364	1.719161828585647e+37
31.28586556167621	1.893606213233176e+37
31.31807999354877	2.085744312040898e+37
31.35029442542134	2.297370375156644e+37
31.3825088572939	2.530474844023225e+37
31.41472328916646	2.787239527325689e+37
31.44693772103903	3.070048570004109e+37
31.47915215291159	3.381552929819907e+37
31.51136658478416	3.724640622433634e+37
31.54358101665672	4.102578140962954e+37
31.57579544852928	4.518829969133797e+37
31.60800988040185	4.977269403288037e+37
31.64022431227441	5.478887079206562e+37
31.67243874414698	6.038964708630665e+37
31.70465317601954	6.651593497098564e+37
31.7368676078921	7.326434031546255e+37
31.76908203976467	8.068927452722086e+37
31.80129647163723	8.888872927801208e+37
31.8335109035098	9.790704902527265e+37
31.86572533538236	1.078404297300698e+38
31.89793976725493	1.187759679329079e+38
31.93015419912749	1.308397110504235e+38
31.96236863100005	1.441142298834372e+38
31.99458306287262	1.587365272954505e+38
32.02679749474518	1.748394270885474e+38
32.05901192661774	1.925889749480546e+38
32.0912263584903	2.121290323810691e+38
32.12344079036286	2.3365315294911e+38
32.15565522223542	2.573605451603387e+38
32.18786965410798	2.834800201312026e+38
32.22008408598055	3.12243419446816e+38
0
1000	1.0219978922	100000000000000.1
5	0	0	1
5	0	0	0
0.03786664528905326	-13.07038634796164
0.07008107716161713	-12.73294273397742
0.102295509034181	-12.40732415058599
0.1345099409067449	-12.09307488051282
0.1667243727793087	-11.78975627532571
0.1989388046518726	-11.49694628751767
0.2311532365244365	-11.21423899289153
0.2633676683970003	-10.94124410668294
0.2955821002695642	-10.6775864964394
0.3277965321421281	-10.42290569429403
0.360010964014692	-10.17685541092753
0.3922253958872559	-9.939103053201194
0.4244398277598198	-9.709329247162747
0.4566542596323837	-9.487227367874649
0.4888686915049476	-9.27250307728808
0.5210831233775115	-9.064873871182986
0.5532975552500754	-8.864068636014327
0.5855119871226393	-8.669827216343563
0.6177264189952032	-8.481899993391936
0.6499408508677671	-8.300047475126098
0.682155282740331	-8.124039898175585
0.7143697146128949	-7.953656841784148
0.7465841464854588	-7.78868685391179
0.7787985783580227	-7.628927089530096
0.8110130102305866	-7.474182961089527
0.8432274421031505	-7.324267801081684
0.8754418739757144	-7.179002536572693
0.9076563058482783	-7.038215375543501
0.9398707377208422	-6.901741504839134
0.9720851695934061	-6.769422799501085
1.00429960146597	-6.641080371653177
1.036514033338534	-6.516626442127031
1.068728465211098	-6.395892556005475
1.100942897083662	-6.27874420192126
1.133157328956226	-6.16505222360288
1.165371760828789	-6.054692605704176
1.197586192701353	-5.947546266761069
1.229800624573917	-5.843498859258569
1.262015056446481	-5.742440576756461
1.294229488319045	-5.644265967992702
1.326443920191609	-5.548854836030817
1.358658352064173	-5.456150200216087
1.390872783936737	-5.36603853801419
1.423087215809301	-5.278429774747353
1.455301647681865	-5.193237336731381
1.487516079554428	-5.110378014153912
1.519730511426992	-5.02977182820325
1.551944943299556	-4.951341902501932
1.58415937517212	-4.875014338865713
1.616373807044684	-4.800718097380503
1.648588238917248	-4.728369477950256
1.680802670789812	-4.657935669474173
1.713017102662376	-4.589337091695416
1.74523153453494	-4.522512754013706
1.777445966407504	-4.457403972290055
1.809660398280067	-4.393954281367224
1.841874830152631	-4.332109349873261
1.874089262025195	-4.271816897439468
1.906303693897759	-4.213026614424728
1.938518125770323	-4.155690084205402
1.970732557642887	-4.099745058997121
2.002946989515451	-4.045180212973652
2.035161421388014	-3.991935447042504
2.067375853260578	-3.939968899369805
2.099590285133142	-3.889240249366011
2.131804717005705	-3.839710662153237
2.164019148878269	-3.791342733700473
2.196233580750833	-3.744100436932126
2.228448012623396	-3.697949069038641
2.26066244449596	-3.652855200156751
2.292876876368524	-3.608747579085061
2.325091308241087	-3.565681613451297
2.357305740113651	-3.523580681231145
2.389520171986215	-3.482415316149069
2.421734603858778	-3.442157248948363
2.453949035731342	-3.402779321064753
2.486163467603906	-3.364255415981524
2.518377899476469	-3.326560401455781
2.550592331349033	-3.28967007895729
2.582806763221597	-3.253561138239153
2.61502119509416	-3.218205631894659
2.647235626966724	-3.183593565373423
2.679450058839288	-3.149698245011919
2.711664490711851	-3.11649945038187
2.743878922584415	-3.083977662281918
2.776093354456979	-3.052114032482719
2.808307786329542	-3.02089035466825
2.840522218202106	-2.990289036443664
2.87273665007467	-2.9602930722674
2.904951081947234	-2.930886017145888
2.937165513819797	-2.9020616801616
2.969379945692361	-2.873784671716294
3.001594377564925	-2.846049428311607
3.033808809437488	-2.818841472379288
3.066023241310052	-2.792146798039341
3.098237673182616	-2.765951852214914
3.130452105055179	-2.740243516579242
3.162666536927743	-2.715009090290244
3.194880968800307	-2.6902362734708
3.22709540067287	-2.665913151394871
3.259309832545434	-2.64203080952742
3.291524264417998	-2.618572560966042
3.323738696290561	-2.595530204652665
3.355953128163125	-2.572893244086118
3.388167560035689	-2.550651509039716
3.420381991908252	-2.528795143304799
3.452596423780816	-2.507314592961975
3.48481085565338	-2.486200595154254
3.517025287525943	-2.465444167337598
3.549239719398507	-2.445036596985781
3.581454151271071	-2.424970600628311
3.613668583143634	-2.405235524846408
3.645883015016198	-2.38582459748259
3.678097446888762	-2.366730103840112
3.710311878761325	-2.347944558236146
3.742526310633889	-2.329460695825959
3.774740742506453	-2.311271464765046
3.806955174379016	-2.293370018693407
3.83916960625158	-2.275749709526918
3.871384038124144	-2.258404080541599
3.903598469996707	-2.241312592433084
3.935812901869271	-2.224498582400998
3.968027333741835	-2.207942285861388
4.000241765614398	-2.191637945966777
4.032456197486963	-2.175579906018311
4.064670629359527	-2.159762592731497
4.096885061232091	-2.1441804957654
4.129099493104655	-2.128828141944366
4.161313924977219	-2.113700061843376
4.193528356849783	-2.098790745209792
4.225742788722347	-2.064437828356905
4.257957220594911	-2.048487621637864
4.290171652467476	-2.034935256912234
4.32238608434004	-2.024943437035452
4.354600516212604	-2.02016353333211
4.386814948085168	-2.022975133951177
4.419029379957732	-2.036868937380351
4.451243811830296	-2.067077720213268
4.48345824370286	-2.121651843522868
4.515672675575424	-2.213360842736629
4.547887107447989	-3.326312257816207
4.580101539320553	-3.733779010767601
4.612315971193117	-4.208768183461873
4.644530403065681	-4.757892298951137
4.676744834938245	-5.387678536376502
4.708959266810809	-6.104356734896731
4.741173698683373	-6.913642614989169
4.773388130555937	-7.820528291252919
4.805602562428501	-8.82909215960566
4.837816994301066	-9.94233903619717
4.87003142617363	-14.12167403167761
4.902245858046194	-14.25470602092081
4.934460289918758	-15.01280987055366
4.966674721791322	-16.05342585894366
4.998889153663886	-17.28096652742785
5.03110358553645	-18.66096278404219
5.063318017409014	-20.18016121546444
5.095532449281579	-21.83434744912923
5.127746881154143	-23.62375477820853
5.159961313026707	-25.55106436199262
5.192175744899271	-27.88454312818549
5.224390176771835	-30.06518567197314
5.256604608644399	-32.38293996383144
5.288819040516963	-34.84755059501741
5.321033472389527	-37.46933878926266
5.353247904262092	-40.25924971039229
5.385462336134656	-43.22890162240366
5.41767676800722	-46.39063724231128
5.449891199879784	-49.7575776121681
5.482105631752348	-53.34367880815857
5.514320063624912	-57.16453300685458
5.546534495497476	-61.23440889751098
5.57874892737004	-65.57087532624877
5.610963359242604	-70.19186699762894
5.643177791115169	-75.11649409398973
5.675392222987733	-80.36512311231155
5.707606654860297	-85.95946293414327
5.739821086732861	-91.92265651779843
5.772035518605425	-98.27937862398073
5.804249950477989	-105.0559400102723
5.836464382350553	-112.2771497656796
5.868678814223117	-119.9796573289603
5.900893246095682	-128.1921962815115
5.933107677968246	-136.9487999758112
5.96532210984081	-146.2857573546285
5.997536541713374	-156.2417646283071
6.029750973585938	-166.858087025634
6.061965405458502	-178.1787313113446
6.094179837331066	-190.2506298083091
6.12639426920363	-203.1238367108238
6.158608701076195	-216.8488572889
6.190823132948759	-231.4885836490647
6.223037564821323	-247.1009433571561
6.255251996693887	-263.750712000469
6.287466428566451	-281.5069699424447
6.319680860439015	-300.4433899197372
6.351895292311579	-320.6385437989367
6.384109724184143	-342.1762297837295
6.416324156056707	-365.1458214489862
6.448538587929272	-389.6426400699014
6.480753019801836	-415.7658918237377
6.5129674516744	-443.6290888329799
6.545181883546964	-473.3454982604803
6.577396315419528	-505.038475261699
6.609610747292092	-538.8395798177143
6.641825179164656	-574.8891236420466
6.67403961103722	-613.3367535208125
6.706254042909785	-654.3420735232979
6.738468474782349	-698.0753086823999
6.770682906654913	-744.7180129177477
6.802897338527477	-794.4616513474608
6.835111770400041	-847.5172322995596
6.867326202272605	-904.1029274774298
6.899540634145169	-964.4536763896215
6.931755066017733	-1028.820050142765
6.963969497890298	-1097.469292462031
6.996183929762862	-1170.686430035742
7.028398361635426	-1248.77545680841
7.06061279350799	-1332.060597154514
7.092827225380554	-1420.887653194136
7.125041657253118	-1515.623457996976
7.157256089125682	-1616.665464958665
7.189470520998246	-1724.431303066841
7.22168495287081	-1839.368444871928
7.253899384743375	-1961.954139039458
7.286113816615939	-2092.697392601292
7.318328248488503	-2232.141085173493
7.350542680361067	-2380.864223932958
7.382757112233631	-2539.484348730496
7.414971544106195	-2708.660097342701
7.447185975978759	-2889.092083526316
7.479400407851323	-3081.533359079952
7.511614839723888	-3286.781218565465
7.543829271596452	-3505.68793493464
7.576043703469016	-3739.16249691286
7.60825813534158	-3988.174384023927
7.640472567214144	-4253.757592892256
7.672686999086708	-4537.014931553917
7.704901430959272	-4839.12259962217
7.737115862831836	-5161.335073341416
7.769330294704401	-5504.988543226679
7.801544726576965	-5871.513667101095
7.833759158449529	-6262.430712784057
7.865973590322093	-6679.362950762204
7.898188022194657	-7124.041677153641
7.930402454067221	-7598.31340335389
7.962616885939785	-8104.147524202547
7.994831317812349	-8643.644496524466
8.027045749684913	-9219.044562020343
8.059260181557477	-9832.737050743082
8.091474613430041	-10487.26859010558
8.123689045302605	-11185.36064410006
8.155903477175169	-11929.91037753124
8.188117909047733	-12724.00952833842
8.220332340920297	-13570.95558629984
8.252546772792861	-14474.26548630565
8.284761204665426	-15437.69021296646
8.31697563653799	-16465.23037721503
8.349190068410554	-17561.15282959672
8.381404500283118	-18730.00837924891
8.413618932155682	-19976.64901961247
8.445833364028246	-21306.25487293328
8.47804779590081	-22724.3455165939
8.510262227773374	-24236.80957885584
8.542476659645938	-25849.92757213513
8.574691091518503	-27570.39797330919
8.606905523391067	-29405.36503971452
8.639119955263631	-31362.44847635083
8.671334387136195	-33449.77507749986
8.703548819008759	-35676.01247416357
8.735763250881323	-38050.40348395605
8.767977682753887	-40582.81117020316
8.800192114626451	-43283.74979235863
8.832406546499016	-46164.43502501613
8.86462097837158	-49236.82894034801
8.896835410244144	-52513.68968116537
8.929049842116708	-56008.62443975778
8.961264273989272	-59736.14596252283
8.993478705861836	-63711.73281502979
9.0256931377344	-67951.89365778663
9.057907569606964	-72474.23417673926
9.090122001479529	-77297.53678520372
9.122336433352093	-82441.82873855636
9.154550865224657	-87928.47177281925
9.186765297097221	-93780.24923903194
9.218979728969785	-100021.4607118266
9.251194160842349	-106678.0228942262
9.283408592714913	-113777.5772376908
9.315623024587477	-121349.6047243153
9.347837456460041	-129425.5482878296
9.380051888332606	-138038.9417736157
9.41226632020517	-147225.5557224712
9.444480752077734	-157023.536119149
9.476695183950298	-167473.5692097403
9.508909615822862	-178619.0488958297
9.541124047695426	-190506.2569286834
9.57333847956799	-203184.5550953496
9.605552911440554	-216706.5901947599
9.637767343313119	-231128.5126549894
9.669981775185683	-246510.2096995189
9.702196207058247	-262915.5524331414
9.734410638930811	-280412.6675585651
9.766625070803375	-299074.2105491973
9.798839502675939	-318977.6737250343
9.831053934548503	-340205.7064949545
9.863268366421067	-362846.4585599735
9.895482798293632	-386993.9459566157
9.927697230166196	-412748.4414604365
9.95991166203876	-440216.8909708406
9.992126093911324	-469513.3576062876
10.02434052578389	-500759.4937639901
10.05655495765645	-534085.0527431719
10.08876938952902	-569628.4178698548
10.12098382140158	-607537.1834779083
10.15319825327414	-647968.766258457
10.18541268514671	-691091.0589353695
10.21762711701927	-737083.127442691
10.24984154889184	-786135.9544991152
10.2820559807644	-838453.2326671621
10.31427041263697	-894252.2101903131
10.34648484450953	-953764.5915359223
10.37869927638209	-1017237.505989012
10.41091370825466	-1084934.524216102
10.44312814012722	-1157136.759066441
10.47534257199979	-1234144.031364381
10.50755700387235	-1316276.114920118
10.53977143574491	-1403874.064395544
10.57198586761748	-1497301.631539288
10.60420029949004	-1596946.775671819
10.63641473136261	-1703223.274692992
10.66862916323517	-1816572.441721193
10.70084359510773	-1937464.964073932
10.7330580269803	-2066402.848184055
10.76527245885286	-2203921.510492932
10.79748689072543	-2350591.99924614
10.82970132259799	-2507023.365780021
10.86191575447056	-2673865.193616712
10.89413018634312	-2851810.295869762
10.92634461821568	-3041597.592161425
10.95855905008825	-3244015.17699792
10.99077348196081	-3459903.590766625
11.02298791383338	-3690159.316502305
11.05520234570594	-3935738.492943416
11.0874167775785	-4197660.891205159
11.11963120945107	-4477014.147867577
11.15184564132363	-4774958.281402946
11.1840600731962	-5092730.509169761
11.21627450506876	-5431650.384976533
11.24848893694132	-5793125.278548911
11.28070336881389	-6178656.219653903
11.31291780068645	-6589844.129573232
11.34513223255902	-7028396.475353488
11.37734666443158	-7496134.350498901
11.40956109630415	-7995000.043372719
11.44177552817671	-8527065.101054102
11.47398996004927	-9094538.931467874
11.50620439192184	-9699777.977983961
11.5384188237944	-10345295.50458338
11.57063325566697	-11033772.03222433
11.60284768753953	-11768066.4697454
11.63506211941209	-12551227.9839537
11.66727655128466	-13386508.66772885
11.69949098315722	-14277377.03480708
11.73170541502979	-15227532.42911247
11.76391984690235	-16240920.38481483
11.79613427877491	-17321749.01021802
11.82834871064748	-18474506.46199214
11.86056314252004	-19703979.58230965
11.89277757439261	-21015273.7762789
11.92499200626517	-22413834.2122142
11.95720643813774	-23905468.43120291
11.9894208700103	-25496370.46940197
12.02163530188286	-27193146.56928136
12.05384973375543	-29002842.61842111
12.08606416562799	-30932973.40614127
12.11827859750056	-32991553.82877372
12.15049302937312	-35187132.17163716
12.18270746124568	-37528825.60591809
12.21492189311825	-40026358.04785775
12.24713632499081	-42690100.53745721
12.27935075686338	-45531114.30280627
12.31156518873594	-48561196.69836541
12.3437796206085	-51792930.18410859
12.37599405248107	-55239734.58062773
12.40820848435363	-58915922.79361704
12.4404229162262	-62836760.24842292
12.47263734809876	-67018528.27994675
12.50485177997133	-71478591.74112888
12.53706621184389	-76235471.11075269
12.56928064371645	-81308919.40000559
12.60149507558902	-86720004.17557435
12.63370950746158	-92491195.04941846
12.66592393933415	-98646456.97458337
12.69813837120671	-105211349.7662958
12.73035280307927	-112213134.23795
12.76256723495184	-119680885.402031
12.7947816668244	-127645613.2045336
12.82699609869697	-136140391.2942164
12.85921053056953	-145200494.3614131
12.89142496244209	-154863544.6166996
12.92363939431466	-165169668.0160904
12.95585382618722	-176161660.891102
12.98806825805979	-187885167.6514939
13.02028268993235	-200388870.3306721
13.05249712180492	-213724690.7370086
13.08471155367748	-227948006.0599196
13.11692598555004	-243117878.8244487
13.14914041742261	-259297302.1492657
13.18135484929517	-276553461.3265188
13.21356928116774	-294958012.8097465
13.2457837130403	-314587381.7668132
13.27799814491286	-335523079.4427548
13.31021257678543	-357852041.627115
13.34242700865799	-381666989.6621721
13.37464144053056	-407066815.4681989
13.40685587240312	-434156992.1936078
13.43907030427568	-463050012.1937411
13.47128473614825	-493865854.1570257
13.50349916802081	-526732481.3182343
13.53571359989338	-561786372.8276863
13.56792803176594	-599173090.4812593
13.60014246363851	-639047883.1746552
13.63235689551107	-681576331.5665408
13.66457132738363	-726935035.6613274
13.6967857592562	-775312348.1416531
13.72900019112876	-826909156.5056577
13.76121462300133	-881939717.2552533
13.79342905487389	-940632545.5994006
13.82564348674645	-1003231364.36684
13.85785791861902	-1069996116.06871
13.89007235049158	-1141204042.312147
13.92228678236415	-1217150835.056197
13.95450121423671	-1298151864.467859
13.98671564610927	-1384543488.507329
14.01893007798184	-1476684449.65791
14.0511445098544	-1574957364.609385
14.08335894172697	-1679770313.079427
14.11557337359953	-1791558532.370654
14.1477878054721	-1910786224.69986
14.18000223734466	-2037948484.804458
14.21221666921722	-2173573355.83003
14.24443110108979	-2318224022.040062
14.27664553296235	-2472501147.442456
14.30885996483492	-2637045370.058517
14.34107439670748	-2812539962.180987
14.37328882858004	-2999713667.672295
14.40550326045261	-3199343728.084076
14.43771769232517	-3412259110.164027
14.46993212419774	-3639343948.152629
14.5021465560703	-3881541215.163362
14.53436098794286	-4139856638.887702
14.56657541981543	-4415362877.913302
14.59878985168799	-4709203975.925652
14.63100428356056	-5022600112.385136
14.66321871543312	-5356852669.335484
14.69543314730569	-5713349635.411765
14.72764757917825	-6093571369.483587
14.75986201105081	-6499096747.866778
14.79207644292338	-6931609720.630677
14.82429087479594	-7392906304.225166
14.85650530666851	-7884902039.464725
14.88871973854107	-8409639945.842463
14.92093417041363	-8969299005.194281
14.9531486022862	-9566203209.955675
14.98536303415876	-10202831213.57333
15.01757746603133	-10881826623.15046
15.04979189790389	-11606008977.0633
15.08200632977645	-12378385453.13598
15.11422076164902	-13202163355.99009
15.14643519352158	-14080763435.4245
15.17864962539415	-15017834091.13906
15.21086405726671	-16017266522.72538
15.24307848913928	-17083210887.99345
15.27529292101184	-18220093536.52154
15.3075073528844	-19432635390.14744
15.33972178475697	-20725871546.66558
15.37193621662953	-22105172188.14423
15.4041506485021	-23576264880.68523
15.43636508037466	-25145258358.22593
15.46857951224722	-26818667889.147
15.50079394411979	-28603442330.37888
15.53300837599235	-30506992985.42058
15.56522280786492	-32537224375.28184
15.59743723973748	-34702567065.57651
15.62965167161004	-37012012673.53587
15.66186610348261	-39475151205.85601
15.69408053535517	-42102210881.3471
15.72629496722774	-44904100603.76365
15.7585093991003	-47892455261.18813
15.79072383097287	-51079684040.07424
15.82293826284543	-54479021954.34444
15.85515269471799	-58104584804.90299
15.88736712659056	-61971427794.3416
15.91958155846312	-66095608044.77752
15.95179599033569	-70494251275.07394
15.98401042220825	-75185622915.64354
16.01622485408081	-80189203955.93108
16.04843928595338	-85525771839.55089
16.08065371782594	-91217486743.16949
16.11286814969851	-97287983600.57175
16.14508258157107	-103762470219.0131
16.17729701344363	-110667832022.3738
16.2095114453162	-118032743618.0163
16.24172587718876	-125887787909.1398
16.27394030906133	-134265583082.1348
16.30615474093389	-143200918054.0811
16.33836917280646	-152730896934.2331
16.37058360467902	-162895093099.3784
16.40279803655158	-173735713522.8629
16.43501246842415	-185297774039.6663
16.46722690029671	-197629286275.2952
16.49944133216928	-210781457014.8415
16.53165576404184	-224808900839.7894
16.5638701959144	-239769866915.9355
16.59608462778697	-255726480873.8936
16.62829905965953	-272745002786.675
16.6605134915321	-290896102315.6196
16.69272792340466	-310255152167.1935
16.72494235527722	-330902541079.2573
16.75715678714979	-352924007636.48
16.78937121902235	-376410996300.8484
16.82158565089492	-401461037136.9589
16.85380008276748	-428178150805.8686
16.88601451464005	-456673280513.1457
16.91822894651261	-487064752701.9872
16.95044337838517	-519478768405.5088
16.98265781025774	-554049927298.3787
17.0148722421303	-590921786623.9409
17.04708667400287	-630247457317.7726
17.07930110587543	-672190239803.1005
17.11151553774799	-716924302099.1135
17.14372996962056	-764635403052.7802
17.17594440149312	-815521663710.0483
17.20815883336569	-869794390013.4104
17.24037326523825	-927678950253.7449
17.27258769711081	-989415710915.6183
17.30480212898338	-1055261034803.19
17.33701656085594	-1125488345592.046
17.36923099272851	-1200389263231.101
17.40144542460107	-1280274814940.013
17.43365985647364	-1365476726244.666
17.4658742883462	-1456348799837.226
17.49808872021876	-1553268383153.185
17.53030315209133	-1656637936273.724
17.56251758396389	-1766886702073.901
17.59473201583646	-1884472491391.219
17.62694644770902	-2009883580175.511
17.65916087958158	-2143640739925.608
17.69137531145415	-2286299399217.215
17.72358974332671	-2438451950224.178
17.75580417519928	-2600730208340.175
17.78801860707184	-2773808036830.384
17.82023303894441	-2958404140382.226
17.85244747081697	-3155285068402.303
17.88466190268953	-3365268359244.826
17.9168763345621	-3589225976363.217
17.94909076643466	-3828087906919.291
17.98130519830723	-4082846028553.708
18.01351963017979	-4354558228088.569
18.04573406205235	-4644352794406.669
18.07794849392492	-4953433103752.359
18.11016292579748	-5283082616487.675
18.14237735767005	-5634670207114.763
18.17459178954261	-6009655848250.622
18.20680622141517	-6409596673259.74
18.23902065328774	-6836153442272.934
18.2712350851603	-7291097438518.21
18.30344951703287	-7776317823600.422
18.33566394890543	-8293829482272.292
18.367878380778	-8845781389273.062
18.40009281265056	-9434465533005.32
18.43230724452312	-10062326432938.72
18.46452167639569	-10731971290677.63
18.49673610826825	-11446180816297.57
18.52895054014082	-12207920775310.08
18.56116497201338	-13020354304047.52
18.59337940388594	-13886855044633.22
18.62559383575851	-14811021154079.71
18.65780826763107	-15796690245688.88
18.69002269950364	-16847955324797.45
18.7222371313762	-17969181786116.29
18.75445156324876	-19165025536785.91
18.78666599512133	-20440452336488.69
18.81888042699389	-21800758413673.65
18.85109485886646	-23251592459231.51
18.88330929073902	-24798979082765.29
18.91552372261159	-26449343829870.73
18.94773815448415	-28209539864307.74
18.97995258635671	-30086876425863.67
19.01216701822928	-32089149182077.67
19.04438145010184	-34224672599985.02
19.07659588197441	-36502314471578.36
19.10881031384697	-38931532738164.32
19.14102474571953	-41522414764134.2
19.1732391775921	-44285719225004.3
19.20545360946466	-47232920782975.46
19.23766804133723	-50376257735634.53
19.26988247320979	-53728782835664.5
19.30209690508235	-57304417492592.17
19.33431133695492	-61118009581645.4
19.36652576882748	-65185395103699.95
19.39874020070005	-69523463929508.39
19.43095463257261	-74150229956196.17
19.46316906444518	-79084905896947.38
19.49538349631774	-84347983064883.84
19.5275979281903	-89961316462687.47
19.55981236006287	-95948215532252.66
19.59202679193543	-102333540919785.2
19.624241223808	-109143809178498.5
19.65645565568056	-116407296413214.2
19.68867008755312	-124154167541229.8
19.72088451942569	-132416590797519.2
19.75309895129825	-141228875885630.6
19.78531338317082	-150627615948220.1
19.81752781504338	-160651839390783.7
19.84974224691594	-171343171947683.6
19.88195667878851	-182746009533615
19.91417111066107	-194907702598289
19.94638554253364	-207878752749865.3
19.9785999744062	-221713022463618.8
20.01081440627877	-236467958740182.9
20.04302883815133	-252204831680871.7
20.07524327002389	-268988988874741.2
20.10745770189646	-286890126779846.1
20.13967213376902	-305982580132946.1
20.17188656564159	-326345630625575.1
20.20410099751415	-348063836122397.1
20.23631542938671	-371227381788971.8
20.26852986125928	-395932454586909.8
20.30074429313184	-422281642691564.4
20.33295872500441	-450384361410950.7
20.36517315687697	-480357307839387.9
20.39738758874953	-512324945012125.2
20.4296020206221	-546420019010503.9
20.46181645249466	-582784110128579
20.49403088436723	-621568220787420.1
20.52624531623979	-662933402574908.9
20.55845974811236	-707051425014861.9
20.59067417998492	-754105488842562.4
20.62288861185748	-804290986748566.5
20.65510304373005	-857816314873659.8
20.68731747560261	-914903737691168.8
20.71953190747518	-975790311663064.6
20.75174633934774	-1040728869175631
20.7839607712203	-1109989068533721
20.81617520309287	-1183858513718704
20.84838963496543	-1262643948663499
20.880604066838	-1346672530999322
20.91281849871056	-1436293190545908
20.94503293058312	-1531878078097763
20.97724736245569	-1633824115989833
21.00946179432825	-1742554629565418
21.04167622620082	-1858521126774433
21.07389065807338	-1982205160187921
21.10610508994595	-2114120329557614
21.13831952181851	-2254814414546269
21.17053395369107	-2404871649390543
21.20274838556364	-2564915148942022
21.2349628174362	-2735609496160558
21.26717724930877	-2917663501804428
21.29939168118133	-3111833147355676
21.33160611305389	-3318924725925727
21.36382054492646	-3539798187931792
21.39603497679902	-3775370713640426
21.42824940867159	-4026620521391529
21.46046384054415	-4294590929662992
21.49267827241671	-4580394689464311
21.52489270428928	-4885218605048379
21.55710713616184	-5210328462129410
21.58932156803441	-5557074284069155
21.62153599990697	-5926895937336287
21.65375043177954	-6321329112505322
21.6859648636521	-6742011698481384
21.71817929552466	-7190690585471038
21.75039372739723	-7669228918422726
21.78260815926979	-8179613833363878
21.81482259114236	-8723964707772211
21.84703702301492	-9304541956060458
21.87925145488748	-9923756373787290
21.91146588676005	-1.058418086845035e+16
21.94368031863261	-1.128855363518015e+16
21.97589475050518	-1.203980355340544e+16
22.00810918237774	-1.284104893451074e+16
22.0403236142503	-1.36956169644976e+16
22.07253804612287	-1.460705625996253e+16
22.10475247799543	-1.557915168064175e+16
22.136966909868	-1.661593921864879e+16
22.16918134174056	-1.772172521894786e+16
22.20139577361313	-1.890110084007904e+16
22.23361020548569	-2.015896354491286e+16
22.26582463735825	-2.150053680200934e+16
22.29803906923082	-2.293139118305226e+16
22.33025350110338	-2.445746849663562e+16
22.36246793297595	-2.608510579532188e+16
22.39468236484851	-2.782106184232413e+16
22.42689679672107	-2.967254474201629e+16
22.45911122859364	-3.16472447650298e+16
22.4913256604662	-3.375335944852181e+16
22.52354009233877	-3.599963552420113e+16
22.55575452421133	-3.839540062604892e+16
22.58796895608389	-4.095060295082129e+16
22.62018338795646	-4.367585352540818e+16
22.65239781982902	-4.658246873017943e+16
22.68461225170159	-4.968251832988995e+16
22.71682668357415	-5.29888753295513e+16
22.74904111544672	-5.651526943059306e+16
22.78125554731928	-6.027634404538262e+16
22.81346997919184	-6.428771710832463e+16
22.84568441106441	-6.856604594102654e+16
22.87789884293697	-7.31290964626345e+16
22.91011327480954	-7.799581512841178e+16
22.9423277066821	-8.318641356220712e+16
22.97454213855466	-8.872244476991648e+16
23.00675657042723	-9.462689719438712e+16
23.03897100229979	-1.009242891494029e+17
23.07118543417236	-1.076407706297142e+17
23.10339986604492	-1.14804231893863e+17
23.13561429791748	-1.224444192664515e+17
23.16782872979005	-1.305930586271617e+17
23.20004316166261	-1.392839870445248e+17
23.23225759353518	-1.485532990270032e+17
23.26447202540774	-1.584394776406396e+17
23.29668645728031	-1.689835786812226e+17
23.32890088915287	-1.802293867794739e+17
23.36111532102543	-1.922236005060645e+17
23.393329752898	-2.050160264333872e+17
23.42554418477056	-2.186597865116519e+17
23.45775861664313	-2.332115421304294e+17
23.48997304851569	-2.487318814589814e+17
23.52218748038825	-2.652846609729444e+17
23.55440191226082	-2.829393316439172e+17
23.58661634413338	-3.017688687037006e+17
23.61883077600595	-3.218515504556749e+17
23.65104520787851	-3.432705564022013e+17
23.68325963975107	-3.661151399695765e+17
23.71547407162364	-3.904800023706047e+17
23.7476885034962	-4.164663353288568e+17
23.77990293536877	-4.441820496848158e+17
23.81211736724133	-4.737422359844298e+17
23.8443317991139	-5.052696435832789e+17
23.87654623098646	-5.388951893849729e+17
23.90876066285902	-5.747585067706284e+17
23.94097509473159	-6.130085172158047e+17
23.97318952660415	-6.53804054456786e+17
24.00540395847672	-6.973145225604006e+17
24.03761839034928	-7.437205993787121e+17
24.06983282222184	-7.932149868174673e+17
24.10204725409441	-8.46003211034181e+17
24.13426168596697	-9.023044758888618e+17
24.16647611783954	-9.62352573191313e+17
24.1986905497121	-1.026396854791574e+18
24.23090498158466	-1.094703262866138e+18
24.26311941345723	-1.16755544197944e+18
24.29533384532979	-1.24525591184332e+18
24.32754827720236	-1.328127324770601e+18
24.35976270907492	-1.416513805494702e+18
24.39197714094749	-1.510782380154057e+18
24.42419157282005	-1.611324500375239e+18
24.45640600469261	-1.718557668783615e+18
24.48862043656518	-1.832927172691661e+18
24.52083486843774	-1.954907937601206e+18
24.55304930031031	-2.085006481910591e+18
24.58526373218287	-2.223763045384728e+18
24.61747816405543	-2.371753816518979e+18
24.649692595928	-2.529593328934626e+18
24.68190702780056	-2.697937013203119e+18
24.71412145967313	-2.877483918461771e+18
24.74633589154569	-3.068979615076677e+18
24.77855032341825	-3.273219290275452e+18
24.81076475529082	-3.491051049150255e+18
24.84297918716338	-3.723379502331263e+18
24.87519361903595	-3.971169305828076e+18
24.90740805090851	-4.235449448667585e+18
24.93962248278108	-4.517317360822786e+18
24.97183691465364	-4.817943520120485e+18
25.0040513465262	-5.138575930490427e+18
25.03626577839877	-5.480546852548624e+18
25.06848021027133	-5.845275638672076e+18
25.1006946421439	-6.234277004819103e+18
25.13290907401646	-6.649166292536036e+18
25.16512350588902	-7.091666459723121e+18
25.19733793776159	-7.563614729140534e+18
25.22955236963415	-8.066971012342604e+18
25.26176680150672	-8.603825503793661e+18
25.29398123337928	-9.176407499982005e+18
25.32619566525184	-9.787094656665469e+18
25.35841009712441	-1.043842286219189e+19
25.39062452899697	-1.113309676789829e+19
25.42283896086954	-1.187400101931712e+19
25.4550533927421	-1.266421223483293e+19
25.48726782461467	-1.350701195700116e+19
25.51948225648723	-1.440589959296985e+19
25.55169668835979	-1.536460793169751e+19
25.58391112023236	-1.638711801896632e+19
25.61612555210492	-1.747767583489379e+19
25.64833998397749	-1.864080992259898e+19
25.68055441585005	-1.98813501869803e+19
25.71276884772261	-2.120444793637166e+19
25.74498327959518	-2.261559723214746e+19
25.77719771146774	-2.412065755352429e+19
25.80941214334031	-2.572587368197029e+19
25.84162657521287	-2.743803740222215e+19
25.87384100708543	-2.926393138332975e+19
25.906055438958	-3.121143249903704e+19
25.93826987083056	-3.328854243707503e+19
25.97048430270313	-3.55038843362739e+19
26.00269873457569	-3.786665699101368e+19
26.03491316644826	-4.038667170059765e+19
26.06712759832082	-4.307439280209229e+19
26.09934203019338	-4.59409810696531e+19
26.13155646206595	-4.899834403026973e+19
26.16377089393851	-5.225916968249752e+19
26.19598532581108	-5.573700213744589e+19
26.22819975768364	-5.944628293641552e+19
26.2604141895562	-6.340241422426464e+19
26.29262862142877	-6.76218190315746e+19
26.32484305330133	-7.212207182177494e+19
26.3570574851739	-7.692175330464797e+19
26.38927191704646	-8.204087027478489e+19
26.42148634891903	-8.750066476927276e+19
26.45370078079159	-9.332380044842435e+19
26.48591521266415	-9.95344732095062e+19
26.51812964453672	-1.06158464394682e+20
26.55034407640928	-1.132232801745271e+20
26.58255850828185	-1.207582572371404e+20
26.61477294015441	-1.287946846070977e+20
26.64698737202697	-1.373659335712491e+20
26.67920180389954	-1.465075962508282e+20
26.7114162357721	-1.562576333952898e+20
26.74363066764467	-1.666565320115227e+20
26.77584509951723	-1.777474702510372e+20
26.80805953138979	-1.895765095478428e+20
26.84027396326236	-2.021927671278753e+20
26.87248839513492	-2.15648631983103e+20
26.90470282700749	-2.299999795408734e+20
26.93691725888005	-2.453064036726898e+20
26.96913169075262	-2.616314641374184e+20
27.00134612262518	-2.790429504827648e+20
27.03356055449774	-2.976131634946284e+20
27.06577498637031	-3.174192153520457e+20
27.09798941824287	-3.38543393059595e+20
27.13020385011544	-3.610733385983502e+20
27.162418281988	-3.851026347285771e+20
27.19463271386056	-4.10731052513088e+20
27.22684714573313	-4.380649859320794e+20
27.25906157760569	-4.672178374398434e+20
27.29127600947826	-4.983098276988702e+20
27.32349044135082	-5.314768337893545e+20
27.35570487322338	-5.668445586921655e+20
27.38791930509595	-6.045675404527607e+20
27.42013373696851	-6.44800846796361e+20
27.45234816884108	-6.877122071353467e+20
27.48456260071364	-7.334793008967725e+20
27.51677703258621	-7.822921772615868e+20
27.54899146445877	-8.34353532698751e+20
27.58120589633133	-8.898795527966103e+20
27.6134203282039	-9.491008100462891e+20
27.64563476007646	-1.012263221335213e+21
27.67784919194903	-1.079629069141184e+21
27.71006362382159	-1.151478090674722e+21
27.74227805569415	-1.228108722242933e+21
27.77449248756672	-1.309839001968208e+21
27.80670691943928	-1.397008395712019e+21
27.83892135131185	-1.489978874768906e+21
27.87113578318441	-1.589136499785223e+21
27.90335021505697	-1.694893023975249e+21
27.93556464692954	-1.807687603047487e+21
27.9677790788021	-1.927988618946156e+21
27.99999351067467	-2.056295624986672e+21
28.03220794254723	-2.193141420468862e+21
28.0644223744198	-2.339094454079636e+21
28.09663680629236	-2.494760432889011e+21
28.12885123816492	-2.660785926090319e+21
28.16106567003749	-2.83786035719829e+21
28.19328010191005	-3.026719031655717e+21
28.22549453378262	-3.228146190825012e+21
28.25770896565518	-3.442978269576777e+21
28.28992339752774	-3.672107371304157e+21
28.32213782940031	-3.916484975387978e+21
28.35435226127287	-4.177125893768289e+21
28.38656669314544	-4.455114082038461e+21
28.418781125018	-4.751601311470752e+21
28.45099555689056	-5.067820033598122e+21
28.48320998876313	-5.405083595381231e+21
28.51542442063569	-5.76479295763377e+21
28.54763885250826	-6.148442842507266e+21
28.57985328438082	-6.557629087484721e+21
28.61206771625339	-6.994061241718402e+21
28.64428214812595	-7.459658961419858e+21
28.67649657999851	-7.955707627506525e+21
28.70871101187108	-8.485326631507726e+21
28.74092544374364	-9.050019656649501e+21
28.77313987561621	-9.652293282619197e+21
28.80535430748877	-1.029464847292877e+22
28.83756873936133	-1.097975264887059e+22
28.8697831712339	-1.171045076209291e+22
28.90199760310646	-1.248977710627916e+22
28.93421203497903	-1.332096791615801e+22
28.96642646685159	-1.420747480573246e+22
28.99864089872415	-1.51529791013014e+22
29.03085533059672	-1.616140364391784e+22
29.06306976246928	-1.723694319778675e+22
29.09528419434185	-1.838406077278047e+22
29.12749862621441	-1.960751995649453e+22
29.15971305808698	-2.091240134706342e+22
29.19192748995954	-2.230412364608528e+22
29.2241419218321	-2.378846615388768e+22
29.25635635370467	-2.537159275999652e+22
29.28857078557723	-2.706007752768953e+22
29.3207852174498	-2.886093197784914e+22
29.35299964932236	-3.078159255441261e+22
29.38521408119492	-3.283011127379222e+22
29.41742851306749	-3.501496369622004e+22
29.44964294494005	-3.734522645847592e+22
29.48185737681262	-3.983058415178493e+22
29.51407180868518	-4.248137657249311e+22
29.54628624055774	-4.530867029927476e+22
29.57850067243031	-4.832451279744951e+22
29.61071510430287	-5.151157856209459e+22
29.64292953617544	-5.496807531119753e+22
29.675143968048	-5.862706894217167e+22
29.70735839992057	-6.252874432733108e+22
29.73957283179313	-6.669005410854234e+22
29.77178726366569	-7.112828658285475e+22
29.80400169553826	-7.586187546468337e+22
29.83621612741082	-8.091047912638148e+22
29.86843055928339	-8.629506320458403e+22
29.90064499115595	-9.203798807272066e+22
29.93285942302851	-9.816310188835835e+22
29.96507385490108	-1.046958397243653e+23
29.99728828677364	-1.116630771645873e+23
30.02950271864621	-1.190942382948459e+23
30.06171715051877	-1.270199648596654e+23
30.09393158239133	-1.354731823213958e+23
30.1261460142639	-1.444890219503255e+23
30.15836044613646	-1.541050024184737e+23
30.19057487800903	-1.643614104523892e+23
30.22278930988159	-1.753117397860775e+23
30.25500374175416	-1.869619278657037e+23
30.28721817362672	-1.994056007268603e+23
30.31943260549928	-2.126777340212614e+23
30.35164703737185	-2.268314028062362e+23
30.38386146924441	-2.419269996036174e+23
30.41607590111698	-2.580272115314616e+23
30.44829033298954	-2.75198898357001e+23
30.4805047648621	-2.935133705784124e+23
30.51271919673467	-3.130466862408493e+23
30.54493362860723	-3.338799678999067e+23
30.5771480604798	-3.560997413929488e+23
30.60936249235236	-3.797982985198411e+23
30.64157692422492	-4.050725996934442e+23
30.67379135609749	-4.320299964113341e+23
30.70600578797005	-4.607814872995147e+23
30.73822021984262	-4.914466881285634e+23
30.77043465171518	-5.24154314443032e+23
30.80264908358775	-5.590128118313579e+23
30.83486351546031	-5.96231365000826e+23
30.86707794733287	-6.359114393018516e+23
30.89929237920544	-6.782311839158848e+23
30.931506811078	-7.233669353084419e+23
30.96372124295057	-7.715151078080904e+23
30.99593567482313	-8.228562632252574e+23
31.02815010669569	-8.776139165308786e+23
31.06036453856826	-9.360154755399319e+23
31.09257897044082	-9.983034920650941e+23
31.12479340231339	-1.064736671118382e+24
31.15700783418595	-1.135590947426011e+24
31.18922226605851	-1.211160633750544e+24
31.22143669793108	-1.291759645815777e+24
31.25365112980364	-1.377722808949316e+24
31.28586556167621	-1.469416553057935e+24
31.31807999354877	-1.567204039992988e+24
31.35029442542134	-1.671499017880792e+24
31.3825088572939	-1.782734223252341e+24
31.41472328916646	-1.901370862921292e+24
31.44693772103903	-2.027900080721527e+24
31.47915215291159	-2.162843655521138e+24
31.51136658478416	-2.306750848142e+24
31.54358101665672	-2.460164316942656e+24
31.57579544852928	-2.61638985723752e+24
31.60800988040185	-2.799021541752603e+24
31.64022431227441	-2.985164452465416e+24
31.67243874414698	-3.183787703903416e+24
31.70465317601954	-3.395653816747295e+24
31.7368676078921	-3.621630692241009e+24
31.76908203976467	-3.862653014040339e+24
31.80129647163723	-4.119720269878168e+24
31.8335109035098	-4.393899458693142e+24
31.86572533538236	-4.686329046577689e+24
31.89793976725493	-4.998223507613507e+24
31.93015419912749	-5.330878284534547e+24
31.96236863100005	-5.685675128932972e+24
31.99458306287262	-6.064087819907026e+24
32.02679749474518	-6.467688274985674e+24
32.05901192661774	-6.898153074113213e+24
32.0912263584903	-7.357270421511414e+24
32.12344079036286	-7.846947573144725e+24
32.15565522223542	-8.369218759990332e+24
32.18786965410798	-8.926253639658103e+24
32.22008408598055	-9.520366311260487e+24
