0
1000	0.5109989461	100000000000000.1
5	0	0	1
5	0	0	0
-0.654933961680612	0.5169077171109304
-0.6220263826274882	1.937281717395334
-0.5891188035743644	3.92725642873493
-0.5562112245212406	6.534030790936429
-0.5233036454681168	9.789065267324105
-0.490396066414993	13.7125380331752
-0.4574884873618692	18.31681375062304
-0.4245809083087454	23.60901254418832
-0.3916733292556216	29.59286434414859
-0.3587657502024978	36.27002836030789
-0.325858171149374	43.64102364115998
-0.2929505920962502	51.70588096714376
-0.2600430130431264	60.46459656147373
-0.2271354339900026	69.91744539596618
-0.1942278549368788	80.06519524416031
-0.161320275883755	90.90925070385877
-0.1284126968306312	102.451747931487
-0.09550511777750736	114.6956148259579
-0.06259753872438356	127.6446071494903
-0.02968995967125975	141.3033280601109
0.003217619381864059	155.6772363897792
0.03612519843498787	170.7726474763824
0.06903277748811168	186.5967292672416
0.1019403565412355	203.157495629958
0.1348479355943593	220.4637982445547
0.1677555146474831	238.5253180463592
0.2006630937006069	257.3525568974609
0.2335706727537307	276.9568299543554
0.2664782518068545	297.350259047972
0.2993858308599783	318.5457672835063
0.3322934099131021	340.534380176439
0.3652009889662259	363.3051352837898
0.3981085680193497	386.925334517122
0.4310161470724735	411.3893584433036
0.4639237261255973	436.6882334434485
0.4968313051787211	462.8769732329492
0.529738884231845	489.9914095499688
0.5626464632849688	517.9820372535187
0.5955540423380926	546.9117632702645
0.6284616213912164	576.8066821907477
0.6613692004443402	607.6543531484007
0.694276779497464	639.509832478664
0.7271843585505878	672.3596724450115
0.7600919376037116	706.2629316347956
0.7929995166568354	741.2374034987155
0.8259070957099592	777.2530916341001
0.858814674763083	814.4194846388708
0.8917222538162068	852.7110096117418
0.9246298328693306	892.1641374198983
0.9575374119224545	932.8208281172008
0.9904449909755783	974.6858420936958
1.023352570028702	1017.799967538708
1.056260149081826	1062.208801561136
1.08916772813495	1107.917061584998
1.122075307188074	1155.008207907314
1.154982886241198	1203.439255486492
1.187890465294322	1253.29966112102
1.220798044347446	1304.595983564783
1.253705623400569	1357.417800129183
1.286613202453693	1411.722147808893
1.319520781506817	1467.604193957085
1.352428360559941	1525.118229006117
1.385335939613065	1584.23145592942
1.418243518666189	1645.030719383656
1.451151097719313	1707.602227299178
1.484058676772437	1771.920202305965
1.516966255825561	1838.08672328644
1.549873834878685	1906.071048587529
1.582781413931809	1975.969569974729
1.615688992984933	2047.873851559419
1.648596572038056	2121.762540130416
1.68150415109118	2197.743753489746
1.714411730144304	2275.843766634117
1.747319309197428	2356.060300516735
1.780226888250552	2438.553635991836
1.813134467303676	2523.273234091896
1.8460420463568	2610.38431754049
1.878949625409924	2699.857912943918
1.911857204463048	2791.821432276348
1.944764783516172	2886.305106895128
1.977672362569296	2983.310909652445
2.010579941622419	3083.016109067722
2.043487520675543	3185.374239536323
2.076395099728667	3290.55923030595
2.109302678781791	3398.589941871645
2.142210257834915	3509.494718996712
2.175117836888039	3623.415556434902
2.208025415941163	3740.390293204257
2.240932994994287	3860.42907901981
2.273840574047411	3983.723811567612
2.306748153100535	4110.29299192194
2.339655732153659	4240.212788289296
2.372563311206783	4373.491579382628
2.405470890259906	4510.338265418443
2.43837846931303	4650.769745861289
2.471286048366154	4794.825624699337
2.504193627419278	4942.665694227378
2.537101206472402	5094.336589952519
2.570008785525526	5249.921795135543
2.60291636457865	5409.433371903756
2.635823943631774	5573.093214553878
2.668731522684898	5740.925276094103
2.701639101738022	5913.012454391935
2.734546680791146	6089.376739101815
2.76745425984427	6270.236242204624
2.800361838897393	6455.622526317781
2.833269417950517	6645.621741636626
2.866176997003641	6840.324274414867
2.899084576056765	7039.773223599639
2.931992155109889	7244.155274278634
2.964899734163013	7453.518364707742
2.997807313216137	7667.935150916305
3.030714892269261	7887.525235537216
3.063622471322385	8112.308248253015
3.096530050375509	8342.503156071192
3.129437629428633	8578.15026767052
3.162345208481756	8819.352807366264
3.19525278753488	9066.214510360942
3.228160366588004	9318.802356090333
3.261067945641128	9577.159086191168
3.293975524694252	9841.518777339306
3.326883103747376	10113.98163571816
3.3597906828005	10384.53593674442
3.392698261853624	10674.06228456412
3.425605840906748	10960.8669538664
3.458513419959872	11248.2497907535
3.491420999012996	11560.41678500294
3.52432857806612	11864.92886005569
3.557236157119243	12191.38888758093
3.590143736172367	12505.81122924487
3.623051315225491	12827.06900256961
3.655958894278615	13172.58712084248
3.688866473331739	13511.18557085565
3.721774052384863	13867.11538623404
3.754681631437987	14222.71370695127
3.787589210491111	14596.74639913852
3.820496789544235	14960.84027126323
3.853404368597359	15359.504065713
3.886311947650483	15728.63248821421
3.919219526703607	16148.11431986715
3.95212710575673	16528.65981682958
3.985034684809854	16972.4354874903
4.017942263862978	17357.76048332175
4.050849842916102	17799.73983261316
4.083757421969225	18217.87007778868
4.116665001022349	18665.87111943886
4.149572580075472	19111.64874225792
4.182480159128596	19574.5959393322
4.215387738181719	20034.68958607301
4.248295317234843	20513.82179917983
4.281202896287966	20987.28508405294
4.314110475341089	21482.86545273041
4.347018054394213	22028.4335226834
4.379925633447336	22488.07290644358
4.41283321250046	23008.7064770441
4.445740791553583	23522.13388015288
4.478648370606707	24061.27705611518
4.51155594965983	24574.13083828216
4.544463528712954	25151.86679597961
4.577371107766077	25716.54995153344
4.610278686819201	26284.60292881842
4.643186265872324	26705.28133882556
4.676093844925448	27419.69843641086
4.709001423978571	27925.62792155523
4.741909003031695	28633.88975899313
4.774816582084818	29084.13220868796
4.807724161137942	29893.62953928998
4.840631740191065	30366.2149794061
4.873539319244188	31233.60907778287
4.906446898297312	31767.54734451016
4.939354477350435	32699.62380756771
4.972262056403559	33487.09042021603
5.005169635456682	34161.69501212153
5.038077214509806	35040.14270862202
5.070984793562929	35701.6918879786
5.103892372616053	36669.2255573571
5.136799951669176	37382.3984405669
5.1697075307223	38424.84159442525
5.202615109775423	39394.92058434097
5.235522688828547	40213.74098076088
5.26843026788167	41464.49607053624
5.301337846934794	42016.01676267618
5.334245425987917	43264.08769321258
5.367153005041041	44388.91089483487
5.400060584094164	45392.4668120467
5.432968163147287	46593.71367707101
5.465875742200411	47300.3568235007
5.498783321253534	48849.6907134788
5.531690900306658	50166.30621664769
5.564598479359781	51185.09718724852
5.597506058412905	52689.37638424862
5.630413637466028	54075.47315884328
5.663321216519152	55354.94826486961
5.696228795572275	56881.04980276476
5.729136374625399	58394.06961721341
5.762043953678522	59711.33635776586
5.794951532731646	61396.12109184896
5.827859111784769	63051.78570761067
5.860766690837893	64538.33608879065
5.893674269891016	66355.32252739617
5.92658184894414	68167.83891447053
5.959489427997263	69868.75334372977
5.992397007050386	71840.0407295191
6.02530458610351	73788.96000487622
6.058212165156633	75522.26052062245
6.091119744209757	77748.93729812371
6.12402732326288	79923.93479430969
6.156934902316004	81688.7541455
6.189842481369127	84246.84832783364
6.222750060422251	86641.37965769084
6.255657639475374	89070.56271047337
6.288565218528498	91467.83042644465
6.321472797581621	94048.63126613475
6.354380376634745	96707.84894372654
6.387287955687868	99089.07210900848
6.420195534740992	102108.0102228851
6.453103113794115	105033.8381002293
6.486010692847239	108051.5830553534
6.518918271900362	110919.2080437024
6.551825850953485	114211.3639173969
6.584733430006609	117535.5258935961
6.617641009059732	120915.3841560488
6.650548588112856	124304.8554350736
6.683456167165979	127960.3036196995
6.716363746219103	131697.9570085996
6.749271325272226	135042.5646655351
6.78217890432535	139322.7249311293
6.815086483378473	143481.5377646045
6.847994062431597	147725.9222408244
6.88090164148472	151591.6482024682
6.913809220537844	156421.744539018
6.946716799590967	160794.7555510123
6.979624378644091	165937.5529861558
7.012531957697214	170897.255466887
7.045439536750338	175886.2313040829
7.078347115803461	181209.5374382315
7.111254694856584	186671.5451796696
7.144162273909708	192273.7961946259
7.177069852962831	197826.1955585987
7.209977432015955	203933.7207561019
7.242885011069078	210159.2949258071
7.275792590122202	216557.7477140444
7.308700169175325	222729.2387727285
7.341607748228449	229779.9147782141
7.374515327281572	236877.6033077507
7.407422906334696	244162.6155878249
7.440330485387819	251673.1694706051
7.473238064440943	259241.2093962329
7.506145643494066	267328.6296801958
7.53905322254719	275589.9588294934
7.571960801600313	284136.8644849381
7.604868380653437	292942.8702088462
7.63777595970656	301790.9212320532
7.670683538759683	311291.015902024
7.703591117812807	321035.3346584795
7.73649869686593	331239.5014629429
7.769406275919054	341414.5924891575
7.802313854972177	351855.6314182482
7.835221434025301	363010.3581346966
7.868129013078424	374461.1095944925
7.901036592131548	386264.6971024253
7.933944171184671	398445.035368848
7.966851750237795	410793.5158047072
7.999759329290918	423895.8439822259
8.032666908344043	437345.2589702448
8.065574487397166	451218.2732969299
8.098482066450289	465542.8757990498
8.131389645503413	479850.1697416123
8.164297224556536	495401.4848419411
8.19720480360966	511433.9354400784
8.230112382662783	527584.5806439316
8.263019961715907	544450.0829342923
8.29592754076903	561861.8443754709
8.328835119822154	579507.7861945067
8.361742698875277	598243.9797714744
8.394650277928401	617494.7164195615
8.427557856981524	637357.8647345998
8.460465436034648	657827.3529383868
8.493373015087771	679013.0657641976
8.526280594140895	700691.0585791091
8.559188173194018	723371.150336743
8.592095752247142	746747.4895752225
8.625003331300265	770882.9466455238
8.657910910353388	795810.4824811163
8.690818489406512	821561.9828508934
8.723726068459635	847790.1748284023
8.756633647512759	875444.87319154
8.789541226565882	903905.8091001298
8.822448805619006	933279.2550493338
8.855356384672129	963615.4222134812
8.888263963725253	994952.7709992914
8.921171542778376	1026779.516003161
8.9540791218315	1060539.8684122
8.986986700884623	1095224.407352144
9.019894279937747	1130921.464000805
9.05280185899087	1167849.41545539
9.085709438043994	1205991.291938243
9.118617017097117	1245397.320039843
9.15152459615024	1285854.669940692
9.184432175203364	1328048.033876787
9.217339754256487	1371558.274524884
9.250247333309611	1416498.982748584
9.283154912362734	1462954.588280329
9.316062491415858	1510865.345588338
9.348970070468981	1560431.227326749
9.381877649522105	1611212.460851973
9.414785228575228	1664334.152669764
9.447692807628352	1719089.287988043
9.480600386681475	1775625.976267541
9.513507965734599	1834036.134395349
9.546415544787722	1894385.006075356
9.579323123840846	1956745.389456361
9.612230702893969	2020496.194669792
9.645138281947093	2087467.666813423
9.678045861000216	2156374.236404154
9.710953440053339	2227521.630135977
9.743861019106463	2301014.387243572
9.776768598159586	2376951.075876194
9.80967617721271	2455416.365243474
9.842583756265833	2536500.522662057
9.875491335318957	2619975.30205128
9.90839891437208	2706709.619034254
9.941306493425204	2796378.496347874
9.974214072478327	2888690.909780701
10.00712165153145	2984246.874368964
10.04002923058457	3082988.833412606
10.0729368096377	3185020.205753544
10.10584438869082	3290457.367885457
10.13875196774394	3398858.0174327
10.17165954679707	3511736.377288336
10.20456712585019	3628186.227502395
10.23747470490332	3748474.84822868
10.27038228395644	3872762.694240186
10.30328986300956	3999890.833637055
10.33619744206269	4133869.980890702
10.36910502111581	4271010.86095782
10.40201260016893	4412728.157949226
10.43492017922206	4558786.621823834
10.46782775827518	4710287.336910881
10.5007353373283	4866753.138615287
10.53364291638143	5028410.602826437
10.56655049543455	5195459.297235907
10.59945807448767	5368074.031388514
10.6323656535408	5546457.021563387
10.66527323259392	5730801.850829201
10.69818081164704	5921264.287019939
10.73108839070017	6117892.089347227
10.76399596975329	6321435.261617758
10.79690354880641	6531718.079237805
10.82981112785954	6749006.062193129
10.86271870691266	6973547.2190568
10.89562628596578	7205590.318847968
10.92853386501891	7445381.888657179
10.96144144407203	7693193.080497785
10.99434902312515	7949284.68118416
11.02725660217828	8213334.54874815
11.0601641812314	8487130.942988677
11.09307176028453	8769917.684365932
11.12597933933765	9062000.023594927
11.15888691839077	9363905.075639114
11.1917944974439	9675885.71277684
11.22470207649702	9998292.01292387
11.25760965555014	10331468.3841687
11.29051723460327	10675784.75076766
11.32342481365639	11031622.61418664
11.35633239270951	11398733.54831898
11.38923997176264	11779075.66283201
11.42214755081576	12171937.16470735
11.45505512986888	12577890.2267756
11.48796270892201	12997404.43543575
11.52087028797513	13430950.42260702
11.55377786702825	13878908.00850049
11.58668544608138	14342035.54352161
11.6195930251345	14820548.01215607
11.65250060418762	15315061.56209718
11.68540818324075	15826126.57393392
11.71831576229387	16353991.13182843
11.75122334134699	16899988.02850062
11.78413092040012	17464148.33557863
11.81703849945324	18047167.61410379
11.84994607850637	18649690.32132502
11.88285365755949	19272373.66711469
11.91576123661261	19916008.96690981
11.94866881566574	20581075.4365261
11.98157639471886	21268405.99253756
12.01448397377198	21978762.66282845
12.04739155282511	22712822.12597765
12.08029913187823	23471027.39876523
12.11320671093135	24255336.498034
12.14611428998448	25065699.40075869
12.1790218690376	25902975.60628058
12.21192944809072	26766852.90274755
12.24483702714385	27663942.01047319
12.27774460619697	28588553.12177285
12.31065218525009	29544110.52787724
12.34355976430322	30531567.79036065
12.37646734335634	31550959.30567348
12.40937492240946	32607910.63053294
12.44228250146259	33698291.8917469
12.47519008051571	34824632.51500715
12.50809765956883	35989385.26155999
12.54100523862196	37191763.3443444
12.57391281767508	38438635.53290628
12.6068203967282	39724798.44346882
12.63972797578133	41054065.94541297
12.67263555483445	42427799.31115754
12.70554313388758	43846737.85385738
12.7384507129407	45319646.05373973
12.77135829199382	46833692.29632542
12.80426587104695	48401803.25501334
12.83717345010007	50022529.98441753
12.87008102915319	51696747.90137155
12.90298860820632	53442063.63777564
12.93589618725944	55219637.5367318
12.96880376631256	57069680.01679942
13.00171134536569	58981829.04388535
13.03461892441881	60958047.18977725
13.06752650347193	62998844.75496663
13.10043408252506	65113823.4644755
13.13334166157818	67296618.22939985
13.1662492406313	69552841.72493263
13.19915681968443	71884880.27185853
13.23206439873755	74294979.52359715
13.26497197779067	76643840.61980087
13.2978795568438	79363823.26708913
13.33078713589692	82025771.82657248
13.36369471495004	84778227.14323817
13.39660229400317	87623135.78472231
13.42950987305629	90563373.04665929
13.46241745210942	93608107.43848008
13.49532503116254	96746791.30479334
13.52823261021566	99995128.04386091
13.56114018926879	103352823.4454121
13.59404776832191	106823490.6900819
13.62695534737503	110410403.8305296
13.65986292642816	114126039.9131988
13.69277050548128	117955706.1839829
13.7256780845344	121919288.504346
13.75858566358753	126016669.1166231
13.79149324264065	130251082.4675715
13.82440082169377	134629284.9806382
13.8573084007469	139164246.1485985
13.89021597980002	143837219.9320838
13.92312355885314	148674331.5632326
13.95603113790627	153675130.250261
13.98893871695939	158844768.6521276
14.02184629601251	164188812.012283
14.05475387506564	169690893.0242731
14.08766145411876	175426274.8198755
14.12056903317188	181331037.3688869
14.15347661222501	187435296.7890193
14.18638419127813	193745753.0807911
14.21929177033125	200269036.7333077
14.25219934938438	206975785.8794832
14.2851069284375	213954235.9563284
14.31801450749063	221160535.1726932
14.35092208654375	228615538.0394676
14.38382966559687	236324094.5806199
14.41673724465	244272148.0443141
14.44964482370312	252513987.7648597
14.48255240275624	261024684.356949
14.51545998180937	269855484.6373354
14.54836756086249	278974301.5895103
14.58127513991561	288394747.0523352
14.61418271896874	298115861.1222107
14.64709029802186	308212032.6890116
14.67999787707498	318660426.2281728
14.71290545612811	329491793.6195648
14.74581303518123	340675775.5641375
14.77872061423435	352264784.5643317
14.81162819328748	364240612.1365336
14.8445357723406	376687870.6062723
14.87744335139372	389593635.4688302
14.91035093044685	403133820.6108975
14.94325850949997	417073111.3753049
14.97616608855309	431435861.8873825
15.00907366760622	446362726.7023334
15.04198124665934	461875779.3492684
15.07488882571247	477977455.0492092
15.10779640476559	494794998.5940048
15.14070398381871	512165931.6920612
15.17361156287184	530187001.4645194
15.20651914192496	548935244.4980848
15.23942672097808	568375485.9377713
15.27233430003121	588618933.5132706
15.30524187908433	609827512.906345
15.33814945813745	631736201.2843105
15.37105703719058	654512274.1453501
15.4039646162437	678211088.6158334
15.43687219529682	702838584.6671926
15.46977977434995	728500025.4145563
15.50268735340307	755374180.9975003
15.53559493245619	783211319.6669874
15.56850251150932	812199216.8595971
15.60141009056244	842367543.4096695
15.63431766961556	873805831.8264863
15.66722524866869	906524144.9402357
15.70013282772181	940647758.084182
15.73304040677493	976310109.2275515
15.76594798582806	1013378460.369074
15.79885556488118	1051997107.592927
15.8317631439343	1092265243.271782
15.86467072298743	1134251159.956273
15.89757830204055	1177990619.379816
15.93048588109368	1223796611.382863
15.9633934601468	1271429100.737994
15.99630103919992	1321103164.132886
16.02920861825305	1372897774.773056
16.06211619730617	1426931175.441986
16.09502377635929	1483295357.729393
16.12793135541242	1542050472.18538
16.16083893446554	1603554516.048428
16.19374651351866	1667567144.869064
16.22665409257179	1734350134.372629
16.25956167162491	1803992579.303384
16.29246925067804	1876664708.225589
16.32537682973116	1952478366.164808
16.35828440878428	2031538379.128244
16.39119198783741	2114147452.583071
16.42409956689053	2200227632.433454
16.45700714594365	2290018238.180592
16.48991472499678	2383486866.542351
16.5228223040499	2481358093.2875
16.55572988310302	2583260016.286894
16.58863746215615	2689490178.515857
16.62154504120927	2800492377.115622
16.65445262026239	2916104547.258895
16.68736019931552	3036647455.285052
16.72026777836864	3162332538.741212
16.75317535742176	3293366303.471063
16.78608293647489	3429990497.66396
16.81899051552801	3572386926.270143
16.85189809458113	3720945292.349697
16.88480567363426	3875687836.681207
16.91771325268738	4036930554.616837
16.9506208317405	4204945467.768313
16.98352841079363	4379994981.322826
17.01643598984675	4562367253.130174
17.04934356889988	4752334144.723046
17.082251147953	4950207937.993392
17.11515872700612	5156356942.852688
17.14806630605925	5370949568.067118
17.18097388511237	5594381476.960958
17.21388146416549	5827000330.496152
17.24678904321862	6069128936.984942
17.27969662227174	6321145919.357003
17.31260420132486	6583420730.731981
17.34551178037799	6856354673.240303
17.37841935943111	7140446580.419976
17.41132693848423	7435884206.113846
17.44423451753736	7743186185.745012
17.47714209659048	8062800366.023088
17.5100496756436	8395158258.518215
17.54295725469673	8740758760.715693
17.57586483374985	9100073416.607662
17.60877241280297	9473592904.749735
17.6416799918561	9861972375.893444
17.67458757090922	10265486552.20322
17.70749514996234	10684835526.80136
17.74040272901547	11120484814.75264
17.77331030806859	11573096651.09003
17.80621788712171	12043272107.74389
17.83912546617484	12531624415.06078
17.87203304522796	13038809230.38689
17.90494062428109	13565587534.55602
17.93784820333421	14112402734.50338
17.97075578238733	14680122269.01263
18.00366336144046	15269444045.42891
18.03657094049358	15881391051.20704
18.0694785195467	16515964418.59658
18.10238609859983	17174748810.51146
18.13529367765295	17858323897.23158
18.16820125670607	18567708919.27499
18.2011088357592	19303467703.01497
18.23401641481232	20066656517.16174
18.26692399386544	20858238438.78154
18.29983157291857	21679181646.74873
18.33273915197169	22530487013.90865
18.36564673102481	23413207975.04417
18.39855431007794	24328433568.68427
18.43146188913106	25277231952.75946
18.46436946818418	26260992629.1959
18.49727704723731	27280490313.52783
18.53018462629043	28337089164.28613
18.56309220534355	29432146616.44188
18.59599978439668	30566921294.39595
18.6289073634498	31742740034.68658
18.66181494250293	32960993846.1529
18.69472252155605	34223182290.00125
18.72763010060917	35530686914.4149
18.7605376796623	36885227924.27594
18.79344525871542	38288137458.24262
18.82635283776854	39741152675.83638
18.85926041682167	41245939168.11098
18.89216799587479	42804284115.65061
18.92507557492791	44417979640.32329
18.95798315398104	46088896185.21824
18.99089073303416	47818916495.53575
19.02379831208728	49610052733.38731
19.05670589114041	51464332238.95098
19.08961347019353	53384098206.51518
19.12252104924665	55371141888.04308
19.15542862829978	57427842557.36418
19.1883362073529	59556658341.47082
19.22124378640602	61759933895.76019
19.25415136545915	64040144979.73301
19.28705894451227	66399895123.65407
19.31996652356539	68841812889.3161
19.35287410261852	71368659524.74763
19.38578168167164	73983471431.74947
19.41868926072476	76688795867.72021
19.45159683977789	79487829147.97366
19.48450441883101	82383750339.13983
19.51741199788414	85379671322.1015
19.55031957693726	88479045274.65417
19.58322715599038	91685271224.74588
19.61613473504351	95001892721.1628
19.64904231409663	98432622147.50085
19.68194989314975	101981275745.6324
19.71485747220288	105651863585.6268
19.747765051256	109448283996.9204
19.78067263030912	113374743334.9461
19.81358020936225	117435623711.8113
19.84648778841537	121635356677.9819
19.87939536746849	125978637285.1595
19.91230294652162	130470212457.2569
19.94521052557474	135115001891.465
19.97811810462786	139918126619.9067
20.01102568368099	144884895595.5543
20.04393326273411	150020894530.1154
20.07684084178723	155331383462.7952
20.10974842084036	160822383122.5266
20.14265599989348	166499887032.5627
20.1755635789466	172370076114.3759
20.20847115799973	178439350169.5712
20.24137873705285	184714431180.3671
20.27428631610598	191202126447.9101
20.3071938951591	197909559905.0988
20.34010147421222	204843926144.5603
20.37300905326535	212012880420.6246
20.40591663231847	219424423894.9177
20.43882421137159	227086194996.8576
20.47173179042472	235006743069.6509
20.50463936947784	243194718815.8218
20.53754694853096	251659080171.7887
20.57045452758409	260408800609.7796
20.60336210663721	269453621163.7277
20.63626968569033	278803218690.5706
20.66917726474346	288467817424.9303
20.70208484379658	298457874476.4574
20.7349924228497	308784170421.1849
20.76790000190283	319458283542.1009
20.80080758095595	330491358658.6319
20.83371516000907	341895462005.851
20.8666227390622	353684120322.9977
20.89953031811532	365868033105.7721
20.93243789716844	378461309294.8135
20.96534547622157	391477568704.2866
20.99825305527469	404930961215.2697
21.03116063432782	418836019526.2934
21.06406821338094	433207967924.0002
21.09697579243406	448062103854.1127
21.12988337148719	463415539747.152
21.16279095054031	479283180541.1524
21.19569852959343	495683036229.1186
21.22860610864656	512632694902.002
21.26151368769968	530150575311.4388
21.2944212667528	548255609390.0785
21.32732884580593	566967387072.8832
21.36023642485905	586306233992.8331
21.39314400391217	606292909479.2723
21.4260515829653	626950330329.4337
21.45895916201842	648298569678.7069
21.49186674107154	670361692907.9073
21.52477432012467	693163840237.2668
21.55768189917779	716729149342.0482
21.59058947823091	741083344882.0942
21.62349705728404	766252742239.8164
21.65640463633716	792264545704.2703
21.68931221539028	819148103171.913
21.72221979444341	846930211406.0687
21.75512737349653	875641887564.3267
21.78803495254965	905314222947.1467
21.82094253160278	935979228007.4495
21.8538501106559	967669988777.3932
21.88675768970903	1000420860742.275
21.91966526876215	1034267358450.899
21.95257284781527	1069245890286.736
21.9854804268684	1105394865195.25
22.01838800592152	1142752113235.075
22.05129558497464	1181358630611.082
22.08420316402777	1221256056971.022
22.11711074308089	1262487554938.639
22.15001832213401	1305097679677.788
22.18292590118714	1349123331166.083
22.21583348024026	1394630531695.381
22.24874105929338	1441659351159.314
22.28164863834651	1490261555379.948
22.31455621739963	1540487640483.026
22.34746379645275	1592393102851.84
22.38037137550588	1646033554054.904
22.413278954559	1701467206289.301
22.44618653361212	1758753875609.693
22.47909411266525	1817949925455.789
22.51200169171837	1879130184423.89
22.54490927077149	1942356392991.637
22.57781684982462	2007696028044.991
22.61072442887774	2075221094423.49
22.64363200793087	2145002111148.686
22.67653958698399	2217115658068.758
22.70944716603711	2291639624971.928
22.74235474509024	2368654458337.496
22.77526232414336	2448234605664.358
22.80816990319648	2530483815477.538
22.84107748224961	2615483066753.19
22.87398506130273	2703322991155.452
22.90689264035585	2794099522626.174
22.93980021940898	2887909460952.134
22.9727077984621	2984854829285.754
23.00561537751522	3085040306895.197
23.03852295656835	3188574207034.415
23.07143053562147	3295559158285.059
23.10433811467459	3406129031274.197
23.13724569372772	3520395507114.469
23.17015327278084	3638480763397.125
23.20306085183396	3760513038368.683
23.23596843088709	3886624890461.602
23.26887600994021	4016950655326.137
23.30178358899333	4151632055270.542
23.33469116804646	4290814732937.086
23.36759874709958	4434648977683.763
23.4005063261527	4583284504642.934
23.43341390520583	4736893394388.514
23.46632148425895	4895637290239.937
23.49922906331208	5059686086004.318
23.5321366423652	5229217705189.516
23.56504422141832	5404416377751.509
23.59795180047145	5585469342375.742
23.63085937952457	5772573183871.598
23.66376695857769	5965930362855.148
23.69667453763082	6165739828417.196
23.72958211668394	6372236794231.162
23.76248969573706	6585636033026.903
23.79539727479019	6806166648801.176
23.82830485384331	7034067595848.898
23.86121243289643	7269585120666.914
23.89412001194956	7512973928019.047
23.92702759100268	7764497638345.885
23.9599351700558	8024426646552.093
23.99284274910893	8293042464161.134
24.02575032816205	8570625849925.125
24.05865790721517	8857495869203.203
24.0915654862683	9153954183189.205
24.12447306532142	9460319995507.852
24.15738064437454	9776925033534.938
24.19028822342767	10104110982081.4
24.22319580248079	10442231638569.41
24.25610338153392	10791652607486.83
24.28901096058704	11152752673976.34
24.32191853964016	11525919519043.91
24.35482611869329	11911551482904.09
24.38773369774641	12310077344784.74
24.42064127679953	12721923336937.4
24.45354885585266	13147532884301.16
24.48645643490578	13587366410043.84
24.5193640139589	14041899288920.37
24.55227159301203	14511622843465.21
24.58517917206515	14997044640380.34
24.61808675111827	15498689498370.93
24.6509943301714	16017100975145.86
24.68390190922452	16552836303308.31
24.71680948827764	17106465758264.65
24.74971706733077	17678609085812.86
24.78262464638389	18269873056728.16
24.81553222543701	18880897236721.98
24.84843980449014	19512342018712.93
24.88134738354326	20164889883707.56
24.91425496259638	20839246004611.9
24.94716254164951	21536139260917.71
24.98007012070263	22256322870335.57
25.01297769975575	23000576193520.95
25.04588527880888	23769701579713.33
25.078792857862	24564521044935.88
25.11170043691513	25385914550730.51
25.14460801596825	26234759233175.91
25.17751559502137	27111972890275.99
25.2104231740745	28018503080693.39
25.24333075312762	28955329787108
25.27623833218074	29923465537237.73
25.30914591123387	30923956695200.74
25.34205349028699	31957884477087.25
25.37496106934011	33026366566062.87
25.40786864839324	34130558879795.06
25.44077622744636	35271645715207.51
25.47368380649948	36450874956234.38
25.50659138555261	37669514373760.72
25.53949896460573	38928881064506.75
25.57240654365885	40230336141356.52
25.60531412271198	41575286193372.73
25.6382217017651	42965184876879.09
25.67112928081822	44401534310247.75
25.70403685987135	45885887086186.47
25.73694443892447	47419847181751.33
25.76985201797759	49005072595805.64
25.80275959703072	50643267657683.53
25.83566717608384	52336221194341.03
25.86857475513697	54085753678464.22
25.90148233419009	55893756002115.59
25.93438991324321	57762182246616.7
25.96729749229634	59693051796327.02
26.00020507134946	61688451522008.03
26.03311265040258	63750538036527.01
26.06602022945571	65881540025540.58
26.09892780850883	68083760655663.88
26.13183538756195	70359580062585.66
26.16474296661508	72711457921005.3
26.1976505456682	75141926196396.78
26.23055812472132	77653632136744.64
26.26346570377445	80249279976203.81
26.29637328282757	82931674897209.7
26.32928086188069	85703716726256.61
26.36218844093382	88568400700929.12
26.39509601998694	91528823249993.47
26.42800359904006	94588183975305.77
26.46091117809319	97749789414091.72
26.49381875714631	101017056606469.2
26.52672633619943	104393516791803.1
26.55963391525256	107882819768776.5
26.59254149430568	111488728021633.5
26.6254490733588	115215156351123.7
26.65835665241193	119066121623985.3
26.69126423146505	123045787222276.3
26.72417181051818	127158454489956
26.7570793895713	131408568230307.1
26.78998696862442	135800721987213.1
26.82289454767755	140339662773170.1
26.85580212673067	145030296242769.1
26.88870970578379	149877692243108.8
26.92161728483692	154887089286817.6
26.95452486389004	160063901798136.2
26.98743244294316	165413713928213.9
27.02034002199629	170942329634285.2
27.05324760104941	176655714732730
27.08615518010253	182560041651082
27.11906275915566	188661692818694.6
27.15197033820878	194967262890097.8
27.1848779172619	201483566927297.9
27.21778549631503	208217647791067
27.25069307536815	215176783523377.9
27.28360065442127	222368495564825.2
27.3165082334744	229800556668758
27.34941581252752	237480999366578.9
27.38232339158064	245418124995717.2
27.41523097063377	253620499440698.3
27.44813854968689	262097012003950
27.48104612874002	270856812172563.7
27.51395370779314	279909368667839.6
27.54686128684626	289264463318516.8
27.57976886589939	298932207783406.8
27.61267644495251	308923051201053.9
27.64558402400563	319247791524237.9
27.67849160305876	329917587713484.7
27.71139918211188	340943971651287.8
27.744306761165	352338860619041.1
27.77721434021813	364114570132699.4
27.81012191927125	376283827702479.4
27.84302949832437	388859784135818.2
27.8759370773775	401856026477326.7
27.90884465643062	415286614430745.1
27.94175223548374	429166056644344.3
27.97465981453687	443509355378250.2
28.00756739358999	458332010223425.3
28.04047497264311	473650042394486.7
28.07338255169624	489480007718308.3
28.10629013074936	505839015110360
28.13919770980248	522744745476880.6
28.17210528885561	540215470112602.4
28.20501286790873	558270071419664.6
28.23792044696185	576928063313272
28.27082802601498	596209609695903
28.3037356050681	616135539984615.2
28.33664318412123	636727412614193.1
28.36955076317435	658007471730430.5
28.40245834222747	679998716681336.6
28.4353659212806	702724915530038.4
28.46827350033372	726210632162531.2
28.50118107938684	750481247006415
28.53408865843997	775562992795224.9
28.56699623749309	801482977871702.4
28.59990381654621	828269216487429.5
28.63281139559934	855950658974386.6
28.66571897465246	884557223341445.6
28.69862655370558	914119827773634.5
28.73153413275871	944670421890618.5
28.76444171181183	976242014986936.9
28.79734929086495	1008868752201179
28.83025686991808	1042585884760902
28.8631644489712	1077429853608306
28.89607202802432	1113438318109693
28.92897960707745	1150650196043647
28.96188718613057	1189105706815633
28.99479476518369	1228846411162641
29.02770234423682	1269915261649012
29.06060992328994	1312356644934478
29.09351750234307	1356216431670684
29.12642508139619	1401542025279408
29.15933266044931	1448382414014492
29.19224023950244	1496788220739338
29.22514781855556	1546811764415132
29.25805539760868	1598507102173378
29.29096297666181	1651930120770801
29.32387055571493	1707138552306343
29.35677813476805	1764192065682858
29.38968571382118	1823152324091504
29.4225932928743	1884083051450254
29.45550087192742	1947050101564936
29.48840845098055	2012121530273464
29.52131603003367	2079367663781551
29.55422360908679	2148861182409506
29.58713118813992	2220677194349883
29.62003876719304	2294893318728472
29.65294634624616	2371589766738632
29.68585392529929	2450849431579618
29.71876150435241	2532757977641841
29.75166908340553	2617403919034339
29.78457666245866	2704878764654350
29.81748424151178	2795277044687764
29.85039182056491	2888696461279853
29.88329939961803	2985237981581862
29.91620697867115	3085005947237250
29.94911455772428	3188108186934050
29.9820221367774	3294656132975108
30.01492971583052	3404764943486650
30.04783729488365	3518553620436444
30.08074487393677	3636145147501064
30.11365245298989	3757666617194510
30.14656003204302	3883249368505897
30.17946761109614	4013029130308252
30.21237519014926	4147146169426031
30.24528276920239	4285745425789186
30.27819034825551	4428976721647036
30.31109792730863	4576994847824041
30.34400550636176	4729959781636232
30.37691308541488	4888036846806758
30.409820664468	5051396892145390
30.44272824352113	5220216476333595
30.47563582257425	5394678058574565
30.50854340162737	5574970195953105
30.5414509806805	5761287747296233
30.57435855973362	5953832084614431
30.60726613878674	6152811306631065
30.64017371783987	6358440470663770
30.67308129689299	6570941818052443
30.70598887594612	6790545018877109
30.73889645499924	7017487420666620
30.77180403405236	7252014292738460
30.80471161310549	7494379126487659
30.83761919215861	7744843860132878
30.87052677121173	8003679194430949
30.90343435026486	8271164877326096
30.93634192931798	8547590005613976
30.9692495083711	8833253337912088
31.00215708742423	9128463617476654
31.03506466647735	9433539905740814
31.06797224553047	9748811927558366
31.1008798245836	1.007462042643665e+16
31.13378740363672	1.041131753587641e+16
31.16669498268984	1.075926715400726e+16
31.19960256174297	1.111884534256283e+16
31.23251014079609	1.149044073160097e+16
31.26541771984921	1.187445493978812e+16
31.29832529890234	1.227130300697045e+16
31.33123287795546	1.268141383133171e+16
31.36414045700858	1.310523068347544e+16
31.39704803606171	1.354321160915717e+16
31.42995561511483	1.399582997519787e+16
31.46286319416796	1.44635749694496e+16
31.49577077322108	1.494695212609846e+16
31.5286783522742	1.5446483876478e+16
31.56158593132733	1.596271011155102e+16
31.59449351038045	1.649618876507796e+16
31.62740108943357	1.704749641702209e+16
31.6603086684867	1.761722891696775e+16
31.69321624753982	1.820600202844879e+16
31.72612382659294	1.881445209417307e+16
31.75903140564607	1.944323672001671e+16
31.79193898469919	2.009303549276688e+16
31.82484656375231	2.07645507122451e+16
31.85775414280544	2.145850814671228e+16
31.89066172185856	2.217565780715839e+16
31.92356930091168	2.291677480967439e+16
31.95647687996481	2.36826601352338e+16
31.98938445901793	2.44741415477447e+16
32.02229203807106	2.529207447465384e+16
32.05519961712418	2.6137342931631e+16
32.0881071961773	2.701086047884911e+16
32.12101477523043	2.791357120771558e+16
32.15392235428355	2.884645076148644e+16
32.18682993333667	2.98105073894575e+16
32.2197375123898	3.080678303691946e+16
0
1000	0.5109989461	100000000000000.1
5	0	0	1
5	0	0	0
-0.654933961680612	-67.63899099166461
-0.6220263826274882	-95.98576393932176
-0.5891188035743644	-125.5355419961129
-0.5562112245212406	-155.1124616031803
-0.5233036454681168	-183.9330935750158
-0.490396066414993	-211.5079590450091
-0.4574884873618692	-237.5551681068341
-0.4245809083087454	-261.9343506070861
-0.3916733292556216	-284.5990842149662
-0.3587657502024978	-305.5636973286275
-0.325858171149374	-324.8805209971542
-0.2929505920962502	-342.624493019511
-0.2600430130431264	-358.8828484080839
-0.2271354339900026	-373.7482965035626
-0.1942278549368788	-387.3145752712097
-0.161320275883755	-399.6736200548621
-0.1284126968306312	-410.9138245345601
-0.09550511777750736	-421.1190368228642
-0.06259753872438356	-430.3680466637971
-0.02968995967125975	-438.734396971964
0.003217619381864059	-446.2864058234493
0.03612519843498787	-453.0873212489701
0.06903277748811168	-459.1955560639379
0.1019403565412355	-464.6649670861031
0.1348479355943593	-469.5451548773433
0.1677555146474831	-473.8817682638511
0.2006630937006069	-477.7168034744729
0.2335706727537307	-481.0888915701645
0.2664782518068545	-484.0335704553904
0.2993858308599783	-486.5835395362947
0.3322934099131021	-487.5630845945049
0.3652009889662259	-489.1554454693014
0.3981085680193497	-490.4271360705679
0.4310161470724735	-491.4029423774355
0.4639237261255973	-492.1058518007739
0.4968313051787211	-492.5571598065636
0.529738884231845	-492.7765765655134
0.5626464632849688	-492.7823311579903
0.5955540423380926	-492.5912718442141
0.6284616213912164	-492.2189615297826
0.6613692004443402	-491.6867389241912
0.694276779497464	-490.9928695463709
0.7271843585505878	-490.15721428486
0.7600919376037116	-489.1911640281829
0.7929995166568354	-488.1052168302609
0.8259070957099592	-486.9090415329364
0.858814674763083	-485.6115366556083
0.8917222538162068	-484.2208847996371
0.9246298328693306	-482.7446028139213
0.9575374119224545	-481.189587962066
0.9904449909755783	-479.5697499835775
1.023352570028702	-477.8752082682251
1.056260149081826	-476.1185968557233
1.08916772813495	-474.3047435341017
1.122075307188074	-472.438078433039
1.154982886241198	-470.5226644208671
1.187890465294322	-468.5622250219928
1.220798044347446	-466.5601700687874
1.253705623400569	-464.5196192834764
1.286613202453693	-462.4434239685253
1.319520781506817	-460.330745180323
1.352428360559941	-458.1912917652837
1.385335939613065	-456.0235580994662
1.418243518666189	-453.8294470233664
1.451151097719313	-451.6106743811947
1.484058676772437	-449.3687840430106
1.516966255825561	-447.1051616019929
1.549873834878685	-444.8210468829823
1.582781413931809	-442.5175453833591
1.615688992984933	-440.1956387541408
1.648596572038056	-437.8541367049735
1.68150415109118	-435.4981896936906
1.714411730144304	-433.1262677768382
1.747319309197428	-430.7389099518668
1.780226888250552	-428.3365702326304
1.813134467303676	-425.9196251571469
1.8460420463568	-423.4883806425603
1.878949625409924	-421.0430782619021
1.911857204463048	-418.5839010082371
1.944764783516172	-416.11097860407
1.977672362569296	-413.6227395056319
2.010579941622419	-411.1227285056246
2.043487520675543	-408.6092059930843
2.076395099728667	-406.0821089917185
2.109302678781791	-403.5413395013296
2.142210257834915	-400.9867686129162
2.175117836888039	-398.4182403115249
2.208025415941163	-395.8355750072033
2.240932994994287	-393.2385728291041
2.273840574047411	-390.627016713268
2.306748153100535	-388.0013504864021
2.339655732153659	-385.3599326492692
2.372563311206783	-382.7031726247076
2.405470890259906	-380.0308156176861
2.43837846931303	-377.3426066342694
2.471286048366154	-374.6382929251522
2.504193627419278	-371.9176263136592
2.537101206472402	-369.1803654211157
2.570008785525526	-366.4262778004662
2.60291636457865	-363.6551419872633
2.635823943631774	-360.8692815798742
2.668731522684898	-358.0632137578806
2.701639101738022	-355.2393072225635
2.734546680791146	-352.3974223111147
2.76745425984427	-349.5374485035708
2.800361838897393	-346.6593065446173
2.833269417950517	-343.7629508759683
2.866176997003641	-340.8483724803399
2.899084576056765	-337.9156022773331
2.931992155109889	-334.964715268284
2.964899734163013	-331.9776015459946
2.997807313216137	-328.9915956884555
3.030714892269261	-325.9898282912743
3.063622471322385	-322.972770600462
3.096530050375509	-319.9409241419983
3.129437629428633	-316.894820930274
3.162345208481756	-313.8350235766963
3.19525278753488	-310.7621252665397
3.228160366588004	-307.6767495488915
3.261067945641128	-304.5795498387564
3.293975524694252	-302.48141556926
3.326883103747376	-277.388454575615
3.3597906828005	-294.5472356427458
3.392698261853624	-291.8594841564807
3.425605840906748	-288.8865364022806
3.458513419959872	-285.8306353137523
3.491420999012996	-282.7335609062762
3.52432857806612	-279.6094714814024
3.557236157119243	-276.4645558046286
3.590143736172367	-273.3020220280188
3.623051315225491	-270.105476489715
3.655958894278615	-266.9180060187403
3.688866473331739	-263.7165633403285
3.721774052384863	-260.5016927786113
3.754681631437987	-257.2739817555629
3.787589210491111	-254.0340637426727
3.820496789544235	-250.7826199946591
3.853404368597359	-247.5203804052057
3.886311947650483	-244.2481237033914
3.919219526703607	-240.9666771350487
3.95212710575673	-237.6739307921771
3.985034684809854	-234.3768350856612
4.017942263862978	-231.0736473226135
4.050849842916102	-227.765397903395
4.083757421969225	-224.4531433924635
4.116665001022349	-221.1379592541819
4.149572580075472	-217.8209317845832
4.182480159128596	-214.5031483973357
4.215387738181719	-211.1856854127676
4.248295317234843	-207.8695921724715
4.281202896287966	-204.0535287245637
4.314110475341089	-200.7513300086853
4.347018054394213	-197.5046166952683
4.379925633447336	-194.3230808312701
4.41283321250046	-191.2165459437596
4.445740791553583	-188.1948930824474
4.478648370606707	-185.267978910137
4.51155594965983	-182.445549016926
4.544463528712954	-179.7371494313971
4.577371107766077	-177.1520390467313
4.610278686819201	-152.5857146913034
4.643186265872324	-163.7373400089471
4.676093844925448	-165.8424237930383
4.709001423978571	-166.1332149537016
4.741909003031695	-165.792976082656
4.774816582084818	-165.1826429822722
4.807724161137942	-164.4473895866271
4.840631740191065	-163.6555798609972
4.873539319244188	-162.8427545117388
4.906446898297312	-162.0286157703399
4.939354477350435	-161.1249448021695
4.972262056403559	-160.3679138354906
5.005169635456682	-159.6302641735284
5.038077214509806	-158.9111887417326
5.070984793562929	-158.2100160743178
5.103892372616053	-157.5261375405648
5.136799951669176	-156.8589798758759
5.1697075307223	-156.2079942153075
5.202615109775423	-155.5726516120265
5.235522688828547	-154.9524411964274
5.26843026788167	-154.3548320435303
5.301337846934794	-153.7622539239245
5.334245425987917	-153.1829250381557
5.367153005041041	-152.6165339505093
5.400060584094164	-152.0627825582021
5.432968163147287	-151.5213870366305
5.465875742200411	-150.9920798605443
5.498783321253534	-150.4746166523317
5.531690900306658	-149.9688343049463
5.564598479359781	-149.4735870064964
5.597506058412905	-148.9793543952408
5.630413637466028	-148.5077552088923
5.663321216519152	-148.0480088903105
5.696228795572275	-147.5999664345269
5.729136374625399	-147.163469268212
5.762043953678522	-146.7383503263686
5.794951532731646	-146.3244350706306
5.827859111784769	-145.9215424495091
5.860766690837893	-145.5294858013044
5.893674269891016	-145.1480737007076
5.92658184894414	-144.7764633856055
5.959489427997263	-144.4158280618859
5.992397007050386	-144.065288929461
6.02530458610351	-143.7246329756014
6.058212165156633	-143.3936444264754
6.091119744209757	-143.072105618534
6.12402732326288	-142.7597977881795
6.156934902316004	-142.4565017847387
6.189842481369127	-142.1619987116818
6.222750060422251	-141.8760705009193
6.255657639475374	-141.5988796078655
6.288565218528498	-141.3294078895104
6.321472797581621	-141.0678390854765
6.354380376634745	-140.8139687237648
6.387287955687868	-140.5675960415696
6.420195534740992	-140.3285240670141
6.453103113794115	-140.0965596846031
6.486010692847239	-139.8715136861044
6.518918271900362	-139.6532008087619
6.551825850953485	-139.4414397633083
6.584733430006609	-139.235474197596
6.617641009059732	-139.0363607083066
6.650548588112856	-138.8433206374327
6.683456167165979	-138.656179326971
6.716363746219103	-138.4747648288609
6.749271325272226	-138.2989081658694
6.78217890432535	-138.1284435487876
6.815086483378473	-137.9632085544087
6.847994062431597	-137.8030442684075
6.88090164148472	-137.6477953969066
6.913809220537844	-137.4977384251929
6.946716799590967	-137.3518190648285
6.979624378644091	-137.2103404645538
7.012531957697214	-137.0731687775734
7.045439536750338	-136.9401749635429
7.078347115803461	-136.811234582043
7.111254694856584	-136.686227596695
7.144162273909708	-136.5650381892557
7.177069852962831	-136.4475545830822
7.209977432015955	-136.3336688753984
7.242885011069078	-136.2228454865084
7.275792590122202	-136.1158968054056
7.308700169175325	-136.0122756745312
7.341607748228449	-135.9118818323267
7.374515327281572	-135.8146171311212
7.407422906334696	-135.7203856065601
7.440330485387819	-135.6290935308447
7.473238064440943	-135.5406494515309
7.506145643494066	-135.4549642174872
7.53905322254719	-135.3719509934762
7.571960801600313	-135.2917823039488
7.604868380653437	-135.2138326354889
7.63777595970656	-135.1382892144346
7.670683538759683	-135.0650780511745
7.703591117812807	-134.9941280833843
7.73649869686593	-134.9253710428106
7.769406275919054	-134.8587413292212
7.802313854972177	-134.7941758910374
7.835221434025301	-134.7316141122034
7.868129013078424	-134.670997704894
7.901036592131548	-134.6115998611325
7.933944171184671	-134.5547910366994
7.966851750237795	-134.4998127565051
7.999759329290918	-134.4466044101508
8.032666908344043	-134.3951060552663
8.065574487397166	-134.3452586571753
8.098482066450289	-134.2970042826954
8.131389645503413	-134.2502862544255
8.164297224556536	-134.2050492711163
8.19720480360966	-134.1612394990359
8.230112382662783	-134.1190183148098
8.263019961715907	-134.077883180325
8.29592754076903	-134.0380072982632
8.328835119822154	-133.9993461907651
8.361742698875277	-133.9618575352002
8.394650277928401	-133.925501073694
8.427557856981524	-133.8902385245887
8.460465436034648	-133.8560334962137
8.493373015087771	-133.8228514032629
8.526280594140895	-133.7906593860189
8.559188173194018	-133.7592887674338
8.592095752247142	-133.7290057054002
8.625003331300265	-133.6996312271993
8.657910910353388	-133.6711362332077
8.690818489406512	-133.6434931029518
8.723726068459635	-133.6166756137851
8.756633647512759	-133.590658860762
8.789541226565882	-133.5654191793726
8.822448805619006	-133.5409340720534
8.855356384672129	-133.5171821389008
8.888263963725253	-133.494140646817
8.921171542778376	-133.4717949541892
8.9540791218315	-133.4501244838365
8.986986700884623	-133.4291116269322
9.019894279937747	-133.4087395625097
9.05280185899087	-133.3889922123333
9.085709438043994	-133.3698541992842
9.118617017097117	-133.3513108089146
9.15152459615024	-133.3333479538732
9.184432175203364	-133.3159521409277
9.217339754256487	-133.2979784597812
9.250247333309611	-133.2818593893577
9.283154912362734	-133.2663281011129
9.316062491415858	-133.2513515104261
9.348970070468981	-133.2368985409576
9.381877649522105	-133.2229400820069
9.414785228575228	-133.2094489122401
9.447692807628352	-133.1963996050108
9.480600386681475	-133.1837684250311
9.513507965734599	-133.1715332226348
9.546415544787722	-133.1597067390746
9.579323123840846	-133.1481983928321
9.612230702893969	-133.1370259385239
9.645138281947093	-133.1261731021163
9.678045861000216	-133.1156247402764
9.710953440053339	-133.1053667624516
9.743861019106463	-133.0953860641067
9.776768598159586	-133.0856704710389
9.80967617721271	-133.0762086951437
9.842583756265833	-133.0669903025961
9.875491335318957	-133.0577797701246
9.90839891437208	-133.0490329137727
9.941306493425204	-133.0405242569865
9.974214072478327	-133.0322474775994
10.00712165153145	-133.0241965634686
10.04002923058457	-133.0163657975885
10.0729368096377	-133.0087497441826
10.10584438869082	-133.0013432357054
10.13875196774394	-132.9941413606914
10.17165954679707	-132.9871394523952
10.20456712585019	-132.9803560129579
10.23747470490332	-132.9737388705279
10.27038228395644	-132.9673071456599
10.30328986300956	-132.9610572545717
10.33619744206269	-132.9549859038331
10.36910502111581	-132.9490900832615
10.40201260016893	-132.9433670599286
10.43492017922206	-132.9378143732527
10.46782775827518	-132.9324298311674
10.5007353373283	-132.9272115073571
10.53364291638143	-132.9221684803114
10.56655049543455	-132.9172769951543
10.59945807448767	-132.9125465977275
10.6323656535408	-132.9079764852997
10.66527323259392	-132.9035661711084
10.69818081164704	-132.899315491474
10.73108839070017	-132.8952246148185
10.76399596975329	-132.8912940527356
10.79690354880641	-132.8875246732856
10.82981112785954	-132.8839177167178
10.86271870691266	-132.880449374908
10.89562628596578	-132.8771744648427
10.92853386501891	-132.8740704049432
10.96144144407203	-132.8711400310043
10.99434902312515	-132.8683865574533
11.02725660217828	-132.8658136020784
11.0601641812314	-132.8634252136815
11.09307176028453	-132.8612259029984
11.12597933933765	-132.8592206772841
11.15888691839077	-132.8574150790136
11.1917944974439	-132.855255556373
11.22470207649702	-132.8539039471106
11.25760965555014	-132.8528251688307
11.29051723460327	-132.8520259640515
11.32342481365639	-132.8515105021713
11.35633239270951	-132.8512801279095
11.38923997176264	-132.8513331686124
11.42214755081576	-132.8516648127246
11.45505512986888	-132.8522670691092
11.48796270892201	-132.8531288133831
11.52087028797513	-132.8577025838772
11.55377786702825	-132.8584376855362
11.58668544608138	-132.859246451214
11.6195930251345	-132.8601542847681
11.65250060418762	-132.8611824160859
11.68540818324075	-132.8623501087707
11.71831576229387	-132.8636760001163
11.75122334134699	-132.8651790015475
11.78413092040012	-132.8668789749745
11.81703849945324	-132.868797302838
11.84994607850637	-132.8728634248394
11.88285365755949	-132.8753413648591
11.91576123661261	-132.8779300821502
11.94866881566574	-132.8805836459258
11.98157639471886	-132.8832074955353
12.01448397377198	-132.8855960370684
12.04739155282511	-132.8872459917289
12.08029913187823	-132.886615603297
12.11320671093135	-132.8760403002521
12.14611428998448	-131.5504571040994
12.1790218690376	-132.9172155134004
12.21192944809072	-132.9251113154873
12.24483702714385	-132.9336541923113
12.27774460619697	-132.9428616530866
12.31065218525009	-132.9527493300981
12.34355976430322	-132.9633306192772
12.37646734335634	-132.9746163015591
12.40937492240946	-132.9866141493604
12.44228250146259	-132.999328523714
12.47519008051571	-133.0127599688642
12.50809765956883	-133.0284693210926
12.54100523862196	-133.0431829752816
12.57391281767508	-133.0584548421909
12.6068203967282	-133.0742792189944
12.63972797578133	-133.0906519404586
12.67263555483445	-133.1075702562453
12.70554313388758	-133.1250327258347
12.7384507129407	-133.1430391286482
12.77135829199382	-133.1615903873499
12.80426587104695	-133.1806885026367
12.83717345010007	-133.2002574079704
12.87008102915319	-133.2204675092183
12.90298860820632	-133.2412426181377
12.93589618725944	-133.2625876583611
12.96880376631256	-133.2845081847153
13.00171134536569	-133.3070103777739
13.03461892441881	-133.3301010406021
13.06752650347193	-133.353787597604
13.10043408252506	-133.3780780953875
13.13334166157818	-133.4029812055869
13.1662492406313	-133.4282531841585
13.19915681968443	-133.4544291256983
13.23206439873755	-133.4812701524252
13.26497197779067	-133.5087862743738
13.2978795568438	-133.5369869300727
13.33078713589692	-133.5658808983376
13.36369471495004	-133.5954762030303
13.39660229400317	-133.6257800105067
13.42950987305629	-133.6567985195059
13.46241745210942	-133.6885368432688
13.49532503116254	-133.7206634565977
13.52823261021566	-133.7538642220755
13.56114018926879	-133.7878264042771
13.59404776832191	-133.8225518240132
13.62695534737503	-133.8580386912083
13.65986292642816	-133.8942808659084
13.69277050548128	-133.9312669888161
13.7256780845344	-133.9689794584388
13.75858566358753	-134.0073932278688
13.79149324264065	-134.046474389441
13.82440082169377	-134.0841605037913
13.8573084007469	-134.1243923783428
13.89021597980002	-134.1653434690308
13.92312355885314	-134.2069869519788
13.95603113790627	-134.2492796954931
13.98893871695939	-134.2921554484857
14.02184629601251	-134.3355145921229
14.05475387506564	-134.3792082729424
14.08766145411876	-134.4230129981157
14.12056903317188	-134.4665883075442
14.15347661222501	-134.3899033454226
14.18638419127813	-134.4397777266408
14.21929177033125	-134.4933518298816
14.25219934938438	-134.5509072308566
14.2851069284375	-134.6128067807754
14.31801450749063	-134.6794896339922
14.35092208654375	-134.7514756426138
14.38382966559687	-134.8293757394158
14.41673724465	-134.9139074247017
14.44964482370312	-135.0059156422992
14.48255240275624	-135.0782024068372
14.51545998180937	-135.1892795232743
14.54836756086249	-135.314167678168
14.58127513991561	-135.4549917972002
14.61418271896874	-135.6142567178683
14.64709029802186	-135.7949180346568
14.67999787707498	-136.0004632667085
14.71290545612811	-136.2350019549453
14.74581303518123	-136.503360402946
14.77872061423435	-136.8111715412285
14.81162819328748	-137.423161810546
14.8445357723406	-137.8356669642496
14.87744335139372	-138.2804045240739
14.91035093044685	-138.7579707577987
14.94325850949997	-139.2689329052235
14.97616608855309	-139.8138257620669
15.00907366760622	-140.3931481402792
15.04198124665934	-141.0073592170644
15.07488882571247	-141.6568747875495
15.10779640476559	-142.3420634388262
15.14070398381871	-143.0682356145725
15.17361156287184	-143.8252843571823
15.20651914192496	-144.6183429869812
15.23942672097808	-145.4475808143737
15.27233430003121	-146.3131260357179
15.30524187908433	-147.2150633030676
15.33814945813745	-148.1534312957609
15.37105703719058	-149.1282203098939
15.4039646162437	-150.1393698831764
15.43687219529682	-151.1867664740829
15.46977977434995	-152.2740959430636
15.50268735340307	-153.3930981806635
15.53559493245619	-154.5473319049621
15.56850251150932	-155.7364793717555
15.60141009056244	-156.9601779780042
15.63431766961556	-158.2180189805679
15.66722524866869	-159.5095463178767
15.70013282772181	-160.8342555491435
15.73304040677493	-162.1915929258302
15.76594798582806	-163.5809546100068
15.79885556488118	-165.0046483047052
15.8317631439343	-166.4557737158516
15.86467072298743	-167.9365569752519
15.89757830204055	-169.4462174377128
15.93048588109368	-170.9839359738622
15.9633934601468	-172.5488550314364
15.99630103919992	-174.1400788540851
16.02920861825305	-175.7566738638074
16.06211619730617	-177.3976692122262
16.09502377635929	-179.0620575049125
16.12793135541242	-180.7508194745625
16.16083893446554	-182.4586317843646
16.19374651351866	-184.1864406534465
16.22665409257179	-185.9331256530092
16.25956167162491	-187.6975439781883
16.29246925067804	-189.4785317163864
16.32537682973116	-191.2749052525314
16.35828440878428	-193.0854628067887
16.39119198783741	-194.9089860992988
16.42409956689053	-196.7442421355899
16.45700714594365	-198.5913637996054
16.48991472499678	-200.44619315369
16.5228223040499	-202.3088788092814
16.55572988310302	-204.1781661652892
16.58863746215615	-206.0528011097358
16.62154504120927	-207.9315318314113
16.65445262026239	-209.8131106848608
16.68736019931552	-211.6962960984617
16.72026777836864	-213.5798545151227
16.75317535742176	-215.4625623549821
16.78608293647489	-217.3442190926621
16.81899051552801	-219.2214927609938
16.85189809458113	-221.0942477305618
16.88480567363426	-222.9613340586236
16.91771325268738	-224.8216245427196
16.9506208317405	-226.674016118784
16.98352841079363	-228.5174312287585
17.01643598984675	-230.350819149129
17.04934356889988	-232.1731572723056
17.082251147953	-233.9834523332932
17.11515872700612	-235.7815668056166
17.14806630605925	-237.564821951939
17.18097388511237	-239.3331812330544
17.21388146416549	-241.0857922556015
17.24678904321862	-242.8218390427036
17.27969662227174	-244.5405423623068
17.31260420132486	-246.2411600011187
17.34551178037799	-247.9229869801541
17.37841935943111	-249.5853557086078
17.41132693848423	-251.2276360734576
17.44423451753736	-252.8499828886263
17.47714209659048	-254.4502519126267
17.5100496756436	-256.0287151614535
17.54295725469673	-257.5849044597592
17.57586483374985	-259.1183898071118
17.60877241280297	-260.6287786301109
17.6416799918561	-262.1157150236972
17.67458757090922	-263.5788789782328
17.70749514996234	-265.0179855897953
17.74040272901547	-266.4327842519062
17.77331030806859	-267.8238518282208
17.80621788712171	-269.1893046430291
17.83912546617484	-270.5298453565106
17.87203304522796	-271.8453668769752
17.90494062428109	-273.1357924066548
17.93784820333421	-274.4010740992995
17.97075578238733	-275.6411917887824
18.00366336144046	-276.8561517757357
18.03657094049358	-278.0459856619313
18.0694785195467	-279.2107492243087
18.10238609859983	-280.3524461815164
18.13529367765295	-281.4669113888353
18.16820125670607	-282.5565771951718
18.2011088357592	-283.6216172351712
18.23401641481232	-284.6622162618745
18.26692399386544	-285.6785713295883
18.29983157291857	-286.6708922007638
18.33273915197169	-287.639401320486
18.36564673102481	-288.5843335391185
18.39855431007794	-289.5059356832076
18.43146188913106	-290.4047364102858
18.46436946818418	-291.2804284751603
18.49727704723731	-292.1335798344644
18.53018462629043	-292.9644836437111
18.56309220534355	-293.7734422419184
18.59599978439668	-294.5607664825742
18.6289073634498	-295.3267750816918
18.66181494250293	-296.0717939856617
18.69472252155605	-296.7961557619255
18.72763010060917	-297.5001990159744
18.7605376796623	-298.1838807129732
18.79344525871542	-298.8483507869772
18.82635283776854	-299.4935841991176
18.85926041682167	-300.1199377543387
18.89216799587479	-300.7277703090263
18.92507557492791	-301.3174422577061
18.95798315398104	-301.8893150399329
18.99089073303416	-302.4437506675232
19.02379831208728	-302.9811112721862
19.05670589114041	-303.5017586735627
19.08961347019353	-304.0058510900619
19.12252104924665	-304.4941770748666
19.15542862829978	-304.9668847141753
19.1883362073529	-305.4243277981731
19.22124378640602	-305.8668573807448
19.25415136545915	-306.2948215614579
19.28705894451227	-306.7085652800163
19.31996652356539	-307.1084301229487
19.35287410261852	-307.4947541422866
19.38578168167164	-307.867871685966
19.41868926072476	-308.2281239932863
19.45159683977789	-308.5757961419345
19.48450441883101	-308.9112586399202
19.51741199788414	-309.234817273703
19.55031957693726	-309.5467829552098
19.58322715599038	-309.8474635692018
19.61613473504351	-310.1371628243508
19.64904231409663	-310.4161799223888
19.68194989314975	-310.6848094083298
19.71485747220288	-310.943341078517
19.747765051256	-311.1921783241931
19.78067263030912	-311.4313511753448
19.81358020936225	-311.6612575995145
19.84648778841537	-311.8821694599753
19.87939536746849	-312.0943539637091
19.91230294652162	-312.2980735947486
19.94521052557474	-312.4935860583242
19.97811810462786	-312.6811442355204
20.01102568368099	-312.8609961481973
20.04393326273411	-313.0333849339301
20.07684084178723	-313.1984548166986
20.10974842084036	-313.3566356461662
20.14265599989348	-313.5080612292147
20.1755635789466	-313.6529543051068
20.20847115799973	-313.791532374073
20.24137873705285	-313.9240077273059
20.27428631610598	-314.0505874829391
20.3071938951591	-314.1714736278731
20.34010147421222	-314.2868630654515
20.37300905326535	-314.3969476692108
20.40591663231847	-314.5024313026798
20.43882421137159	-314.6024386952403
20.47173179042472	-314.6976382490358
20.50463936947784	-314.788198430559
20.53754694853096	-314.8742834729466
20.57045452758409	-314.9560533671834
20.60336210663721	-315.0336638325194
20.63626968569033	-315.1072662424235
20.66917726474346	-315.1770074528175
20.70208484379658	-315.2430293998656
20.7349924228497	-315.3092466401478
20.76790000190283	-315.3686912640989
20.80080758095595	-315.4247275499265
20.83371516000907	-315.4774807506354
20.8666227390622	-315.5270746358692
20.89953031811532	-315.5736312153053
20.93243789716844	-315.617270489364
20.96534547622157	-315.6581102262997
20.99825305527469	-315.6962657646463
21.03116063432782	-315.7318498399065
21.06406821338094	-315.7650144390489
21.09697579243406	-315.795777416391
21.12988337148719	-315.8242872263839
21.16279095054031	-315.8506455488633
21.19569852959343	-315.8749509735999
21.22860610864656	-315.8972989334974
21.26151368769968	-315.9177816583227
21.2944212667528	-315.9364881470744
21.32732884580593	-315.9535041571641
21.36023642485905	-315.9689122086944
21.39314400391217	-315.9827523338947
21.4260515829653	-315.995182545799
21.45895916201842	-316.0062364653831
21.49186674107154	-316.0159837265882
21.52477432012467	-316.024490788426
21.55768189917779	-316.0318209805004
21.59058947823091	-316.0380345466204
21.62349705728404	-316.0431886842806
21.65640463633716	-316.0473375773275
21.68931221539028	-316.0505324184791
21.72221979444341	-316.0527278039442
21.75512737349653	-316.0541523712157
21.78803495254965	-316.0547693438207
21.82094253160278	-316.0546214333992
21.8538501106559	-316.0537486642879
21.88675768970903	-316.0521882381105
21.91966526876215	-316.0499742674863
21.95257284781527	-316.0471372725629
21.9854804268684	-316.0437032250593
22.01838800592152	-316.0396916700581
22.05129558497464	-316.0277808399196
22.08420316402777	-316.0232163089933
22.11711074308089	-316.0182441161169
22.15001832213401	-316.0129013748038
22.18292590118714	-316.0072185260831
22.21583348024026	-316.0012220131468
22.24874105929338	-315.9949355358037
22.28164863834651	-315.9883807108792
22.31455621739963	-315.9815774568591
22.34746379645275	-315.9745442393461
22.38037137550588	-315.9669594879889
22.413278954559	-315.9595711207983
22.44618653361212	-315.9520179626771
22.47909411266525	-315.9443077784521
22.51200169171837	-315.9364478775547
22.54490927077149	-315.9284451276569
22.57781684982462	-315.9203059697039
22.61072442887774	-315.9120364339059
22.64363200793087	-315.9036421563366
22.67653958698399	-315.8951283958458
22.70944716603711	-315.8866918062644
22.74235474509024	-315.8779238390243
22.77526232414336	-315.8690398106724
22.80816990319648	-315.860047085332
22.84107748224961	-315.8509525726342
22.87398506130273	-315.8417627538563
22.90689264035585	-315.8324837070628
22.93980021940898	-315.8231211311284
22.9727077984621	-315.8136803685798
23.00561537751522	-315.8041664272575
23.03852295656835	-315.7945834898707
23.07143053562147	-315.7849370353995
23.10433811467459	-315.7752306545319
23.13724569372772	-315.7654682028202
23.17015327278084	-315.7556532912279
23.20306085183396	-315.7457893014928
23.23596843088709	-315.7358794005548
23.26887600994021	-315.7259265540946
23.30178358899333	-315.715933539238
23.33469116804646	-315.7059029564699
23.36759874709958	-315.6958372938527
23.4005063261527	-315.6857387198206
23.43341390520583	-315.6756094236315
23.46632148425895	-315.6654514047333
23.49922906331208	-315.6552665353891
23.5321366423652	-315.6450565687583
23.56504422141832	-315.6348231464676
23.59795180047145	-315.6245678057042
23.63085937952457	-315.6142919858621
23.66376695857769	-315.6039970347641
23.69667453763082	-315.5936841893581
23.72958211668394	-315.5833546839546
23.76248969573706	-315.5730095999665
23.79539727479019	-315.562649973434
23.82830485384331	-315.5522767743979
23.86121243289643	-315.5418909111006
23.89412001194956	-315.5314932339203
23.92702759100268	-315.521084539057
23.9599351700558	-315.5106655719845
23.99284274910893	-315.5002370306796
24.02575032816205	-315.4897995579494
24.05865790721517	-315.4793537880084
24.0915654862683	-315.468900283005
24.12447306532142	-315.4584395792303
24.15738064437454	-315.4479721787551
24.19028822342767	-315.4374985516057
24.22319580248079	-315.4270191378027
24.25610338153392	-315.4165343492721
24.28901096058704	-315.4060445716315
24.32191853964016	-315.395550165864
24.35482611869329	-315.3850514805162
24.38773369774641	-315.3745488096889
24.42064127679953	-315.3640424601578
24.45354885585266	-315.3535327091654
24.48645643490578	-315.3430198162646
24.5193640139589	-315.3325040244436
24.55227159301203	-315.3219855611835
24.58517917206515	-315.3114646394469
24.61808675111827	-315.3009414586016
24.6509943301714	-315.2904162052877
24.68390190922452	-315.2798890724456
24.71680948827764	-315.2693601855406
24.74971706733077	-315.2588297160527
24.78262464638389	-315.2482978074904
24.81553222543701	-315.2377645942805
24.84843980449014	-315.2272302023498
24.88134738354326	-315.2166947496727
24.91425496259638	-315.2061583467794
24.94716254164951	-315.1956210972336
24.98007012070263	-315.1850830980828
25.01297769975575	-315.1745444108105
25.04588527880888	-315.1640051822488
25.078792857862	-315.1534654626452
25.11170043691513	-315.1429253266363
25.14460801596825	-315.1323848440601
25.17751559502137	-315.1218440802555
25.2104231740745	-315.1113030963481
25.24333075312762	-315.1007619495122
25.27623833218074	-315.0902206932205
25.30914591123387	-315.0796793774751
25.34205349028699	-315.0691380687492
25.37496106934011	-315.0585967695288
25.40786864839324	-315.0480555404836
25.44077622744636	-315.037514419949
25.47368380649948	-315.0269734438321
25.50659138555261	-315.0164326457664
25.53949896460573	-315.0058920572594
25.57240654365885	-314.9953517078273
25.60531412271198	-314.9848116251254
25.6382217017651	-314.9742718350672
25.67112928081822	-314.9637323628336
25.70403685987135	-314.9531932293043
25.73694443892447	-314.9426544567156
25.76985201797759	-314.9321160650728
25.80275959703072	-314.9215780731376
25.83566717608384	-314.9110404985066
25.86857475513697	-314.9005033576886
25.90148233419009	-314.8899666661741
25.93438991324321	-314.8794304385033
25.96729749229634	-314.8688946883254
26.00020507134946	-314.8583594198835
26.03311265040258	-314.8478246631444
26.06602022945571	-314.837290420791
26.09892780850883	-314.8267567033803
26.13183538756195	-314.8162235207985
26.16474296661508	-314.8056908823032
26.1976505456682	-314.7951587965621
26.23055812472132	-314.7846272716897
26.26346570377445	-314.7740963152826
26.29637328282757	-314.7635659344507
26.32928086188069	-314.7530361316965
26.36218844093382	-314.7425069219224
26.39509601998694	-314.7319783067808
26.42800359904006	-314.7214502916855
26.46091117809319	-314.7109228816772
26.49381875714631	-314.700396081449
26.52672633619943	-314.6898698953658
26.55963391525256	-314.6793443274826
26.59254149430568	-314.6688193815615
26.6254490733588	-314.6582950610922
26.65835665241193	-314.6477713766877
26.69126423146505	-314.6372483159022
26.72417181051818	-314.6267258889145
26.7570793895713	-314.6162040983269
26.78998696862442	-314.6056829465683
26.82289454767755	-314.5951624359042
26.85580212673067	-314.5846425684483
26.88870970578379	-314.5741233461723
26.92161728483692	-314.5636047709148
26.95452486389004	-314.5530868443887
26.98743244294316	-314.5425695704461
27.02034002199629	-314.5320529458629
27.05324760104941	-314.5215369742945
27.08615518010253	-314.5110216570527
27.11906275915566	-314.5005069953714
27.15197033820878	-314.4899929904079
27.1848779172619	-314.4794796432535
27.21778549631503	-314.4689669549351
27.25069307536815	-314.4584549264214
27.28360065442127	-314.4479435586268
27.3165082334744	-314.4374328531305
27.34941581252752	-314.426922809255
27.38232339158064	-314.4164134284957
27.41523097063377	-314.4059047115942
27.44813854968689	-314.3953966592603
27.48104612874002	-314.3848892721724
27.51395370779314	-314.3743825509813
27.54686128684626	-314.3638764963133
27.57976886589939	-314.3533711087709
27.61267644495251	-314.3428663889377
27.64558402400563	-314.3323623342378
27.67849160305876	-314.3218589517828
27.71139918211188	-314.311356238946
27.744306761165	-314.3008541962179
27.77721434021813	-314.2903528240656
27.81012191927125	-314.2798521229329
27.84302949832437	-314.2693520932424
27.8759370773775	-314.2588527353948
27.90884465643062	-314.2483540497734
27.94175223548374	-314.2378560367429
27.97465981453687	-314.2273586937279
28.00756739358999	-314.2168620271717
28.04047497264311	-314.2063660344521
28.07338255169624	-314.1958707158475
28.10629013074936	-314.1853760716119
28.13919770980248	-314.174882101973
28.17210528885561	-314.1643888071378
28.20501286790873	-314.1538961872888
28.23792044696185	-314.1434042425871
28.27082802601498	-314.1329129731724
28.3037356050681	-314.1224223832341
28.33664318412123	-314.1119324643659
28.36955076317435	-314.1014432207415
28.40245834222747	-314.0909546524592
28.4353659212806	-314.0804667596157
28.46827350033372	-314.0699795423076
28.50118107938684	-314.0594930006307
28.53408865843997	-314.0490071346824
28.56699623749309	-314.0385219445592
28.59990381654621	-314.0280374303592
28.63281139559934	-314.0175535904052
28.66571897465246	-314.0070704285102
28.69862655370558	-313.9965879429902
28.73153413275871	-313.9861061339313
28.76444171181183	-313.9756250014172
28.79734929086495	-313.9651445455245
28.83025686991808	-313.9546647663259
28.8631644489712	-313.9441856638885
28.89607202802432	-313.9337072382746
28.92897960707745	-313.9232294895434
28.96188718613057	-313.9127524221523
28.99479476518369	-313.9022760269459
29.02770234423682	-313.8918003084023
29.06060992328994	-313.8813252666048
29.09351750234307	-313.8708509016511
29.12642508139619	-313.860377213654
29.15933266044931	-313.8499042027403
29.19224023950244	-313.839431869054
29.22514781855556	-313.8289602127515
29.25805539760868	-313.8184892340059
29.29096297666181	-313.8080189221064
29.32387055571493	-313.7975493000301
29.35677813476805	-313.7870803570359
29.38968571382118	-313.7766120932586
29.4225932928743	-313.766144508801
29.45550087192742	-313.755677603735
29.48840845098055	-313.7452113780997
29.52131603003367	-313.7347458319034
29.55422360908679	-313.7242809651236
29.58713118813992	-313.7138167777061
29.62003876719304	-313.7033532792663
29.65294634624616	-313.6928904494167
29.68585392529929	-313.6824282977626
29.71876150435241	-313.6719668242119
29.75166908340553	-313.6615060286847
29.78457666245866	-313.65104591111
29.81748424151178	-313.640586471429
29.85039182056491	-313.6301277095932
29.88329939961803	-313.6196696255647
29.91620697867115	-313.6092122193172
29.94911455772428	-313.5987554886138
29.9820221367774	-313.5882994380899
30.01492971583052	-313.5778440655157
30.04783729488365	-313.567389370887
30.08074487393677	-313.5569353541998
30.11365245298989	-313.5464820154519
30.14656003204302	-313.5360293546414
30.17946761109614	-313.5255773717679
30.21237519014926	-313.5151260668325
30.24528276920239	-313.5046754398372
30.27819034825551	-313.4942254866925
30.31109792730863	-313.4837762159551
30.34400550636176	-313.4733276235157
30.37691308541488	-313.4628797093453
30.409820664468	-313.4524324733981
30.44272824352113	-313.4419859156122
30.47563582257425	-313.4315400359106
30.50854340162737	-313.4210948341987
30.5414509806805	-313.4106503103675
30.57435855973362	-313.4002064642914
30.60726613878674	-313.3897633074161
30.64017371783987	-313.3793208153606
30.67308129689299	-313.3688789996179
30.70598887594612	-313.3584378601043
30.73889645499924	-313.3479973967714
30.77180403405236	-313.3375576096024
30.80471161310549	-313.3271184986146
30.83761919215861	-313.3166800638572
30.87052677121173	-313.3062423054105
30.90343435026486	-313.2958052233886
30.93634192931798	-313.2853687972613
30.9692495083711	-313.2749330703993
31.00215708742423	-313.2644980222344
31.03506466647735	-313.2540636528215
31.06797224553047	-313.2436299621586
31.1008798245836	-313.2331969501838
31.13378740363672	-313.2227646167753
31.16669498268984	-313.2123329617535
31.19960256174297	-313.2019019848791
31.23251014079609	-313.1914716858527
31.26541771984921	-313.1810421065791
31.29832529890234	-313.1706131582309
31.33123287795546	-313.1601848829425
31.36414045700858	-313.1497572805698
31.39704803606171	-313.1393303510818
31.42995561511483	-313.1289040945602
31.46286319416796	-313.1184785111956
31.49577077322108	-313.1080536012847
31.5286783522742	-313.0976293652283
31.56158593132733	-313.0872058035288
31.59449351038045	-313.0767829167862
31.62740108943357	-313.0663607056981
31.6603086684867	-313.055939171056
31.69321624753982	-313.0455183137417
31.72612382659294	-313.0350981347289
31.75903140564607	-313.0246786350765
31.79193898469919	-313.0142598159298
31.82484656375231	-313.0038416785172
31.85775414280544	-312.9934242241479
31.89066172185856	-312.9830074542104
31.92356930091168	-312.9725913701703
31.95647687996481	-312.9621759735689
31.98938445901793	-312.951761266021
32.02229203807106	-312.941347249213
32.05519961712418	-312.9309339249018
32.0881071961773	-312.9205212949117
32.12101477523043	-312.9101093611353
32.15392235428355	-312.8996981255287
32.18682993333667	-312.8892875901125
32.2197375123898	-312.878877756969
