0
1000	0.5109989461	100000000000000.1
5	0	0	1
5	0	0	0
-0.654933961680612	0.0002636405621433407
-0.6220263826274882	0.0009750486133043926
-0.5891188035743644	0.001956396259870089
-0.5562112245212406	0.003229397450555956
-0.5233036454681168	0.004808978513655199
-0.490396066414993	0.006705131329544381
-0.4574884873618692	0.008924378513607695
-0.4245809083087454	0.01147087740104784
-0.3916733292556216	0.01434723101907753
-0.3587657502024978	0.01755507532836044
-0.325858171149374	0.02109550072295683
-0.2929505920962502	0.02496935268095078
-0.2600430130431264	0.02917744504072834
-0.2271354339900026	0.03372071039369673
-0.1942278549368788	0.03860030534145794
-0.161320275883755	0.04381768342414906
-0.1284126968306312	0.04937464494888816
-0.09550511777750736	0.05527337037107413
-0.06259753872438356	0.06151644202960928
-0.02968995967125975	0.06810685770565045
0.003217619381864059	0.0750480385154892
0.03612519843498787	0.08234383295579327
0.06903277748811168	0.08999851841827355
0.1019403565412355	0.09801680112712434
0.1348479355943593	0.1064038151879729
0.1677555146474831	0.1151651212442084
0.2006630937006069	0.1243067050957595
0.2335706727537307	0.1338349765325409
0.2664782518068545	0.1437567685596757
0.2993858308599783	0.1540793371368186
0.3322934099131021	0.1648021634557212
0.3652009889662259	0.1759227958440001
0.3981085680193497	0.1874669371732083
0.4310161470724735	0.199435022268678
0.4639237261255973	0.2118263475311788
0.4968313051787211	0.2246629508957399
0.529738884231845	0.2379599709515399
0.5626464632849688	0.2517028914518379
0.5955540423380926	0.2659168650128623
0.6284616213912164	0.2806140232269307
0.6613692004443402	0.2957895882033806
0.694276779497464	0.3114679191512192
0.7271843585505878	0.3276507169682397
0.7600919376037116	0.344361296376993
0.7929995166568354	0.3616175900435609
0.8259070957099592	0.3794019326884113
0.858814674763083	0.3977688890773178
0.8917222538162068	0.416702561595537
0.9246298328693306	0.4362324711316329
0.9575374119224545	0.4563661191136347
0.9904449909755783	0.4771233187606477
1.023352570028702	0.498515045150082
1.056260149081826	0.5205649878336118
1.08916772813495	0.5432817291653187
1.122075307188074	0.5666918333338309
1.154982886241198	0.5907992889665463
1.187890465294322	0.6156333096138179
1.220798044347446	0.6412043104165306
1.253705623400569	0.6675516143598947
1.286613202453693	0.6946623805365228
1.319520781506817	0.7225846939951461
1.352428360559941	0.7513331927403406
1.385335939613065	0.7809104247958922
1.418243518666189	0.811349717772767
1.451151097719313	0.8426906862224864
1.484058676772437	0.8749336995915403
1.516966255825561	0.9081238122043057
1.549873834878685	0.942247316744604
1.582781413931809	0.9773521760807817
1.615688992984933	1.013484039279117
1.648596572038056	1.050633701634558
1.68150415109118	1.088847572803874
1.714411730144304	1.128153306218458
1.747319309197428	1.168543616170384
1.780226888250552	1.210093014116686
1.813134467303676	1.252793026372656
1.8460420463568	1.296699237970501
1.878949625409924	1.341824024116151
1.911857204463048	1.388205640356733
1.944764783516172	1.435878705005632
1.977672362569296	1.484839243956602
2.010579941622419	1.535167537268541
2.043487520675543	1.586844097618153
2.076395099728667	1.639952581715119
2.109302678781791	1.694493583552416
2.142210257834915	1.750501080296027
2.175117836888039	1.808019199865253
2.208025415941163	1.867080567919578
2.240932994994287	1.927691285510236
2.273840574047411	1.989918353269738
2.306748153100535	2.053792372338621
2.339655732153659	2.119331790194869
2.372563311206783	2.186562533483166
2.405470890259906	2.25555757987924
2.43837846931303	2.32632411298553
2.471286048366154	2.398893903951916
2.504193627419278	2.473322971695913
2.537101206472402	2.549625322109842
2.570008785525526	2.627854787929115
2.60291636457865	2.708010394179957
2.635823943631774	2.790166316158466
2.668731522684898	2.874352527798094
2.701639101738022	2.960595049067794
2.734546680791146	3.048898351792865
2.76745425984427	3.139354650951812
2.800361838897393	3.231970464118037
2.833269417950517	3.326768836901644
2.866176997003641	3.423802273035392
2.899084576056765	3.523078620969323
2.931992155109889	3.624659918001494
2.964899734163013	3.728554628507195
2.997807313216137	3.834812105054519
3.030714892269261	3.943453660704134
3.063622471322385	4.054483144248835
3.096530050375509	4.167973845750742
3.129437629428633	4.283940657247523
3.162345208481756	4.402407839311394
3.19525278753488	4.52340280489542
3.228160366588004	4.646932769235099
3.261067945641128	4.773021824185569
3.293975524694252	4.901733930490808
3.326883103747376	5.033066872219222
3.3597906828005	5.16703203336378
3.392698261853624	5.303667642162813
3.425605840906748	5.442985510408921
3.458513419959872	5.584978917934845
3.491420999012996	5.729704774411963
3.52432857806612	5.877155406462525
3.557236157119243	6.027349680208284
3.590143736172367	6.180303621658612
3.623051315225491	6.336014782014662
3.655958894278615	6.494478973637812
3.688866473331739	6.655733590082425
3.721774052384863	6.819788008784159
3.754681631437987	6.986628725240361
3.787589210491111	7.156263833281283
3.820496789544235	7.328688718405172
3.853404368597359	7.503908732285946
3.886311947650483	7.681902424742742
3.919219526703607	7.862665196925214
3.95212710575673	8.046227322818446
3.985034684809854	8.23256613665145
4.017942263862978	8.42166957523188
4.050849842916102	8.613521364850206
4.083757421969225	8.808105101815109
4.116665001022349	9.005437195600901
4.149572580075472	9.205471808790996
4.182480159128596	9.408194327568134
4.215387738181719	9.613613212048483
4.248295317234843	9.821702813412484
4.281202896287966	10.03242087652032
4.314110475341089	10.24432569990741
4.347018054394213	10.46024974596165
4.379925633447336	10.67799974692555
4.41283321250046	10.89940133247209
4.445740791553583	11.12218411442033
4.478648370606707	11.34935637259201
4.51155594965983	11.57812370834506
4.544463528712954	11.8116388464081
4.577371107766077	12.04769512421066
4.610278686819201	12.28838318385751
4.643186265872324	12.42260501381418
4.676093844925448	12.74068893759333
4.709001423978571	12.93945449581719
4.741909003031695	13.25447895204303
4.774816582084818	13.40158766131327
4.807724161137942	13.77254424904129
4.840631740191065	13.89860716730462
4.873539319244188	14.32521679282985
4.906446898297312	14.45206065147563
4.939354477350435	14.92924209257115
4.972262056403559	15.26805073376644
5.005169635456682	15.52051012128836
5.038077214509806	15.89952253641835
5.070984793562929	16.13881229015296
5.103892372616053	16.56772955745295
5.136799951669176	16.79450661221934
5.1697075307223	17.29350262773566
5.202615109775423	17.69778690831819
5.235522688828547	18.00347280007643
5.26843026788167	18.46346026673876
5.301337846934794	18.67699949950617
5.334245425987917	19.27076374271221
5.367153005041041	19.7416797167731
5.400060584094164	20.13879651296924
5.432968163147287	20.64773758662035
5.465875742200411	20.69720296282153
5.498783321253534	21.56235533664218
5.531690900306658	22.11039942244804
5.564598479359781	22.4419136388209
5.597506058412905	23.12794622312274
5.630413637466028	23.71218841746775
5.663321216519152	24.1999810032784
5.696228795572275	24.85171768897546
5.729136374625399	25.47290348430593
5.762043953678522	25.97065659435842
5.794951532731646	26.69154591455253
5.827859111784769	27.37560598985528
5.860766690837893	27.93273917481231
5.893674269891016	28.71346371378273
5.92658184894414	29.46037224010693
5.959489427997263	30.12064230161889
5.992397007050386	30.94693559898273
6.02530458610351	31.75466824899719
6.058212165156633	32.38018096286415
6.091119744209757	33.34613153118245
6.12402732326288	34.24145787368762
6.156934902316004	34.79501143736069
6.189842481369127	35.9809869665045
6.222750060422251	36.97140500978652
6.255657639475374	37.96455329504771
6.288565218528498	38.89898729184269
6.321472797581621	39.98335383593315
6.354380376634745	41.06910900630295
6.387287955687868	41.91905842445587
6.420195534740992	43.23619829738666
6.453103113794115	44.447762650723
6.486010692847239	45.67334454314722
6.518918271900362	46.78262791658199
6.551825850953485	48.15484469748709
6.584733430006609	49.51052985143453
6.617641009059732	50.89491905878728
6.650548588112856	52.24311991948468
6.683456167165979	53.74017095153087
6.716363746219103	55.26063296840685
6.749271325272226	56.39545793223705
6.78217890432535	58.32373739939881
6.815086483378473	60.02609029407827
6.847994062431597	61.75255331955332
6.88090164148472	63.1014276636224
6.913809220537844	65.24183639278627
6.946716799590967	67.168695073761
6.979624378644091	69.12825564750044
7.012531957697214	71.13996710502535
7.045439536750338	73.1335670826026
7.078347115803461	75.30463180882766
7.111254694856584	77.51883402173127
7.144162273909708	79.79832825360558
7.177069852962831	81.9781901802196
7.209977432015955	84.49060544749575
7.242885011069078	87.0207748159701
7.275792590122202	89.61395915766246
7.308700169175325	91.95270590264174
7.341607748228449	94.93486157437464
7.374515327281572	97.82387073549373
7.407422906334696	100.7780474798325
7.440330485387819	103.8193483534403
7.473238064440943	106.8341479688809
7.506145643494066	110.1342998623417
7.53905322254719	113.4941063540392
7.571960801600313	116.9513198809721
7.604868380653437	120.5133743558779
7.63777595970656	124.0309624439755
7.670683538759683	127.9076244935238
7.703591117812807	131.8579101655062
7.73649869686593	135.9225660662196
7.769406275919054	140.111180459108
7.802313854972177	144.270458832489
7.835221434025301	148.8170248197729
7.868129013078424	153.4577095811356
7.901036592131548	158.2353012991594
7.933944171184671	163.1613963018225
7.966851750237795	168.1148585022321
7.999759329290918	173.4360114880354
8.032666908344043	178.8818971339554
8.065574487397166	184.4940587920918
8.098482066450289	190.2862088179677
8.131389645503413	195.8945135099263
8.164297224556536	202.3109589548776
8.19720480360966	208.7440156770319
8.230112382662783	215.3581752939586
8.263019961715907	222.1799304114259
8.29592754076903	229.2210734910296
8.328835119822154	236.2639244416661
8.361742698875277	243.8967373263158
8.394650277928401	251.6956590739172
8.427557856981524	259.7324431192991
8.460465436034648	268.0272100718214
8.493373015087771	276.592138359582
8.526280594140895	285.3099365741619
8.559188173194018	294.5140910901507
8.592095752247142	303.980160072976
8.625003331300265	313.7488620188931
8.657910910353388	323.8365828802587
8.690818489406512	334.2562382013966
8.723726068459635	344.782074283218
8.756633647512759	356.0322231515455
8.789541226565882	367.5690376286785
8.822448805619006	379.468492089154
8.855356384672129	391.7564292212462
8.888263963725253	404.4474485463319
8.921171542778376	417.1286123359884
8.9540791218315	430.9610254293707
8.986986700884623	445.0239178184529
9.019894279937747	459.5223903480876
9.05280185899087	474.4913134583527
9.085709438043994	489.9547742053024
9.118617017097117	505.9325276916739
9.15152459615024	522.261832932444
9.184432175203364	539.4226154666707
9.217339754256487	557.0840881305749
9.250247333309611	575.3215450677493
9.283154912362734	594.1624989391726
9.316062491415858	613.6296836304538
9.348970070468981	633.7501015158745
9.381877649522105	654.2385716817444
9.414785228575228	675.8964815533773
9.447692807628352	698.1585637280626
9.480600386681475	721.1381442003528
9.513507965734599	744.8789087887628
9.546415544787722	769.412386298294
9.579323123840846	794.7668284090884
9.612230702893969	820.4405180958829
9.645138281947093	847.8724916325561
9.678045861000216	875.9397781701465
9.710953440053339	904.9069398435639
9.743861019106463	934.8268974211701
9.776768598159586	965.7491528946084
9.80967617721271	997.7087453149721
9.842583756265833	1030.741240732516
9.875491335318957	1064.6519540442
9.90839891437208	1100.066459260127
9.941306493425204	1136.560566293901
9.974214072478327	1174.276507472614
10.00712165153145	1213.245337956619
10.04002923058457	1253.527953245939
10.0729368096377	1295.152359610266
10.10584438869082	1338.18313863412
10.13875196774394	1382.237076052054
10.17165954679707	1428.455658115503
10.20456712585019	1476.021633943519
10.23747470490332	1525.158345194905
10.27038228395644	1576.083342054775
10.30328986300956	1628.609953703406
10.33619744206269	1682.906346374972
10.36910502111581	1739.07429176743
10.40201260016893	1797.513092788825
10.43492017922206	1856.538433849982
10.46782775827518	1918.86240848224
10.5007353373283	1983.100184300551
10.53364291638143	2049.563680843049
10.56655049543455	2117.913622862928
10.59945807448767	2188.337945505918
10.6323656535408	2261.869176166708
10.66527323259392	2338.020330988989
10.69818081164704	2413.752982320447
10.73108839070017	2497.45258154937
10.76399596975329	2582.110345528482
10.79690354880641	2669.727547726219
10.82981112785954	2760.866241279583
10.86271870691266	2854.205611807145
10.89562628596578	2951.188821916134
10.92853386501891	3053.024857644294
10.96144144407203	3158.218758454638
10.99434902312515	3263.077814439512
11.02725660217828	3379.349788157356
11.0601641812314	3497.440271919208
11.09307176028453	3620.274463837942
11.12597933933765	3747.664139861212
11.15888691839077	3879.262862027366
11.1917944974439	4016.781862424679
11.22470207649702	4160.563317963138
11.25760965555014	4309.698420637562
11.29051723460327	4465.072269635027
11.32342481365639	4625.927074924109
11.35633239270951	4793.150906598858
11.38923997176264	4969.356819019839
11.42214755081576	5152.241275390624
11.45505512986888	5342.937743445654
11.48796270892201	5541.227277627005
11.52087028797513	5747.742028355757
11.55377786702825	5964.330356823108
11.58668544608138	6189.992670001244
11.6195930251345	6425.641584670225
11.65250060418762	6670.756019039814
11.68540818324075	6927.736484293404
11.71831576229387	7195.760063917769
11.75122334134699	7476.0110811851
11.78413092040012	7768.797126630884
11.81703849945324	8073.534451856234
11.84994607850637	8393.024261967723
11.88285365755949	8727.850905012088
11.91576123661261	9077.356958404969
11.94866881566574	9442.739352988845
11.98157639471886	9825.597235986304
12.01448397377198	10223.4033213262
12.04739155282511	10641.94845335748
12.08029913187823	11079.03661884993
12.11320671093135	11536.94042657804
12.14611428998448	12016.06167824135
12.1790218690376	12516.34657230926
12.21192944809072	13041.43659489587
12.24483702714385	13590.63337700273
12.27774460619697	14165.30053901233
12.31065218525009	14766.81330624441
12.34355976430322	15396.78711839587
12.37646734335634	16053.99262330147
12.40937492240946	16744.79958009902
12.44228250146259	17467.03433191116
12.47519008051571	18222.62424898488
12.50809765956883	19014.1751740238
12.54100523862196	19843.0439798882
12.57391281767508	20709.05180930439
12.6068203967282	21616.79204878192
12.63972797578133	22566.7918129518
12.67263555483445	23561.05880804223
12.70554313388758	24601.6517794383
12.7384507129407	25691.2147506524
12.77135829199382	26829.78452018597
12.80426587104695	28022.33324119027
12.83717345010007	29269.8934118671
12.87008102915319	30574.41487317575
12.90298860820632	31940.10215967601
12.93589618725944	33368.67879139402
12.96880376631256	34860.98935669026
13.00171134536569	36423.20335208639
13.03461892441881	38056.42733767199
13.06752650347193	39763.92623882352
13.10043408252506	41549.01501653354
13.13334166157818	43414.87295317991
13.1662492406313	45361.992042759
13.19915681968443	47401.6739297663
13.23206439873755	49530.75842631236
13.26497197779067	51755.05230100908
13.2978795568438	54078.37818792607
13.33078713589692	56504.35412478528
13.36369471495004	59039.24226666844
13.39660229400317	61683.07191315707
13.42950987305629	64445.34012755707
13.46241745210942	67328.02264748282
13.49532503116254	70336.30838148805
13.52823261021566	73475.21711998542
13.56114018926879	76749.95842563962
13.59404776832191	80167.03497488226
13.62695534737503	83727.40705591111
13.65986292642816	87442.69670816282
13.69277050548128	91315.90430734199
13.7256780845344	95353.41425491239
13.75858566358753	99561.65163010318
13.79149324264065	103946.1192790425
13.82440082169377	108516.4767862865
13.8573084007469	113274.851044549
13.89021597980002	118233.2699453358
13.92312355885314	123396.8710589887
13.95603113790627	128773.4220619894
13.98893871695939	134370.8845320311
14.02184629601251	140198.0986984695
14.05475387506564	146262.4308835338
14.08766145411876	152570.7737483681
14.12056903317188	159137.4292970806
14.15347661222501	165967.6317525715
14.18638419127813	173071.9576812358
14.21929177033125	180460.2413749689
14.25219934938438	188143.3178605649
14.2851069284375	196131.3062271391
14.31801450749063	204433.7723453466
14.35092208654375	213061.9848441794
14.38382966559687	222030.6053313679
14.41673724465	231349.8496671999
14.44964482370312	241031.3755001688
14.48255240275624	251088.6761615463
14.51545998180937	261535.1725843997
14.54836756086249	272383.6267655328
14.58127513991561	283652.246104452
14.61418271896874	295343.7920202964
14.64709029802186	307485.8646556558
14.67999787707498	320089.2393454746
14.71290545612811	333169.8809948156
14.74581303518123	346744.5118225004
14.77872061423435	360830.7822736144
14.81162819328748	375445.4727271615
14.8445357723406	390607.1224020097
14.87744335139372	406330.0100077253
14.91035093044685	422640.6657911961
14.94325850949997	439555.827290235
14.97616608855309	457096.2880296804
15.00907366760622	475284.204521447
15.04198124665934	494139.4910335852
15.07488882571247	513686.143678219
15.10779640476559	533946.4033609009
15.14070398381871	554945.0112390555
15.17361156287184	576709.1326908931
15.20651914192496	599262.6357930829
15.23942672097808	622632.7665851284
15.27233430003121	646845.9061576151
15.30524187908433	671931.6641872318
15.33814945813745	697918.5686674907
15.37105703719058	724836.5474782708
15.4039646162437	752720.501410783
15.43687219529682	781595.5126610841
15.46977977434995	811502.5852549751
15.50268735340307	842472.30988865
15.53559493245619	874541.4972785276
15.56850251150932	907746.6170559156
15.60141009056244	942125.6344934321
15.63431766961556	977717.7911042784
15.66722524866869	1014563.501511373
15.70013282772181	1052710.516732875
15.73304040677493	1092185.054891211
15.76594798582806	1133049.406656204
15.79885556488118	1175344.283430482
15.8317631439343	1219116.619992056
15.86467072298743	1264416.68449575
15.89757830204055	1311304.70417552
15.93048588109368	1359813.516074961
15.9633934601468	1410005.652580797
15.99630103919992	1461938.999393427
16.02920861825305	1515666.956511498
16.06211619730617	1571247.542944465
16.09502377635929	1628703.914441509
16.12793135541242	1688402.792417358
16.16083893446554	1749885.897190019
16.19374651351866	1813540.506204257
16.22665409257179	1879369.749802702
16.25956167162491	1947488.713063898
16.29246925067804	2017931.12308606
16.32537682973116	2091272.39386759
16.35828440878428	2166253.22929612
16.39119198783741	2244187.600393513
16.42409956689053	2324793.127218322
16.45700714594365	2408139.707456782
16.48991472499678	2494336.518414324
16.5228223040499	2583414.975354868
16.55572988310302	2675816.341832172
16.58863746215615	2771066.552481027
16.62154504120927	2869609.532610897
16.65445262026239	2971491.938750127
16.68736019931552	3076844.817423633
16.72026777836864	3185768.222253282
16.75317535742176	3298236.388843606
16.78608293647489	3414971.930534431
16.81899051552801	3535321.332424478
16.85189809458113	3659772.028102126
16.88480567363426	3788411.917973471
16.91771325268738	3921427.134006389
16.9506208317405	4058924.022049203
16.98352841079363	4200915.835564804
17.01643598984675	4348105.881926159
17.04934356889988	4499985.248708869
17.082251147953	4656998.70285638
17.11515872700612	4819290.020831444
17.14806630605925	4987061.279051258
17.18097388511237	5160467.373875192
17.21388146416549	5339571.186831633
17.24678904321862	5525149.071912724
17.27969662227174	5716620.413603799
17.31260420132486	5914561.969467898
17.34551178037799	6119135.905114527
17.37841935943111	6330610.048370374
17.41132693848423	6549177.660235439
17.44423451753736	6775033.694834115
17.47714209659048	7008775.289383073
17.5100496756436	7250011.610471281
17.54295725469673	7499421.649131501
17.57586483374985	7757177.605930469
17.60877241280297	8023610.792431333
17.6416799918561	8298971.085965414
17.67458757090922	8583548.572198553
17.70749514996234	8877241.097430961
17.74040272901547	9181742.097590486
17.77331030806859	9495884.799850682
17.80621788712171	9820560.907275405
17.83912546617484	10156094.82016583
17.87203304522796	10502879.04279211
17.90494062428109	10861264.05315705
17.93784820333421	11231611.80396621
17.97075578238733	11614768.29123915
18.00366336144046	12010131.20238396
18.03657094049358	12418936.44478788
18.0694785195467	12841432.09875939
18.10238609859983	13278042.22594228
18.13529367765295	13729279.15218117
18.16820125670607	14195602.01221484
18.2011088357592	14677479.87576312
18.23401641481232	15175832.65127247
18.26692399386544	15690366.47025464
18.29983157291857	16222248.35605401
18.33273915197169	16771925.21578321
18.36564673102481	17339958.65478383
18.39855431007794	17927007.41169984
18.43146188913106	18533672.88006378
18.46436946818418	19160597.16040968
18.49727704723731	19808815.20679115
18.53018462629043	20478152.48080937
18.56309220534355	21170069.82195703
18.59599978439668	21885119.74542134
18.6289073634498	22624049.84323283
18.66181494250293	23387690.1724983
18.69472252155605	24176841.13603473
18.72763010060917	24992344.36319673
18.7605376796623	25834882.39092843
18.79344525871542	26706205.65830667
18.82635283776854	27606188.63365847
18.85926041682167	28536277.10406559
18.89216799587479	29497417.50255631
18.92507557492791	30490704.8968817
18.95798315398104	31517169.53891607
18.99089073303416	32577920.26783339
19.02379831208728	33674076.05920783
19.05670589114041	34807433.2117648
19.08961347019353	35977699.21185251
19.12252104924665	37187436.48926893
19.15542862829978	38437602.28173415
19.1883362073529	39729506.14509238
19.22124378640602	41064598.29564394
19.25415136545915	42444282.52013027
19.28705894451227	43870047.09954555
19.31996652356539	45343410.0359061
19.35287410261852	46866251.49158888
19.38578168167164	48439597.40053467
19.41868926072476	50065613.52992541
19.45159683977789	51745945.62922702
19.48450441883101	53482388.95368454
19.51741199788414	55276851.68060528
19.55031957693726	57131247.15169615
19.58322715599038	59047571.49179918
19.61613473504351	61027872.32876796
19.64904231409663	63075031.85946932
19.68194989314975	65189360.03136604
19.71485747220288	67374804.85600804
19.747765051256	69633264.89805156
19.78067263030912	71967134.06217735
19.81358020936225	74378989.18376814
19.84648778841537	76871394.18168116
19.87939536746849	79447042.72950864
19.91230294652162	82108697.73790312
19.94521052557474	84859085.87818205
19.97811810462786	87701883.85947467
20.01102568368099	90639206.67311873
20.04393326273411	93674674.06722954
20.07684084178723	96811530.67957082
20.10974842084036	100053133.7525484
20.14265599989348	103403031.6024006
20.1755635789466	106864809.5568009
20.20847115799973	110442203.1628395
20.24137873705285	114139059.4431361
20.27428631610598	117957085.3218154
20.3071938951591	121907450.7016314
20.34010147421222	125987234.3853213
20.37300905326535	130203284.7631935
20.40591663231847	134560127.3285065
20.43882421137159	139062506.3457305
20.47173179042472	143715254.7908739
20.50463936947784	148523393.6918264
20.53754694853096	153492125.6466593
20.57045452758409	158626767.2654906
20.60336210663721	163931209.6255941
20.63626968569033	169416475.2589143
20.66917726474346	175082960.8796154
20.70208484379658	180938714.7093122
20.7349924228497	186990045.283745
20.76790000190283	193243456.6590055
20.80080758095595	199705759.7050622
20.83371516000907	206383868.9955727
20.8666227390622	213285025.3051287
20.89953031811532	220416641.0416541
20.93243789716844	227786308.2642885
20.96534547622157	235402608.2894573
20.99825305527469	243272831.9521563
21.03116063432782	251405976.3591625
21.06406821338094	259810764.0680278
21.09697579243406	268496213.176608
21.12988337148719	277471767.5460683
21.16279095054031	286747077.3009431
21.19569852959343	296332154.6002876
21.22860610864656	306237337.1233316
21.26151368769968	316473305.8026182
21.2944212667528	327050437.8390047
21.32732884580593	337982355.7811643
21.36023642485905	349278524.5339899
21.39314400391217	360951923.7972043
21.4260515829653	373015181.817834
21.45895916201842	385481290.5859014
21.49186674107154	398363733.6490361
21.52477432012467	411676375.1815092
21.55768189917779	425433613.9997328
21.59058947823091	439650274.4594508
21.62349705728404	454341681.0584165
21.65640463633716	469522995.7677069
21.68931221539028	485213006.3868433
21.72221979444341	501425956.244059
21.75512737349653	518180384.1995075
21.78803495254965	535494304.1053489
21.82094253160278	553386369.190751
21.8538501106559	571875862.6579723
21.88675768970903	590982872.5183177
21.91966526876215	610727992.1459448
21.95257284781527	631132350.7318071
21.9854804268684	652218109.1623259
22.01838800592152	674007883.6737245
22.05129558497464	696525755.1400626
22.08420316402777	719795022.1828145
22.11711074308089	743841409.1824118
22.15001832213401	768690661.6046281
22.18292590118714	794361058.5836908
22.21583348024026	820897728.9218374
22.24874105929338	848320599.6309252
22.28164863834651	876659239.241158
22.31455621739963	905944246.205144
22.34746379645275	936207221.2350324
22.38037137550588	967480790.8364958
22.413278954559	999798610.6434873
22.44618653361212	1033195990.98161
22.47909411266525	1067702983.422532
22.51200169171837	1103367540.938651
22.54490927077149	1140223820.426069
22.57781684982462	1178310976.607816
22.61072442887774	1217670161.606764
22.64363200793087	1258343821.3781
22.67653958698399	1300375821.8422
22.70944716603711	1343811531.271613
22.74235474509024	1388697683.672466
22.77526232414336	1435074125.882487
22.80816990319648	1483008170.210635
22.84107748224961	1532544480.736629
22.87398506130273	1583734162.769361
22.90689264035585	1636633532.074679
22.93980021940898	1691299610.435796
22.9727077984621	1747791322.663219
23.00561537751522	1806169684.485009
23.03852295656835	1866497612.650782
23.07143053562147	1928831393.112966
23.10433811467459	1993255732.965903
23.13724569372772	2059832649.73382
23.17015327278084	2128632795.9846
23.20306085183396	2199730723.411361
23.23596843088709	2273202605.046959
23.26887600994021	2349129702.684309
23.30178358899333	2427591670.915179
23.33469116804646	2508674129.665653
23.36759874709958	2592464421.871243
23.4005063261527	2679047436.579113
23.43341390520583	2768527645.38256
23.46632148425895	2860997401.435833
23.49922906331208	2956554948.880925
23.5321366423652	3055303915.76166
23.56504422141832	3157350855.412884
23.59795180047145	3262805903.443256
23.63085937952457	3371782840.496642
23.66376695857769	3484399006.001307
23.69667453763082	3600767715.932104
23.72958211668394	3721031677.784486
23.76248969573706	3845313140.548553
23.79539727479019	3973744841.147372
23.82830485384331	4106465849.941765
23.86121243289643	4243619466.76193
23.89412001194956	4385353716.909334
23.92702759100268	4531821538.419174
23.9599351700558	4683181027.396081
23.99284274910893	4839595444.074897
24.02575032816205	5001224472.83893
24.05865790721517	5168260694.465932
24.0915654862683	5340876520.382271
24.12447306532142	5519257849.046508
24.15738064437454	5703595558.393541
24.19028822342767	5894090252.707439
24.22319580248079	6090947124.586665
24.25610338153392	6294378661.06246
24.28901096058704	6504604333.464526
24.32191853964016	6721851112.107847
24.35482611869329	6946347453.433225
24.38773369774641	7178347200.32427
24.42064127679953	7418096442.470019
24.45354885585266	7665852328.840684
24.48645643490578	7921882767.865392
24.5193640139589	8186464108.254833
24.55227159301203	8459881884.820326
24.58517917206515	8742432496.906324
24.61808675111827	9034417546.089077
24.6509943301714	9336155190.475634
24.68390190922452	9647970104.40489
24.71680948827764	9970189176.845848
24.74971706733077	10303180568.291
24.78262464638389	10647292736.84133
24.81553222543701	11002897578.45884
24.84843980449014	11370378923.43151
24.88134738354326	11750133416.96959
24.91425496259638	12142570957.4511
24.94716254164951	12548115121.49917
24.98007012070263	12967203632.60987
25.01297769975575	13400288848.59827
25.04588527880888	13847838014.92795
25.078792857862	14310324975.06481
25.11170043691513	14788268142.4804
25.14460801596825	15282173824.06783
25.17751559502137	15792575061.60471
25.2104231740745	16320022780.33406
25.24333075312762	16865086249.22098
25.27623833218074	17428353850.97549
25.30914591123387	18010433535.72079
25.34205349028699	18611953581.84562
25.37496106934011	19233563265.49646
25.40786864839324	19875933478.92189
25.44077622744636	20539751306.19678
25.47368380649948	21225746056.27748
25.50659138555261	21934651758.78531
25.53949896460573	22667233532.90458
25.57240654365885	23424282863.15528
25.60531412271198	24206615342.58972
25.6382217017651	25015076545.44305
25.67112928081822	25850538861.93706
25.70403685987135	26713904052.15739
25.73694443892447	27606103979.14566
25.76985201797759	28528101701.60322
25.80275959703072	29480882410.11714
25.83566717608384	30465494623.84025
25.86857475513697	31482991079.73074
25.90148233419009	32534470056.15737
25.93438991324321	33621066508.11874
25.96729749229634	34743953261.64989
26.00020507134946	35904342432.7377
26.03311265040258	37103486427.38945
26.06602022945571	38342679487.95789
26.09892780850883	39623260000.73647
26.13183538756195	40946608853.98889
26.16474296661508	42314155230.11098
26.1976505456682	43727364680.99678
26.23055812472132	45187783767.21197
26.26346570377445	46696978238.55219
26.29637328282757	48256577170.27726
26.32928086188069	49868263943.16084
26.36218844093382	51533778198.04737
26.39509601998694	53254917673.84479
26.42800359904006	55033540152.45181
26.46091117809319	56871565458.37717
26.49381875714631	58770977533.93814
26.52672633619943	60733826578.19022
26.55963391525256	62762231796.98281
26.59254149430568	64858374202.12601
26.6254490733588	67024532735.76123
26.65835665241193	69263035349.27429
26.69126423146505	71576300814.72652
26.72417181051818	73966825309.31096
26.7570793895713	76437189129.28641
26.78998696862442	78990058749.44493
26.82289454767755	81628189736.64151
26.85580212673067	84354429659.4373
26.88870970578379	87171721192.7319
26.92161728483692	90083105290.11139
26.95452486389004	93091724463.15024
26.98743244294316	96200815833.62482
27.02034002199629	99413756061.39546
27.05324760104941	102734003032.1708
27.08615518010253	106165140489.7646
27.11906275915566	109710871966.5093
27.15197033820878	113375024692.9798
27.1848779172619	117161533881.5745
27.21778549631503	121074546772.1904
27.25069307536815	125118226551.3018
27.28360065442127	129296958287.7034
27.3165082334744	133615252446.3475
27.34941581252752	138077770159.0103
27.38232339158064	142689328553.0761
27.41523097063377	147454893448.8748
27.44813854968689	152379631728.6663
27.48104612874002	157468847924.8382
27.51395370779314	162728035295.9502
27.54686128684626	168162870596.6551
27.57976886589939	173779220140.8644
27.61267644495251	179583146216.5782
27.64558402400563	185580913567.8277
27.67849160305876	191778996160.0056
27.71139918211188	198184084187.4848
27.744306761165	204803091227.4708
27.77721434021813	211643162973.0373
27.81012191927125	218711680328.8971
27.84302949832437	226016273578.2951
27.8759370773775	233564821898.1135
27.90884465643062	241365486080.502
27.94175223548374	249426679361.399
27.97465981453687	257757102923.9123
28.00756739358999	266365748723.8399
28.04047497264311	275261908826.739
28.07338255169624	284455185764.6336
28.10629013074936	293955502751.5678
28.13919770980248	303773114425.4396
28.17210528885561	313918617894.5287
28.20501286790873	324402964210.2727
28.23792044696185	335237470733.0659
28.27082802601498	346433830589.3522
28.3037356050681	358004119717.5797
28.33664318412123	369960848511.4324
28.36955076317435	382316912179.3519
28.40245834222747	395085648454.894
28.4353659212806	408280838895.7485
28.46827350033372	421916726944.5853
28.50118107938684	436008031166.2091
28.53408865843997	450569961678.5898
28.56699623749309	465618236642.1688
28.59990381654621	481169099230.0493
28.63281139559934	497239335046.3622
28.66571897465246	513846290295.0557
28.69862655370558	531007890898.9801
28.73153413275871	548742659685.7838
28.76444171181183	567069730328.4126
28.79734929086495	586008906748.8766
28.83025686991808	605580620680.9703
28.8631644489712	625805997991.5459
28.89607202802432	646706870004.0153
28.92897960707745	668305797121.7965
28.96188718613057	690626093295.0642
28.99479476518369	713691851052.4377
29.02770234423682	737527968871.5582
29.06060992328994	762160172561.4071
29.09351750234307	787615052662.9637
29.12642508139619	813920084621.9648
29.15933266044931	841103662687.6138
29.19224023950244	869195127028.5116
29.22514781855556	898224801670.5818
29.25805539760868	928224013725.3788
29.29096297666181	959225158415.8038
29.32387055571493	991261691626.2377
29.35677813476805	1024368193604.796
29.38968571382118	1058580399694.696
29.4225932928743	1093935238658.328
29.45550087192742	1130470872655.506
29.48840845098055	1168226738441.357
29.52131603003367	1207243589788.202
29.55422360908679	1247563541743.319
29.58713118813992	1289230115759.485
29.62003876719304	1332288287547.885
29.65294634624616	1376784533048.271
29.68585392529929	1422766880451.376
29.71876150435241	1470284969103.503
29.75166908340553	1519390073098.061
29.78457666245866	1570135221751.699
29.81748424151178	1622575177907.994
29.85039182056491	1676766545909.509
29.88329939961803	1732767819966.141
29.91620697867115	1790639448289.941
29.94911455772428	1850443897844.133
29.9820221367774	1912245721858.406
30.01492971583052	1976111629581.941
30.04783729488365	2042110558285.062
30.08074487393677	2110313747616.677
30.11365245298989	2180794816877.553
30.14656003204302	2253629843097.763
30.17946761109614	2328897444301.802
30.21237519014926	2406678866518.114
30.24528276920239	2487058055078.874
30.27819034825551	2570121795271.869
30.31109792730863	2655959734932.73
30.34400550636176	2744664528071.054
30.37691308541488	2836331923200.342
30.409820664468	2931060867648.8
30.44272824352113	3028953611238.609
30.47563582257425	3130115820688.559
30.50854340162737	3234656691287.526
30.5414509806805	3342689065225.916
30.57435855973362	3454329553317.882
30.60726613878674	3569698661282.141
30.64017371783987	3688920920034.825
30.67308129689299	3812125017781.174
30.70598887594612	3939443941793.798
30.73889645499924	4071015122729.721
30.77180403405236	4206980571251.188
30.80471161310549	4347487064774.968
30.83761919215861	4492686259672.027
30.87052677121173	4642734884962.825
30.90343435026486	4797794904751.735
30.93634192931798	4958033692073.757
30.9692495083711	5123624209865.945
31.00215708742423	5294745198072.985
31.03506466647735	5471581366275.319
31.06797224553047	5654323592958.901
31.1008798245836	5843169131546.569
31.13378740363672	6038321824930.216
31.16669498268984	6239992321068.716
31.19960256174297	6448398305003.4
31.23251014079609	6663764732136.994
31.26541771984921	6886324071889.432
31.29832529890234	7116316556567.726
31.33123287795546	7353990430238.015
31.36414045700858	7599602264530.97
31.39704803606171	7853417163139.712
31.42995561511483	8115709096307.277
31.46286319416796	8386761184493.227
31.49577077322108	8666866004561.196
31.5286783522742	8956325904300.098
31.56158593132733	9255453329457.508
31.59449351038045	9564571161313.242
31.62740108943357	9884013064990.725
31.6603086684867	10214123849275.69
31.69321624753982	10555259839747.11
31.72612382659294	10907789261335.82
31.75903140564607	11272092638521.17
31.79193898469919	11648563203378.17
31.82484656375231	12037607323934.3
31.85775414280544	12439644937598.8
31.89066172185856	12855109997729.42
31.92356930091168	13284450983222.91
31.95647687996481	13728131319890.23
31.98938445901793	14186629920132.16
32.02229203807106	14660441692790.42
32.05519961712418	15150078075680.41
32.0881071961773	15656067587713.17
32.12101477523043	16178956399916.84
32.15392235428355	16719308924435.97
32.18682993333667	17277708424116.46
32.2197375123898	17854757641671.3
0
1000	0.5109989461	100000000000000.1
5	0	0	1
5	0	0	0
-0.654933961680612	-0.0342677079812027
-0.6220263826274882	-0.04766555325937344
-0.5891188035743644	-0.06157358604967713
-0.5562112245212406	-0.07548416599920178
-0.5233036454681168	-0.08905432612048347
-0.490396066414993	-0.1020660192109276
-0.4574884873618692	-0.1143908192334316
-0.4245809083087454	-0.1259624384392063
-0.3916733292556216	-0.1367565743054129
-0.3587657502024978	-0.1467765920310789
-0.325858171149374	-0.1560435413941886
-0.2929505920962502	-0.1645892838993296
-0.2600430130431264	-0.1724518111388419
-0.2271354339900026	-0.1796720910479052
-0.1942278549368788	-0.1862919729654632
-0.161320275883755	-0.1923528232623356
-0.1284126968306312	-0.1978946630700435
-0.09550511777750736	-0.2029556494757872
-0.06259753872438356	-0.207571790146296
-0.02968995967125975	-0.2117768150902055
0.003217619381864059	-0.2156021527002647
0.03612519843498787	-0.2190769735016147
0.06903277748811168	-0.2222282763664166
0.1019403565412355	-0.225080999854655
0.1348479355943593	-0.227658146852822
0.1677555146474831	-0.2299809145298853
0.2006630937006069	-0.2320688243147008
0.2335706727537307	-0.2339398484691602
0.2664782518068545	-0.2356105311296262
0.2993858308599783	-0.2370961025854548
0.3322934099131021	-0.2379673765611747
0.3652009889662259	-0.2389819732212357
0.3981085680193497	-0.2398325732990202
0.4310161470724735	-0.2405309835520004
0.4639237261255973	-0.241088290913377
0.4968313051787211	-0.2415149136637704
0.529738884231845	-0.2418206497513714
0.5626464632849688	-0.2420147217050261
0.5955540423380926	-0.2421058177949949
0.6284616213912164	-0.2421021292716938
0.6613692004443402	-0.2419131346739655
0.694276779497464	-0.2417581836824306
0.7271843585505878	-0.2415352176929701
0.7600919376037116	-0.2412491821482639
0.7929995166568354	-0.2409047095121913
0.8259070957099592	-0.2405061065602839
0.858814674763083	-0.2400573552869075
0.8917222538162068	-0.2395621211892721
0.9246298328693306	-0.2390237654428774
0.9575374119224545	-0.2384453589520069
0.9904449909755783	-0.2378360530226904
1.023352570028702	-0.2371852630219665
1.056260149081826	-0.2365014308351869
1.08916772813495	-0.2357866385549923
1.122075307188074	-0.2350427849890761
1.154982886241198	-0.2342715979055494
1.187890465294322	-0.2334746456423893
1.220798044347446	-0.2326533480824687
1.253705623400569	-0.2318089870038933
1.286613202453693	-0.2309427158218854
1.319520781506817	-0.2300551479835606
1.352428360559941	-0.229148100164481
1.385335939613065	-0.2282219506255134
1.418243518666189	-0.2272774189530088
1.451151097719313	-0.2263151360544771
1.484058676772437	-0.2253356509365101
1.516966255825561	-0.224339437033245
1.549873834878685	-0.2233268981193446
1.582781413931809	-0.2222983738397617
1.615688992984933	-0.2212541448867799
1.648596572038056	-0.2201939489452039
1.68150415109118	-0.2191190068468474
1.714411730144304	-0.218028927332731
1.747319309197428	-0.2169237921913348
1.780226888250552	-0.2158036453703182
1.813134467303676	-0.2146684968464702
1.8460420463568	-0.2135183262584065
1.878949625409924	-0.2123530863268197
1.911857204463048	-0.2111727060845721
1.944764783516172	-0.2099770939366346
1.977672362569296	-0.2087652654950635
2.010579941622419	-0.2075389468581689
2.043487520675543	-0.2062970907610847
2.076395099728667	-0.2050395387819085
2.109302678781791	-0.2037661230664293
2.142210257834915	-0.2024766689488152
2.175117836888039	-0.2011709974459194
2.208025415941163	-0.1998489276402874
2.240932994994287	-0.1985102789646963
2.273840574047411	-0.197154873399049
2.306748153100535	-0.1957828736054055
2.339655732153659	-0.1943934242362632
2.372563311206783	-0.192986685728397
2.405470890259906	-0.1915625111905756
2.43837846931303	-0.1901207687357729
2.471286048366154	-0.1886613433926615
2.504193627419278	-0.1871841389236507
2.537101206472402	-0.1856890795545315
2.570008785525526	-0.1841761116189838
2.60291636457865	-0.1826452051196652
2.635823943631774	-0.1810952761593627
2.668731522684898	-0.1795286228932023
2.701639101738022	-0.1779441788636473
2.734546680791146	-0.1763420093312133
2.76745425984427	-0.1747222068314352
2.800361838897393	-0.1730848923506944
2.833269417950517	-0.1714302163722337
2.866176997003641	-0.1697583597994038
2.899084576056765	-0.1680695347606063
2.931992155109889	-0.1663639852984517
2.964899734163013	-0.1646389695487626
2.997807313216137	-0.162902221749568
3.030714892269261	-0.1611490179487541
3.063622471322385	-0.1593801306678537
3.096530050375509	-0.1575960887732467
3.129437629428633	-0.1557973843990296
3.162345208481756	-0.1539845189182148
3.19525278753488	-0.1521580170346513
3.228160366588004	-0.1503184318622863
3.261067945641128	-0.1484663467966039
3.293975524694252	-0.1466014204451476
3.326883103747376	-0.144726229119191
3.3597906828005	-0.1428405202920471
3.392698261853624	-0.1409449897691998
3.425605840906748	-0.1390403589555978
3.458513419959872	-0.1371273733984318
3.491420999012996	-0.1352068012320743
3.52432857806612	-0.1332794315338317
3.557236157119243	-0.1313460726016382
3.590143736172367	-0.129407550168065
3.623051315225491	-0.1274668176114987
3.655958894278615	-0.1255202941882012
3.688866473331739	-0.1235709999428476
3.721774052384863	-0.121619837127266
3.754681631437987	-0.1196677247339325
3.787589210491111	-0.1177155960473689
3.820496789544235	-0.1157643961540827
3.853404368597359	-0.1138150794202685
3.886311947650483	-0.1118686069472243
3.919219526703607	-0.1099259440150178
3.95212710575673	-0.1079858328025878
3.985034684809854	-0.10605383461907
4.017942263862978	-0.1041287462080632
4.050849842916102	-0.1022115210758829
4.083757421969225	-0.1003030945001022
4.116665001022349	-0.09840437969895992
4.149572580075472	-0.09651626357798099
4.182480159128596	-0.09463960186387529
4.215387738181719	-0.09277521333420717
4.248295317234843	-0.09092387269057391
4.281202896287966	-0.0888055558853266
4.314110475341089	-0.08698823842877659
4.347018054394213	-0.08521449871098605
4.379925633447336	-0.08348927381073112
4.41283321250046	-0.08181738305866532
4.445740791553583	-0.08020349826377443
4.478648370606707	-0.07865211354437839
4.51155594965983	-0.07716751610735606
4.544463528712954	-0.0757537591583977
4.577371107766077	-0.0744146379137163
4.610278686819201	-0.0586097819457824
4.643186265872324	-0.06692608500323603
4.676093844925448	-0.06841080149700156
4.709001423978571	-0.0687191033346075
4.741909003031695	-0.06863615387943366
4.774816582084818	-0.06838823111755553
4.807724161137942	-0.06806364714852349
4.840631740191065	-0.06770322167428934
4.873539319244188	-0.0673279161953607
4.906446898297312	-0.06694925598769728
4.939354477350435	-0.0665044181998132
4.972262056403559	-0.06615741841207499
5.005169635456682	-0.06581850209913527
5.038077214509806	-0.06548761561785631
5.070984793562929	-0.06516464322439044
5.103892372616053	-0.06484943046342725
5.136799951669176	-0.06454179876657293
5.1697075307223	-0.06424155499644009
5.202615109775423	-0.06394849788152847
5.235522688828547	-0.06366242244317222
5.26843026788167	-0.06338695875912903
5.301337846934794	-0.06311404289019125
5.334245425987917	-0.06284678382563139
5.367153005041041	-0.06258558012262609
5.400060584094164	-0.06233024657971068
5.432968163147287	-0.06208065669415057
5.465875742200411	-0.0618366968241884
5.498783321253534	-0.06159826242623892
5.531690900306658	-0.06136525768283678
5.564598479359781	-0.06113759585054949
5.597506058412905	-0.060910419464175
5.630413637466028	-0.06069361111483872
5.663321216519152	-0.06048236226218579
5.696228795572275	-0.06027660309846944
5.729136374625399	-0.06007625856748514
5.762043953678522	-0.05988124897655867
5.794951532731646	-0.0596914905730262
5.827859111784769	-0.05950689608548175
5.860766690837893	-0.05932737523031782
5.893674269891016	-0.05915283518429835
5.92658184894414	-0.0589830327937016
5.959489427997263	-0.05881818535302875
5.992397007050386	-0.05865804006732203
6.02530458610351	-0.0585024958045947
6.058212165156633	-0.05835145043682467
6.091119744209757	-0.05820480120512839
6.12402732326288	-0.05806244505152857
6.156934902316004	-0.05792427891925916
6.189842481369127	-0.05779020002352769
6.222750060422251	-0.05766010609462224
6.255657639475374	-0.05753400052076443
6.288565218528498	-0.05741156048683643
6.321472797581621	-0.05729279610640723
6.354380376634745	-0.05717761068316706
6.387287955687868	-0.05706590914009621
6.420195534740992	-0.05695759808267736
6.453103113794115	-0.05685258585186238
6.486010692847239	-0.05675078256777434
6.518918271900362	-0.05665210016518131
6.551825850953485	-0.05655645242195119
6.584733430006609	-0.05646359801204075
6.617641009059732	-0.05637378768133049
6.650548588112856	-0.05628677592869962
6.683456167165979	-0.05620248152957088
6.716363746219103	-0.05612082477455224
6.749271325272226	-0.05604172753907359
6.78217890432535	-0.05596511333989081
6.815086483378473	-0.05589090737973245
6.847994062431597	-0.05581903658127078
6.88090164148472	-0.05574942961151125
6.913809220537844	-0.05568237869862958
6.946716799590967	-0.05561705254218118
6.979624378644091	-0.05555375931137772
7.012531957697214	-0.05549243956838899
7.045439536750338	-0.05543303666067156
7.078347115803461	-0.05537549657727531
7.111254694856584	-0.05531976781454512
7.144162273909708	-0.05526580125052413
7.177069852962831	-0.05521355002742195
7.209977432015955	-0.05516296944156847
7.242885011069078	-0.05511256234911577
7.275792590122202	-0.05506539125606969
7.308700169175325	-0.05501986353298192
7.341607748228449	-0.05497591713382895
7.374515327281572	-0.05493349043720196
7.407422906334696	-0.05489252276283092
7.440330485387819	-0.0548529547565241
7.473238064440943	-0.05481472867040742
7.506145643494066	-0.05477778856013522
7.53905322254719	-0.05474208041652348
7.571960801600313	-0.05470802343677961
7.604868380653437	-0.0546745747510524
7.63777595970656	-0.05464217243183696
7.670683538759683	-0.05461077603059911
7.703591117812807	-0.05458034827399548
7.73649869686593	-0.05455085499907674
7.769406275919054	-0.05452226513337952
7.802313854972177	-0.0544945507270599
7.835221434025301	-0.05446768704749066
7.868129013078424	-0.05444165275129084
7.901036592131548	-0.05441396838564073
7.933944171184671	-0.05438970682340562
7.966851750237795	-0.05436645835165198
7.999759329290918	-0.05434421750187469
8.032666908344043	-0.05432297625918912
8.065574487397166	-0.05430272425009043
8.098482066450289	-0.05428344893321903
8.131389645503413	-0.05426513579102334
8.164297224556536	-0.05424776852040491
8.19720480360966	-0.0542313292206379
8.230112382662783	-0.05421609234712427
8.263019961715907	-0.05420141742893355
8.29592754076903	-0.05418758657217114
8.328835119822154	-0.05417458129439527
8.361742698875277	-0.05416238324130528
8.394650277928401	-0.05415097420032436
8.427557856981524	-0.0541403361132458
8.460465436034648	-0.05413045108797335
8.493373015087771	-0.05412130140938759
8.526280594140895	-0.05411286954936895
8.559188173194018	-0.05410526517166937
8.592095752247142	-0.05409820397715231
8.625003331300265	-0.05409179922381488
8.657910910353388	-0.05408603574809492
8.690818489406512	-0.0540808990375274
8.723726068459635	-0.05407637520013294
8.756633647512759	-0.05407245093557064
8.789541226565882	-0.05406911350793795
8.822448805619006	-0.05406635072011089
8.855356384672129	-0.05406415088952427
8.888263963725253	-0.05406243801589261
8.921171542778376	-0.05406133751459159
8.9540791218315	-0.05406077297657176
8.986986700884623	-0.05406073382714536
9.019894279937747	-0.05406120967263872
9.05280185899087	-0.05406219029767682
9.085709438043994	-0.0540636656624807
9.118617017097117	-0.05406562590017942
9.15152459615024	-0.05406806131413975
9.184432175203364	-0.05407096237531515
9.217339754256487	-0.05407372352855068
9.250247333309611	-0.05407758385085307
9.283154912362734	-0.05408193198048829
9.316062491415858	-0.05408675279550354
9.348970070468981	-0.05409202873859333
9.381877649522105	-0.05409773997745027
9.414785228575228	-0.0541038645944273
9.447692807628352	-0.05411037880168085
9.480600386681475	-0.05411725717739822
9.513507965734599	-0.05412447291829658
9.546415544787722	-0.05413016345273802
9.579323123840846	-0.05413807550021436
9.612230702893969	-0.05414641717421739
9.645138281947093	-0.05415515639616272
9.678045861000216	-0.05416424843151614
9.710953440053339	-0.05417363463496555
9.743861019106463	-0.05418324157370814
9.776768598159586	-0.05419298070285217
9.80967617721271	-0.0542027487696916
9.842583756265833	-0.05421242910428012
9.875491335318957	-0.05421683166304494
9.90839891437208	-0.05422596443698234
9.941306493425204	-0.05423516707426788
9.974214072478327	-0.05424439686141906
10.00712165153145	-0.05425359577170546
10.04002923058457	-0.05426268444107039
10.0729368096377	-0.05427155318517411
10.10584438869082	-0.05428004822608893
10.13875196774394	-0.05428794987819899
10.17165954679707	-0.05429493665484208
10.20456712585019	-0.05433939352507183
10.23747470490332	-0.0543591931125784
10.27038228395644	-0.05438243790000587
10.30328986300956	-0.05441420245113019
10.33619744206269	-0.05452991065018575
10.36910502111581	-0.05438696049545477
10.40201260016893	-0.05444001381333076
10.43492017922206	-0.05447550272524737
10.46782775827518	-0.05450985781632738
10.5007353373283	-0.05454593331559468
10.53364291638143	-0.05446006145827456
10.56655049543455	-0.05452055026285691
10.59945807448767	-0.05459137398350111
10.6323656535408	-0.05467369497617863
10.66527323259392	-0.0547687645005685
10.69818081164704	-0.05487791594950529
10.73108839070017	-0.05500255239033477
10.76399596975329	-0.05514412676951575
10.79690354880641	-0.05530411293119025
10.82981112785954	-0.05548396549444611
10.86271870691266	-0.0557450190302041
10.89562628596578	-0.05596642900313781
10.92853386501891	-0.0562051523068002
10.96144144407203	-0.05646151890248584
10.99434902312515	-0.05673585143380537
11.02725660217828	-0.05702846402757652
11.0601641812314	-0.05733966102237079
11.09307176028453	-0.05766973562511155
11.12597933933765	-0.05801896849687382
11.15888691839077	-0.05838762626987969
11.1917944974439	-0.05877787267161232
11.22470207649702	-0.05918596933672857
11.25760965555014	-0.05961401991354155
11.29051723460327	-0.06006222956290998
11.32342481365639	-0.06053079077185136
11.35633239270951	-0.0610198821119864
11.38923997176264	-0.06152966695189815
11.42214755081576	-0.06206029212750957
11.45505512986888	-0.06261188657536387
11.48796270892201	-0.06318455993451016
11.52087028797513	-0.06378033917665485
11.55377786702825	-0.06439525569378284
11.58668544608138	-0.06503128057543613
11.6195930251345	-0.065688445549287
11.65250060418762	-0.06636676511553811
11.68540818324075	-0.06706623540141554
11.71831576229387	-0.0677868330134568
11.75122334134699	-0.06852851389408762
11.78413092040012	-0.06929121218945111
11.81703849945324	-0.07007483913589918
11.84994607850637	-0.0708807944425551
11.88285365755949	-0.0717057825735434
11.91576123661261	-0.07255115591716903
11.94866881566574	-0.07341673643126703
11.98157639471886	-0.07430232494102675
12.01448397377198	-0.07520770030640986
12.04739155282511	-0.07613261863875427
12.08029913187823	-0.07707681257293905
12.11320671093135	-0.07803999060152539
12.14611428998448	-0.07902183647727187
12.1790218690376	-0.08002308376411413
12.21192944809072	-0.0810411147743685
12.24483702714385	-0.08207662220431036
12.27774460619697	-0.08312919707582643
12.31065218525009	-0.08419840839905852
12.34355976430322	-0.08528380296266692
12.37646734335634	-0.08638490521248518
12.40937492240946	-0.0875012172218624
12.44228250146259	-0.08863221875662312
12.47519008051571	-0.08977736743716404
12.50809765956883	-0.09093687664265701
12.54100523862196	-0.09210852840072416
12.57391281767508	-0.09329250741583706
12.6068203967282	-0.09448819507598985
12.63972797578133	-0.09569495590866642
12.67263555483445	-0.09691213814762453
12.70554313388758	-0.09813907439100422
12.7384507129407	-0.09937508234889801
12.77135829199382	-0.1006194656780145
12.80426587104695	-0.1018715149005531
12.83717345010007	-0.1031311212256469
12.87008102915319	-0.1043962621011954
12.90298860820632	-0.1056668238306328
12.93589618725944	-0.1069420628459565
12.96880376631256	-0.1082212302504002
13.00171134536569	-0.1095035729261323
13.03461892441881	-0.1107883346935566
13.06752650347193	-0.1120747575161503
13.10043408252506	-0.1133620827445507
13.13334166157818	-0.1146495523933971
13.1662492406313	-0.1159369485363014
13.19915681968443	-0.1172223822338893
13.23206439873755	-0.1185056627167807
13.26497197779067	-0.119786055374121
13.2978795568438	-0.1210628344558287
13.33078713589692	-0.1223352841514487
13.36369471495004	-0.1236026996661902
13.39660229400317	-0.1248643882875537
13.42950987305629	-0.1261196704361931
13.46241745210942	-0.1273678806949304
13.49532503116254	-0.1286089006245527
13.52823261021566	-0.129840968583633
13.56114018926879	-0.1310640249164408
13.59404776832191	-0.1322774788192707
13.62695534737503	-0.1334807594423604
13.65986292642816	-0.1346733163895434
13.69277050548128	-0.1358546201906153
13.7256780845344	-0.1370241627414159
13.75858566358753	-0.1381814577072548
13.79149324264065	-0.1393260408859069
13.82440082169377	-0.1404580999974525
13.8573084007469	-0.1415758722644973
13.89021597980002	-0.1426796348839646
13.92312355885314	-0.1437690261519246
13.95603113790627	-0.144843708177256
13.98893871695939	-0.145903366615242
14.02184629601251	-0.1469477104083924
14.05475387506564	-0.1479764715256806
14.08766145411876	-0.1489894046932327
14.12056903317188	-0.1499862871110474
14.15347661222501	-0.1509688934259496
14.18638419127813	-0.1519326458270693
14.21929177033125	-0.15287979610621
14.25219934938438	-0.1538102347613508
14.2851069284375	-0.1547238662287732
14.31801450749063	-0.1556206105689967
14.35092208654375	-0.1565004042460573
14.38382966559687	-0.1573632004250012
14.41673724465	-0.1582089689925606
14.44964482370312	-0.1590376964069941
14.48255240275624	-0.1598496995733643
14.51545998180937	-0.1606443277412604
14.54836756086249	-0.1614219502455066
14.58127513991561	-0.162182621186398
14.61418271896874	-0.1629264095732702
14.64709029802186	-0.1636533988191267
14.67999787707498	-0.1643636862284107
14.71290545612811	-0.1650573824822216
14.74581303518123	-0.1657346111258123
14.77872061423435	-0.1663955080639347
14.81162819328748	-0.167039841826174
14.8445357723406	-0.1676685522515652
14.87744335139372	-0.1682814437510834
14.91035093044685	-0.1688786974379569
14.94325850949997	-0.1694605030136793
14.97616608855309	-0.1700270581954015
15.00907366760622	-0.1705785681516365
15.04198124665934	-0.1711152449477692
15.07488882571247	-0.1716373070027702
15.10779640476559	-0.1721449785584208
15.14070398381871	-0.1726384590236435
15.17361156287184	-0.1731180455014878
15.20651914192496	-0.173583946669619
15.23942672097808	-0.1740364048449199
15.27233430003121	-0.1744756656050936
15.30524187908433	-0.174901977349886
15.33814945813745	-0.1753155908808534
15.37105703719058	-0.1757167590003113
15.4039646162437	-0.1761057361300693
15.43687219529682	-0.1764827779505309
15.46977977434995	-0.1768477729442596
15.50268735340307	-0.177201747306793
15.53559493245619	-0.1775445887603715
15.56850251150932	-0.1778765517261846
15.60141009056244	-0.1781978888630789
15.63431766961556	-0.1785088508306515
15.66722524866869	-0.1788096860685089
15.70013282772181	-0.1791006405912061
15.73304040677493	-0.1793819577983585
15.76594798582806	-0.179653878299406
15.79885556488118	-0.17992263546698
15.8317631439343	-0.1801768150406236
15.86467072298743	-0.1804217869554528
15.89757830204055	-0.180657472396914
15.93048588109368	-0.1808833182636514
15.9633934601468	-0.1810965523930713
15.99630103919992	-0.1812612561726241
16.02920861825305	-0.1815667820128129
16.06211619730617	-0.1817415023398664
16.09502377635929	-0.1819254376153672
16.12793135541242	-0.1820965825483787
16.16083893446554	-0.1822728892739603
16.19374651351866	-0.1824420791918306
16.22665409257179	-0.1826043366934904
16.25956167162491	-0.182759848630254
16.29246925067804	-0.1829088032714893
16.32537682973116	-0.1830513894237849
16.35828440878428	-0.1831877956844726
16.39119198783741	-0.1833182098080225
16.42409956689053	-0.1834428181678282
16.45700714594365	-0.1835616454903097
16.48991472499678	-0.183675217332488
16.5228223040499	-0.1837835394472062
16.55572988310302	-0.1838867855610355
16.58863746215615	-0.1839851263782925
16.62154504120927	-0.1840787294757558
16.65445262026239	-0.1841677592087091
16.68736019931552	-0.1842523766279618
16.72026777836864	-0.1843327394074817
16.75317535742176	-0.1844090017822624
16.78608293647489	-0.184481257304784
16.81899051552801	-0.1845497743788661
16.85189809458113	-0.1846146367915231
16.88480567363426	-0.1846759837052122
16.91771325268738	-0.1847339505420905
16.9506208317405	-0.1847886690065153
16.98352841079363	-0.1848402671119048
17.01643598984675	-0.1848888692116736
17.04934356889988	-0.1849345960339593
17.082251147953	-0.1849775647198704
17.11515872700612	-0.1850179295942058
17.14806630605925	-0.1850557146197757
17.18097388511237	-0.1850910688122109
17.21388146416549	-0.1851240960008656
17.24678904321862	-0.1851548967686252
17.27969662227174	-0.1851835684862066
17.31260420132486	-0.1852102053500686
17.34551178037799	-0.1852348984236829
17.37841935943111	-0.1852577356819164
17.41132693848423	-0.1852788020582878
17.44423451753736	-0.1852982038605624
17.47714209659048	-0.1853159681771566
17.5100496756436	-0.1853321970314099
17.54295725469673	-0.1853469641440391
17.57586483374985	-0.1853603404980312
17.60877241280297	-0.1853723943825414
17.6416799918561	-0.1853831914404544
17.67458757090922	-0.1853927947192334
17.70749514996234	-0.185401264724695
17.74040272901547	-0.1854086594773554
17.77331030806859	-0.1854150492602447
17.80621788712171	-0.1854204557990888
17.83912546617484	-0.1854249459353821
17.87203304522796	-0.1854285686430465
17.90494062428109	-0.1854313707204785
17.93784820333421	-0.1854333968463309
17.97075578238733	-0.1854346896379707
18.00366336144046	-0.1854352897120765
18.03657094049358	-0.1854352357468858
18.0694785195467	-0.1854345645456408
18.10238609859983	-0.1854333182377012
18.13529367765295	-0.1854315146503644
18.16820125670607	-0.185429193252507
18.2011088357592	-0.1854263841482838
18.23401641481232	-0.1854231158788371
18.26692399386544	-0.1854194154819796
18.29983157291857	-0.1854153085523015
18.33273915197169	-0.1854108193012445
18.36564673102481	-0.1854059706167645
18.39855431007794	-0.1854007841222582
18.43146188913106	-0.1853952836319808
18.46436946818418	-0.1853894810595682
18.49727704723731	-0.1853833983622865
18.53018462629043	-0.1853770527437738
18.56309220534355	-0.1853704604123108
18.59599978439668	-0.1853636366304092
18.6289073634498	-0.1853565957631643
18.66181494250293	-0.185349351325174
18.69472252155605	-0.1853419160258832
18.72763010060917	-0.1853343018132529
18.7605376796623	-0.1853265205017081
18.79344525871542	-0.1853185813445743
18.82635283776854	-0.1853104949435543
18.85926041682167	-0.1853022706182317
18.89216799587479	-0.18529391711511
18.92507557492791	-0.1852854426407713
18.95798315398104	-0.1852768548934677
18.99089073303416	-0.1852681610931502
19.02379831208728	-0.185259368009959
19.05670589114041	-0.1852504819912084
19.08961347019353	-0.1852415089393904
19.12252104924665	-0.1852324545223651
19.15542862829978	-0.1852233239308354
19.1883362073529	-0.1852141220631884
19.22124378640602	-0.1852048535082087
19.25415136545915	-0.1851955225641003
19.28705894451227	-0.1851861332563957
19.31996652356539	-0.1851766893548039
19.35287410261852	-0.18516719438905
19.38578168167164	-0.1851576516637609
19.41868926072476	-0.1851480653579027
19.45159683977789	-0.185138436081845
19.48450441883101	-0.1851287676608729
19.51741199788414	-0.185119062643475
19.55031957693726	-0.1851093234181961
19.58322715599038	-0.1850995522236306
19.61613473504351	-0.1850897511578124
19.64904231409663	-0.1850799221870341
19.68194989314975	-0.1850700671541274
19.71485747220288	-0.1850601877862338
19.747765051256	-0.1850502847639242
19.78067263030912	-0.1850403615362228
19.81358020936225	-0.1850304186186829
19.84648778841537	-0.1850204573457724
19.87939536746849	-0.1850104789651277
19.91230294652162	-0.1850004846420952
19.94521052557474	-0.1849904754635939
19.97811810462786	-0.1849804524411388
20.01102568368099	-0.1849704165127519
20.04393326273411	-0.1849603685432738
20.07684084178723	-0.1849503052820894
20.10974842084036	-0.1849402352095226
20.14265599989348	-0.1849301556371177
20.1755635789466	-0.1849200673035129
20.20847115799973	-0.1849099709145826
20.24137873705285	-0.1848998671512377
20.27428631610598	-0.1848897566800864
20.3071938951591	-0.1848796401693488
20.34010147421222	-0.1848695183148265
20.37300905326535	-0.1848593918862698
20.40591663231847	-0.1848493311936203
20.43882421137159	-0.1848392061657363
20.47173179042472	-0.1848290755358466
20.50463936947784	-0.1848189391855921
20.53754694853096	-0.1848087969549413
20.57045452758409	-0.1847986486426326
20.60336210663721	-0.1847884940064612
20.63626968569033	-0.1847783327634119
20.66917726474346	-0.1847681645896365
20.70208484379658	-0.1847579891202776
20.7349924228497	-0.1847478071861879
20.76790000190283	-0.1847376157766009
20.80080758095595	-0.1847274156142862
20.83371516000907	-0.1847172061701897
20.8666227390622	-0.1847069868772056
20.89953031811532	-0.1846967571296255
20.93243789716844	-0.1846865162824633
20.96534547622157	-0.1846762636506525
20.99825305527469	-0.1846659985081131
21.03116063432782	-0.1846557200866845
21.06406821338094	-0.184645434091986
21.09697579243406	-0.1846351261237039
21.12988337148719	-0.1846248017297124
21.16279095054031	-0.1846144599973923
21.19569852959343	-0.1846040999958232
21.22860610864656	-0.1845937207757328
21.26151368769968	-0.1845833213694112
21.2944212667528	-0.1845729007905879
21.32732884580593	-0.1845624580342768
21.36023642485905	-0.1845519920765861
21.39314400391217	-0.1845414748209477
21.4260515829653	-0.1845309608907549
21.45895916201842	-0.1845204231353622
21.49186674107154	-0.18450986046771
21.52477432012467	-0.1844992716456305
21.55768189917779	-0.1844886552457697
21.59058947823091	-0.1844780096318514
21.62349705728404	-0.1844673329158147
21.65640463633716	-0.184456622909904
21.68931221539028	-0.1844458770671773
21.72221979444341	-0.1844349762098799
21.75512737349653	-0.1844241471759201
21.78803495254965	-0.1844132843423319
21.82094253160278	-0.1844023864243652
21.8538501106559	-0.1843914517154215
21.88675768970903	-0.1843804778896175
21.91966526876215	-0.1843694616812444
21.95257284781527	-0.1843583983412627
21.9854804268684	-0.1843472806662426
22.01838800592152	-0.1843360971482401
22.05129558497464	-0.1843177992563594
22.08420316402777	-0.1843069115062955
22.11711074308089	-0.1842960503518686
22.15001832213401	-0.1842852220098195
22.18292590118714	-0.1842744298914244
22.21583348024026	-0.1842636759785331
22.24874105929338	-0.1842529614622707
22.28164863834651	-0.1842422870675666
22.31455621739963	-0.1842316532301506
22.34746379645275	-0.1842210601987598
22.38037137550588	-0.1842101882406023
22.413278954559	-0.1841997281343554
22.44618653361212	-0.1841893252023142
22.47909411266525	-0.1841789735016714
22.51200169171837	-0.184168667456553
22.54490927077149	-0.1841584018267324
22.57781684982462	-0.1841481716794223
22.61072442887774	-0.1841379723637968
22.64363200793087	-0.1841277994879364
22.67653958698399	-0.1841176488979338
22.70944716603711	-0.1841077034801611
22.74235474509024	-0.1840975571053955
22.77526232414336	-0.1840874117647782
22.80816990319648	-0.1840772674316926
22.84107748224961	-0.1840671240885917
22.87398506130273	-0.184056981724749
22.90689264035585	-0.1840468403346355
22.93980021940898	-0.184036699916729
22.9727077984621	-0.1840265604726278
23.00561537751522	-0.1840164220063824
23.03852295656835	-0.1840062839860731
23.07143053562147	-0.1839961475625228
23.10433811467459	-0.183986012176069
23.13724569372772	-0.1839758778281943
23.17015327278084	-0.1839657445203646
23.20306085183396	-0.1839556122540355
23.23596843088709	-0.1839454810306574
23.26887600994021	-0.1839353508516802
23.30178358899333	-0.1839252217185583
23.33469116804646	-0.1839150936327539
23.36759874709958	-0.1839049665653771
23.4005063261527	-0.1838948405814226
23.43341390520583	-0.1838847156518022
23.46632148425895	-0.1838745917777661
23.49922906331208	-0.1838644689604624
23.5321366423652	-0.1838543472009412
23.56504422141832	-0.183844226500158
23.59795180047145	-0.1838341068589776
23.63085937952457	-0.1838239882781774
23.66376695857769	-0.1838138707584507
23.69667453763082	-0.1838037542970185
23.72958211668394	-0.1837936389014997
23.76248969573706	-0.1837835245689461
23.79539727479019	-0.1837734112997138
23.82830485384331	-0.1837632990940732
23.86121243289643	-0.1837531879522122
23.89412001194956	-0.1837430778742372
23.92702759100268	-0.1837329688601765
23.9599351700558	-0.1837228609099805
23.99284274910893	-0.183712754023525
24.02575032816205	-0.1837026482430222
24.05865790721517	-0.1836925434794894
24.0915654862683	-0.1836824397753439
24.12447306532142	-0.1836723371305712
24.15738064437454	-0.1836622355452655
24.19028822342767	-0.1836521350196278
24.22319580248079	-0.1836420355539647
24.25610338153392	-0.1836319371486868
24.28901096058704	-0.1836218398043076
24.32191853964016	-0.1836117435214416
24.35482611869329	-0.1836016482669795
24.38773369774641	-0.1835915541124901
24.42064127679953	-0.1835814610247766
24.45354885585266	-0.1835713690045279
24.48645643490578	-0.1835612780523868
24.5193640139589	-0.1835511881689507
24.55227159301203	-0.1835410993547723
24.58517917206515	-0.1835310116103605
24.61808675111827	-0.1835209249361805
24.6509943301714	-0.1835108393326553
24.68390190922452	-0.1835007548022188
24.71680948827764	-0.1834906713409203
24.74971706733077	-0.1834805889511216
24.78262464638389	-0.1834705076330986
24.81553222543701	-0.183460427387096
24.84843980449014	-0.1834503482133284
24.88134738354326	-0.1834402701119799
24.91425496259638	-0.1834301930832049
24.94716254164951	-0.1834201171271288
24.98007012070263	-0.1834100422438478
25.01297769975575	-0.1833999684392531
25.04588527880888	-0.1833898957012135
25.078792857862	-0.183379824035598
25.11170043691513	-0.1833697534424434
25.14460801596825	-0.1833596839217835
25.17751559502137	-0.1833496154736506
25.2104231740745	-0.1833395480980749
25.24333075312762	-0.1833294817950846
25.27623833218074	-0.1833194165647065
25.30914591123387	-0.1833093524069658
25.34205349028699	-0.1832992893147734
25.37496106934011	-0.1832892273030179
25.40786864839324	-0.1832791663645676
25.44077622744636	-0.1832691064993801
25.47368380649948	-0.1832590477073818
25.50659138555261	-0.1832489899884681
25.53949896460573	-0.183238933342504
25.57240654365885	-0.1832288777693238
25.60531412271198	-0.1832188232687318
25.6382217017651	-0.1832087698405027
25.67112928081822	-0.1831987174961694
25.70403685987135	-0.1831886662108059
25.73694443892447	-0.1831786159959596
25.76985201797759	-0.1831685668513934
25.80275959703072	-0.1831585187768916
25.83566717608384	-0.1831484717722595
25.86857475513697	-0.1831384258373232
25.90148233419009	-0.1831283809719297
25.93438991324321	-0.1831183371759465
25.96729749229634	-0.1831082944492617
26.00020507134946	-0.1830982527935084
26.03311265040258	-0.1830882122050076
26.06602022945571	-0.1830781726854459
26.09892780850883	-0.1830681342348074
26.13183538756195	-0.1830580968531033
26.16474296661508	-0.1830480605403715
26.1976505456682	-0.1830380252966758
26.23055812472132	-0.1830279911221066
26.26346570377445	-0.1830179580167799
26.29637328282757	-0.1830079259808374
26.32928086188069	-0.1829978950075244
26.36218844093382	-0.1829878651115064
26.39509601998694	-0.18297783628603
26.42800359904006	-0.1829678085312742
26.46091117809319	-0.1829577818474129
26.49381875714631	-0.1829477562346159
26.52672633619943	-0.1829377316930478
26.55963391525256	-0.1829277082228693
26.59254149430568	-0.1829176858242365
26.6254490733588	-0.1829076644973011
26.65835665241193	-0.1828976442231464
26.69126423146505	-0.1828876250417313
26.72417181051818	-0.1828776069340616
26.7570793895713	-0.1828675899001101
26.78998696862442	-0.1828575739397628
26.82289454767755	-0.1828475590528192
26.85580212673067	-0.1828375452389912
26.88870970578379	-0.1828275324979036
26.92161728483692	-0.1828175208290938
26.95452486389004	-0.1828075102320114
26.98743244294316	-0.1827975007381263
27.02034002199629	-0.1827874922796213
27.05324760104941	-0.1827774848879531
27.08615518010253	-0.1827674785625002
27.11906275915566	-0.1827574733026901
27.15197033820878	-0.1827474691079984
27.1848779172619	-0.1827374659779484
27.21778549631503	-0.1827274639121104
27.25069307536815	-0.1827174629101014
27.28360065442127	-0.1827074629715841
27.3165082334744	-0.1826974640945315
27.34941581252752	-0.182687466282327
27.38232339158064	-0.1826774695330173
27.41523097063377	-0.1826674738464273
27.44813854968689	-0.1826574792224175
27.48104612874002	-0.1826474856608843
27.51395370779314	-0.1826374931617593
27.54686128684626	-0.1826275017250087
27.57976886589939	-0.1826175113506334
27.61267644495251	-0.1826075220386681
27.64558402400563	-0.1825975337788616
27.67849160305876	-0.1825875465928934
27.71139918211188	-0.1825775604705064
27.744306761165	-0.1825675754117737
27.77721434021813	-0.1825575914167575
27.81012191927125	-0.1825476084855084
27.84302949832437	-0.1825376266180666
27.8759370773775	-0.1825276458144606
27.90884465643062	-0.1825176660747088
27.94175223548374	-0.1825076873988184
27.97465981453687	-0.1824977097942334
28.00756739358999	-0.18248773324537
28.04047497264311	-0.1824777577597004
28.07338255169624	-0.182467783337257
28.10629013074936	-0.1824578099780933
28.13919770980248	-0.1824478376822839
28.17210528885561	-0.1824378664499239
28.20501286790873	-0.1824278962811289
28.23792044696185	-0.1824179271760352
28.27082802601498	-0.1824079591347985
28.3037356050681	-0.1823979921457336
28.33664318412123	-0.1823880262338281
28.36955076317435	-0.1823780613873665
28.40245834222747	-0.1823680976064782
28.4353659212806	-0.182358134891261
28.46827350033372	-0.1823481732417818
28.50118107938684	-0.1823382126580764
28.53408865843997	-0.1823282531401499
28.56699623749309	-0.1823182946879764
28.59990381654621	-0.1823083373014996
28.63281139559934	-0.1822983809919936
28.66571897465246	-0.1822884257355959
28.69862655370558	-0.1822784715435855
28.73153413275871	-0.1822685184158852
28.76444171181183	-0.1822585663524366
28.79734929086495	-0.1822486153531993
28.83025686991808	-0.1822386654181506
28.8631644489712	-0.1822287165472859
28.89607202802432	-0.1822187687406181
28.92897960707745	-0.1822088219981775
28.96188718613057	-0.1821988763091005
28.99479476518369	-0.1821889316962568
29.02770234423682	-0.1821789881487548
29.06060992328994	-0.1821690456665963
29.09351750234307	-0.1821591042497537
29.12642508139619	-0.1821491638981695
29.15933266044931	-0.1821392246117569
29.19224023950244	-0.1821292863903998
29.22514781855556	-0.1821193492339523
29.25805539760868	-0.18210941314224
29.29096297666181	-0.182099478127987
29.32387055571493	-0.182089544163938
29.35677813476805	-0.1820796112628372
29.38968571382118	-0.1820696794245095
29.4225932928743	-0.1820597486488062
29.45550087192742	-0.1820498189356045
29.48840845098055	-0.182039890284807
29.52131603003367	-0.1820299626963421
29.55422360908679	-0.1820200361701632
29.58713118813992	-0.1820101107062483
29.62003876719304	-0.1820001862898297
29.65294634624616	-0.1819902629518036
29.68585392529929	-0.1819803406773688
29.71876150435241	-0.18197041946647
29.75166908340553	-0.1819604993190123
29.78457666245866	-0.181950580234862
29.81748424151178	-0.1819406622138457
29.85039182056491	-0.1819307452557511
29.88329939961803	-0.1819208293603268
29.91620697867115	-0.1819109145272822
29.94911455772428	-0.181901000775453
29.9820221367774	-0.1818910880644092
30.01492971583052	-0.1818811764130272
30.04783729488365	-0.1818712658210331
30.08074487393677	-0.1818613562881946
30.11365245298989	-0.1818514478143221
30.14656003204302	-0.1818415403992667
30.17946761109614	-0.1818316340429206
30.21237519014926	-0.1818217287452163
30.24528276920239	-0.181811824506126
30.27819034825551	-0.181801921316094
30.31109792730863	-0.1817920191951782
30.34400550636176	-0.181782118133828
30.37691308541488	-0.1817722181320813
30.409820664468	-0.1817623191899737
30.44272824352113	-0.1817524213075378
30.47563582257425	-0.1817425244848037
30.50854340162737	-0.1817326287217989
30.5414509806805	-0.1817227340185483
30.57435855973362	-0.1817128403750743
30.60726613878674	-0.1817029477844855
30.64017371783987	-0.1816930562612382
30.67308129689299	-0.1816831657984042
30.70598887594612	-0.181673276395936
30.73889645499924	-0.181663388053754
30.77180403405236	-0.1816535007717464
30.80471161310549	-0.1816436145497695
30.83761919215861	-0.1816337293876474
30.87052677121173	-0.1816238452851729
30.90343435026486	-0.1816139622421065
30.93634192931798	-0.1816040802736996
30.9692495083711	-0.1815941993472026
31.00215708742423	-0.1815843194778987
31.03506466647735	-0.1815744406655606
31.06797224553047	-0.1815645629099956
31.1008798245836	-0.1815546862110448
31.13378740363672	-0.1815448105685825
31.16669498268984	-0.1815349359825165
31.19960256174297	-0.1815250624527871
31.23251014079609	-0.1815151899793668
31.26541771984921	-0.1815053185411606
31.29832529890234	-0.1814954481822882
31.33123287795546	-0.1814855788816165
31.36414045700858	-0.1814757106390597
31.39704803606171	-0.1814658434544721
31.42995561511483	-0.1814559773276472
31.46286319416796	-0.1814461122583183
31.49577077322108	-0.1814362482461576
31.5286783522742	-0.1814263852907764
31.56158593132733	-0.1814165233917248
31.59449351038045	-0.1814066625484911
31.62740108943357	-0.1813968027605023
31.6603086684867	-0.181386944027123
31.69321624753982	-0.1813770863476558
31.72612382659294	-0.181367229721341
31.75903140564607	-0.1813573741473561
31.79193898469919	-0.1813475196248155
31.82484656375231	-0.1813376661527706
31.85775414280544	-0.1813278137302093
31.89066172185856	-0.1813179623560559
31.92356930091168	-0.1813081120291707
31.95647687996481	-0.1812982627483496
31.98938445901793	-0.1812884145123245
32.02229203807106	-0.1812785673197619
32.05519961712418	-0.1812687211692638
32.0881071961773	-0.1812588760593667
32.12101477523043	-0.1812490319885414
32.15392235428355	-0.1812391889551931
32.18682993333667	-0.1812293469576608
32.2197375123898	-0.1812195059942167
