0
1000	0.5109989461	100000000000000.1
5	0	0	1
5	0	0	0
-0.654933961680612	0.5488130026476289
-0.6220263826274882	2.056682983778714
-0.5891188035743644	4.161886685230714
-0.5562112245212406	6.905180728537186
-0.5233036454681168	10.3109309460942
-0.490396066414993	14.39247614502938
-0.4574884873618692	19.15601570687618
-0.4245809083087454	24.60332115793652
-0.3916733292556216	30.7335901537302
-0.3587657502024978	37.54469901000565
-0.325858171149374	45.03404106243166
-0.2929505920962502	53.19908227944352
-0.2600430130431264	62.03772465728167
-0.2271354339900026	71.54853927244521
-0.1942278549368788	81.7309111842963
-0.161320275883755	92.5851249707333
-0.1284126968306312	104.1124105629445
-0.09550511777750736	116.3149628399304
-0.06259753872438356	129.1959442080115
-0.02968995967125975	142.7594764893612
0.003217619381864059	157.0106264490653
0.03612519843498787	171.9553879143197
0.06903277748811168	187.6006624876207
0.1019403565412355	203.9542401962091
0.1348479355943593	221.0247809625584
0.1677555146474831	238.8217974637342
0.2006630937006069	257.3556397284086
0.2335706727537307	276.6374816697873
0.2664782518068545	296.6793096501853
0.2993858308599783	317.4939131041356
0.3322934099131021	339.0729442088135
0.3652009889662259	361.4062488752973
0.3981085680193497	384.5593403317421
0.4310161470724735	408.5272041541139
0.4639237261255973	433.3015997540302
0.4968313051787211	458.9361715125352
0.529738884231845	485.4660422416122
0.5626464632849688	512.8437973199343
0.5955540423380926	541.1307448341212
0.6284616213912164	570.3526149554588
0.6613692004443402	600.4978768338407
0.694276779497464	631.620274431855
0.7271843585505878	663.7072902771205
0.7600919376037116	696.8165680682824
0.7929995166568354	730.9657915836427
0.8259070957099592	766.1265341561752
0.858814674763083	802.4051788456258
0.8917222538162068	839.7775682817996
0.9246298328693306	878.2794918445967
0.9575374119224545	917.9521402042484
0.9904449909755783	958.8006406756966
1.023352570028702	1000.86505390399
1.056260149081826	1044.190082776973
1.08916772813495	1088.780842306843
1.122075307188074	1134.718762565564
1.154982886241198	1181.962810979789
1.187890465294322	1230.600198942416
1.220798044347446	1280.637931228641
1.253705623400569	1332.163311355299
1.286613202453693	1385.135526316923
1.319520781506817	1439.647286383878
1.352428360559941	1495.751874460074
1.385335939613065	1553.418333177008
1.418243518666189	1612.731416768741
1.451151097719313	1673.775330626648
1.484058676772437	1736.525925666153
1.516966255825561	1801.082759166225
1.549873834878685	1867.417078165348
1.582781413931809	1935.622938602765
1.615688992984933	2005.789835936073
1.648596572038056	2077.898104695686
1.68150415109118	2152.053294208577
1.714411730144304	2228.281799475532
1.747319309197428	2306.582567270753
1.780226888250552	2387.111629521034
1.813134467303676	2469.821229893246
1.8460420463568	2554.872389260687
1.878949625409924	2642.238220799432
1.911857204463048	2732.043248642578
1.944764783516172	2824.317926706883
1.977672362569296	2919.065569660031
2.010579941622419	3016.458882162871
2.043487520675543	3116.45444897066
2.076395099728667	3219.221869291248
2.109302678781791	3324.780933044823
2.142210257834915	3433.160557125568
2.175117836888039	3544.499702488895
2.208025415941163	3658.836570754985
2.240932994994287	3776.182707026412
2.273840574047411	3896.72557280817
2.306748153100535	4020.484687097538
2.339655732153659	4147.535722942555
2.372563311206783	4277.888616604282
2.405470890259906	4411.747455796416
2.43837846931303	4549.130627264943
2.471286048366154	4690.07850063261
2.504193627419278	4834.747834869731
2.537101206472402	4983.185932520231
2.570008785525526	5135.475823160905
2.60291636457865	5291.631522873772
2.635823943631774	5451.870206106623
2.668731522684898	5616.217099727111
2.701639101738022	5784.75535742374
2.734546680791146	5957.508741754835
2.76745425984427	6134.691181283699
2.800361838897393	6316.335556046732
2.833269417950517	6502.528321606205
2.866176997003641	6693.359629517643
2.899084576056765	6888.874442834112
2.931992155109889	7089.255950084156
2.964899734163013	7294.553897916082
2.997807313216137	7504.841200476919
3.030714892269261	7720.23714700872
3.063622471322385	7940.764361851018
3.096530050375509	8166.637521400146
3.129437629428633	8397.89898072812
3.162345208481756	8634.652692451842
3.19525278753488	8877.002303684785
3.228160366588004	9125.015628658617
3.261067945641128	9378.738949694676
3.293975524694252	9638.400966737468
3.326883103747376	9906.018202564312
3.3597906828005	10171.89114133247
3.392698261853624	10456.31275805788
3.425605840906748	10738.31775396801
3.458513419959872	11020.75113791572
3.491420999012996	11327.72619090628
3.52432857806612	11627.29391636404
3.557236157119243	11947.75640435514
3.590143736172367	12257.69340106404
3.623051315225491	12573.74448077589
3.655958894278615	12913.81302610255
3.688866473331739	13247.19139554408
3.721774052384863	13597.50760512733
3.754681631437987	13947.74320813852
3.787589210491111	14315.72812105497
3.820496789544235	14674.78223546232
3.853404368597359	15066.18397915181
3.886311947650483	15431.34165475813
3.919219526703607	15841.75920720759
3.95212710575673	16219.92379861607
3.985034684809854	16653.6189999366
4.017942263862978	17037.51361846893
4.050849842916102	17472.43057939275
4.083757421969225	17886.02316651028
4.116665001022349	18327.87422000702
4.149572580075472	18768.04858650076
4.182480159128596	19224.90533661549
4.215387738181719	19679.34862189522
4.248295317234843	20152.42534315554
4.281202896287966	20620.18157156676
4.314110475341089	21110.09794356194
4.347018054394213	21639.7902512402
4.379925633447336	22103.59885056124
4.41283321250046	22617.97119204015
4.445740791553583	23126.04583897042
4.478648370606707	23658.84773098672
4.51155594965983	24164.85085404603
4.544463528712954	24737.30354821562
4.577371107766077	25295.59238395547
4.610278686819201	25857.20769757259
4.643186265872324	26274.82757644269
4.676093844925448	26978.34288747361
4.709001423978571	27481.09333630563
4.741909003031695	28180.09771914882
4.774816582084818	28626.25252972328
4.807724161137942	29425.0701520269
4.840631740191065	29893.23357924376
4.873539319244188	30748.74146063095
4.906446898297312	31276.83347846044
4.939354477350435	32195.75004999268
4.972262056403559	32971.22912748425
5.005169635456682	33637.72190489836
5.038077214509806	34502.63465515585
5.070984793562929	35156.22493883505
5.103892372616053	36108.54331849913
5.136799951669176	36812.5430358861
5.1697075307223	37839.86122347285
5.202615109775423	38794.76827399884
5.235522688828547	39603.01257068849
5.26843026788167	40771.91810497195
5.301337846934794	41383.73396877838
5.334245425987917	42612.56171636084
5.367153005041041	43724.20551400603
5.400060584094164	44716.3016351792
5.432968163147287	45901.64597050467
5.465875742200411	46603.79581683577
5.498783321253534	48131.78639588801
5.531690900306658	49434.29813452024
5.564598479359781	50446.81596029823
5.597506058412905	51933.31837065265
5.630413637466028	53303.74635740033
5.663321216519152	54572.66274911939
5.696228795572275	56082.02296454888
5.729136374625399	57582.00357652332
5.762043953678522	58890.82775719469
5.794951532731646	60560.21342917481
5.827859111784769	62202.58204227874
5.860766690837893	63675.46579208655
5.893674269891016	65480.41736751018
5.92658184894414	67279.92677844745
5.959489427997263	68969.53601715129
5.992397007050386	70926.90111682763
6.02530458610351	72864.49554160665
6.058212165156633	74590.29647976359
6.091119744209757	76801.77089354287
6.12402732326288	78971.84419241062
6.156934902316004	80722.12758920233
6.189842481369127	83263.25724185762
6.222750060422251	85629.15185619924
6.255657639475374	88059.99564323173
6.288565218528498	90443.38093562922
6.321472797581621	93008.90698714329
6.354380376634745	95662.86160665817
6.387287955687868	98039.35589967585
6.420195534740992	101005.3412444074
6.453103113794115	103955.1815796545
6.486010692847239	106959.6418553196
6.518918271900362	109823.5305974574
6.551825850953485	113098.8390908475
6.584733430006609	116408.9406007922
6.617641009059732	119776.7244748314
6.650548588112856	123154.753456992
6.683456167165979	126801.9334639787
6.716363746219103	130527.0185065416
6.749271325272226	133864.6752425617
6.78217890432535	138131.3100502554
6.815086483378473	142278.1446459354
6.847994062431597	146512.2964553185
6.88090164148472	150369.4648382369
6.913809220537844	155185.6891426635
6.946716799590967	159101.9452120693
6.979624378644091	164672.1157652412
7.012531957697214	169624.6380738968
7.045439536750338	174604.9247278533
7.078347115803461	179914.8700073783
7.111254694856584	185361.8827341518
7.144162273909708	190956.0871219593
7.177069852962831	196502.6985581891
7.209977432015955	202599.8940944922
7.242885011069078	208804.9909560423
7.275792590122202	215196.1670495696
7.308700169175325	221363.2337902767
7.341607748228449	228443.1497133887
7.374515327281572	235480.2729280985
7.407422906334696	242757.6279059586
7.440330485387819	250255.5626352957
7.473238064440943	257838.9285011702
7.506145643494066	265887.0902577633
7.53905322254719	274139.9453824572
7.571960801600313	282674.7529390799
7.604868380653437	291473.8327654264
7.63777595970656	300309.8426852765
7.670683538759683	309794.8369864257
7.703591117812807	319529.4516996296
7.73649869686593	329678.5589995424
7.769406275919054	339885.4537603214
7.802313854972177	350319.1699433124
7.835221434025301	361464.3667135274
7.868129013078424	372902.3212142007
7.901036592131548	384673.6353340309
7.933944171184671	396861.6018406551
7.966851750237795	409201.0165839723
7.999759329290918	422293.3833395252
8.032666908344043	435732.0882676204
8.065574487397166	449589.422965148
8.098482066450289	463903.8932832206
8.131389645503413	478208.0807530796
8.164297224556536	493746.042168731
8.19720480360966	509720.4432078826
8.230112382662783	525903.7201326626
8.263019961715907	542758.077080771
8.29592754076903	560157.020707381
8.328835119822154	577802.0966715877
8.361742698875277	596526.9783216401
8.394650277928401	615760.1446971546
8.427557856981524	635611.948629693
8.460465436034648	656069.8535454662
8.493373015087771	677246.0604994487
8.526280594140895	698919.1132100566
8.559188173194018	721581.6805858174
8.592095752247142	744947.2063524058
8.625003331300265	769069.5308877598
8.657910910353388	793990.1832988913
8.690818489406512	819728.9476415388
8.723726068459635	845949.8922857289
8.756633647512759	873593.4530195404
8.789541226565882	902042.2629283583
8.822448805619006	931402.455728136
8.855356384672129	961732.1043237608
8.888263963725253	993059.3042010464
8.921171542778376	1024880.109889065
8.9540791218315	1058624.342778147
8.986986700884623	1093291.593766485
9.019894279937747	1128981.730681913
9.05280185899087	1165901.476822017
9.085709438043994	1204052.627454349
9.118617017097117	1243423.023556856
9.15152459615024	1283874.980341662
9.184432175203364	1326052.96137323
9.217339754256487	1369551.722309924
9.250247333309611	1414485.881476656
9.283154912362734	1460944.664142136
9.316062491415858	1508826.597474056
9.348970070468981	1558381.694867954
9.381877649522105	1609159.145697347
9.414785228575228	1662266.015802106
9.447692807628352	1717013.673154766
9.480600386681475	1773543.324951628
9.513507965734599	1831933.208676255
9.546415544787722	1892271.88915825
9.579323123840846	1954619.910697316
9.612230702893969	2018371.53620838
9.645138281947093	2085326.976472292
9.678045861000216	2154224.376375828
9.710953440053339	2225351.410039471
9.743861019106463	2298838.613296808
9.776768598159586	2374760.995758915
9.80967617721271	2453215.33517812
9.842583756265833	2534288.298839794
9.875491335318957	2617763.032239703
9.90839891437208	2704484.580763069
9.941306493425204	2794104.439921682
9.974214072478327	2886440.604059653
10.00712165153145	2981981.617364875
10.04002923058457	3080712.654487463
10.0729368096377	3182733.061351971
10.10584438869082	3288159.563713417
10.13875196774394	3396566.94852339
10.17165954679707	3509422.241988125
10.20456712585019	3625862.417211568
10.23747470490332	3746138.309298057
10.27038228395644	3870412.204919186
10.30328986300956	3999782.838287588
10.33619744206269	4131499.043762951
10.36910502111581	4268632.531510038
10.40201260016893	4410378.871329535
10.43492017922206	4556391.102652536
10.46782775827518	4707876.226566792
10.5007353373283	4864329.972186597
10.53364291638143	5025974.188174651
10.56655049543455	5193011.495060011
10.59945807448767	5365615.829461635
10.6323656535408	5543993.19106756
10.66527323259392	5728320.733173892
10.69818081164704	5918776.214771895
10.73108839070017	6115397.212238902
10.76399596975329	6318927.668009423
10.79690354880641	6529198.735654796
10.82981112785954	6746472.825727968
10.86271870691266	6971002.912198378
10.89562628596578	7203041.09630524
10.92853386501891	7442806.267286542
10.96144144407203	7690618.801962749
10.99434902312515	7946699.056109085
11.02725660217828	8210750.438920624
11.0601641812314	8484530.552835763
11.09307176028453	8767300.398072872
11.12597933933765	9059372.852437615
11.15888691839077	9361266.436379401
11.1917944974439	9673242.669426413
11.22470207649702	9995629.830554295
11.25760965555014	10328794.77554782
11.29051723460327	10673101.55544226
11.32342481365639	11028928.72338074
11.35633239270951	11396041.3701267
11.38923997176264	11776366.87095591
11.42214755081576	12169213.42302441
11.45505512986888	12575154.484619
11.48796270892201	12994665.73573144
11.52087028797513	13428193.42674845
11.55377786702825	13876138.27124949
11.58668544608138	14339257.09441316
11.6195930251345	14817758.73643966
11.65250060418762	15312262.41105701
11.68540818324075	15823316.52218168
11.71831576229387	16351176.14284799
11.75122334134699	16897157.28858219
11.78413092040012	17461307.35633142
11.81703849945324	18044312.06614808
11.84994607850637	18646826.41233263
11.88285365755949	19269499.54155872
11.91576123661261	19913124.07120397
11.94866881566574	20578179.77256582
11.98157639471886	21265499.36544778
12.01448397377198	21975843.13784996
12.04739155282511	22709894.97123535
12.08029913187823	23468101.39432661
12.11320671093135	24252394.35120168
12.14611428998448	25062739.26675903
12.1790218690376	25900004.30474102
12.21192944809072	26763870.77664717
12.24483702714385	27660948.78878084
12.27774460619697	28585548.80527538
12.31065218525009	29541095.05248756
12.34355976430322	30528541.02278221
12.37646734335634	31547921.52832333
12.40937492240946	32604861.70805117
12.44228250146259	33695233.5600585
12.47519008051571	34821566.80628396
12.50809765956883	35986310.67022467
12.54100523862196	37188607.11483222
12.57391281767508	38435538.14729141
12.6068203967282	39721689.63303154
12.63972797578133	41050945.85041653
12.67263555483445	42424668.0269416
12.70554313388758	43843595.47097357
12.7384507129407	45316492.49900197
12.77135829199382	46830528.02656585
12.80426587104695	48398629.12414493
12.83717345010007	50019328.46051788
12.87008102915319	51693561.4273719
12.90298860820632	53438861.71555824
12.93589618725944	55216423.37583324
12.96880376631256	57066453.98817215
13.00171134536569	58978591.58711855
13.03461892441881	60954798.09901705
13.06752650347193	62995584.18888234
13.10043408252506	65110536.18613969
13.13334166157818	67293336.61114143
13.1662492406313	69549549.57371596
13.19915681968443	71881582.10361426
13.23206439873755	74291656.8649676
13.26497197779067	76640516.91933358
13.2978795568438	79360482.47488637
13.33078713589692	82022434.27084902
13.36369471495004	84774873.90838659
13.39660229400317	87619769.21493725
13.42950987305629	90559994.13533612
13.46241745210942	93604716.5166152
13.49532503116254	96743388.76903698
13.52823261021566	99991713.7863255
13.56114018926879	103349397.9856664
13.59404776832191	106820055.4041594
13.62695534737503	110406947.8540495
13.65986292642816	114122581.794577
13.69277050548128	117952237.2409362
13.7256780845344	121915805.8720822
13.75858566358753	126013177.8252305
13.79149324264065	130247599.5341049
13.82440082169377	134625782.0614222
13.8573084007469	139160728.6480461
13.89021597980002	143833691.0046833
13.92312355885314	148670790.5631872
13.95603113790627	153671577.8443531
13.98893871695939	158841205.1463228
14.02184629601251	164185238.5670673
14.05475387506564	169687297.119719
14.08766145411876	175422671.0457595
14.12056903317188	181327429.945761
14.15347661222501	187431678.6548947
14.18638419127813	193742120.7589951
14.21929177033125	200265393.3342158
14.25219934938438	206972131.600651
14.2851069284375	213950570.3917605
14.31801450749063	221156866.9454476
14.35092208654375	228611854.9702021
14.38382966559687	236320352.1409439
14.41673724465	244268443.0494196
14.44964482370312	252510269.1024595
14.48255240275624	261020962.142
14.51545998180937	269851736.1843897
14.54836756086249	278970544.0630671
14.58127513991561	288390983.2225859
14.61418271896874	298112086.3958573
14.64709029802186	308208246.4839116
14.67999787707498	318656628.7736924
14.71290545612811	329487980.9678358
14.74581303518123	340671951.794432
14.77872061423435	352260949.3276132
14.81162819328748	364236765.5668657
14.8445357723406	376684032.687282
14.87744335139372	389589776.8753436
14.91035093044685	403129946.495631
14.94325850949997	417069220.6151711
14.97616608855309	431431928.5450572
15.00907366760622	446358807.3336289
15.04198124665934	461871847.8542964
15.07488882571247	477973518.0168449
15.10779640476559	494791045.6128106
15.14070398381871	512161970.6424352
15.17361156287184	530183028.3007616
15.20651914192496	548931258.3127787
15.23942672097808	568371484.7330495
15.27233430003121	588614919.2161115
15.30524187908433	609823485.1436894
15.33814945813745	631732160.1233815
15.37105703719058	654508219.6225393
15.4039646162437	678207020.6820215
15.43687219529682	702834520.2150172
15.46977977434995	728495944.001621
15.50268735340307	755370068.0500231
15.53559493245619	783207194.9806945
15.56850251150932	812195077.0417122
15.60141009056244	842363395.5190548
15.63431766961556	873801668.3726306
15.66722524866869	906519967.4302652
15.70013282772181	940643564.7643926
15.73304040677493	976305899.7894025
15.76594798582806	1013374234.609046
15.79885556488118	1051992865.252255
15.8317631439343	1092260980.354096
15.86467072298743	1134246879.847348
15.89757830204055	1177986321.558422
15.93048588109368	1223791890.764282
15.9633934601468	1271424765.4096
15.99630103919992	1321098811.939481
16.02920861825305	1372893423.582389
16.06211619730617	1426926791.609119
16.09502377635929	1483290951.114522
16.12793135541242	1542046044.103984
16.16083893446554	1603550066.388848
16.19374651351866	1667562678.894977
16.22665409257179	1734345646.989758
16.25956167162491	1803988070.580819
16.29246925067804	1876660177.528929
16.32537682973116	1952473812.816437
16.35828440878428	2031533804.476111
16.39119198783741	2114142854.628702
16.42409956689053	2200223010.915607
16.45700714594365	2290013588.844337
16.48991472499678	2383482197.298421
16.5228223040499	2481353391.891693
16.55572988310302	2583255290.16982
16.58863746215615	2689485428.148199
16.62154504120927	2800487509.860475
16.65445262026239	2916099738.600327
16.68736019931552	3036642620.513558
16.72026777836864	3162327676.273531
16.75317535742176	3293361432.224527
16.78608293647489	3429985597.747362
16.81899051552801	3572381986.233411
16.85189809458113	3720940330.726189
16.88480567363426	3875682844.134669
16.91771325268738	4036925530.603784
16.9506208317405	4204940412.083778
16.98352841079363	4379989893.633935
17.01643598984675	4562362132.994301
17.04934356889988	4752328991.720547
17.082251147953	4950202751.39062
17.11515872700612	5156351719.025619
17.14806630605925	5370944310.336704
17.18097388511237	5594376185.129902
17.21388146416549	5826995005.256549
17.24678904321862	6069123624.249509
17.27969662227174	6321140513.6141
17.31260420132486	6583415290.508703
17.34551178037799	6856349196.356703
17.37841935943111	7140441066.079634
17.41132693848423	7435878653.567115
17.44423451753736	7743180602.72906
17.47714209659048	8062794772.603265
17.5100496756436	8395152613.208117
17.54295725469673	8740753070.146154
17.57586483374985	9100067682.917236
17.60877241280297	9473587128.246323
17.6416799918561	9861966556.566582
17.67458757090922	10265480690.01888
17.70749514996234	10684829620.51923
17.74040272901547	11120478865.711
17.77331030806859	11573090654.8608
17.80621788712171	12043266065.5869
17.83912546617484	12531618323.89382
17.87203304522796	13038803099.632
17.90494062428109	13565581362.60962
17.93784820333421	14112396498.885
17.97075578238733	14680115995.76839
18.00366336144046	15269437726.97536
18.03657094049358	15881384679.78849
18.0694785195467	16515958006.71492
18.10238609859983	17174742350.9787
18.13529367765295	17858317389.56834
18.16820125670607	18567702368.2484
18.2011088357592	19303461103.31004
18.23401641481232	20066649868.46296
18.26692399386544	20858231740.61133
18.29983157291857	21679174912.6626
18.33273915197169	22530480224.63824
18.36564673102481	23413201132.88524
18.39855431007794	24328426673.88145
18.43146188913106	25277225005.63301
18.46436946818418	26260985626.28348
18.49727704723731	27280483258.47306
18.53018462629043	28337082057.07812
18.56309220534355	29432139456.82429
18.59599978439668	30566914082.38327
18.6289073634498	31742732767.25417
18.66181494250293	32960986506.77755
18.69472252155605	34223174909.04455
18.72763010060917	35530679480.89453
18.7605376796623	36885220436.41187
18.79344525871542	38288129916.08767
18.82635283776854	39741145078.99286
18.85926041682167	41245931517.86302
18.89216799587479	42804276409.9853
18.92507557492791	44417971886.70345
18.95798315398104	46088888372.33011
18.99089073303416	47818908633.68887
19.02379831208728	49610044815.9697
19.05670589114041	51464324265.7111
19.08961347019353	53384090176.91472
19.12252104924665	55371133802.04019
19.15542862829978	57427834415.19827
19.1883362073529	59556650163.4474
19.22124378640602	61759925652.0849
19.25415136545915	64040136675.7677
19.28705894451227	66399886760.66846
19.31996652356539	68841804467.89005
19.35287410261852	71368651045.30914
19.38578168167164	73983462894.59506
19.41868926072476	76688787275.66893
19.45159683977789	79487820468.55722
19.48450441883101	82383741616.77864
19.51741199788414	85379662542.74844
19.55031957693726	88479036437.35905
19.58322715599038	91685262329.03143
19.61613473504351	95001883766.8485
19.64904231409663	98432613134.39125
19.68194989314975	101981266673.5638
19.71485747220288	105651854454.3124
19.747765051256	109448274815.6987
19.78067263030912	113374734094.8605
19.81358020936225	117435614412.8422
19.84648778841537	121635347321.1557
19.87939536746849	125978627869.4648
19.91230294652162	130470202981.9283
19.94521052557474	135114992356.9164
19.97811810462786	139918117025.829
20.01102568368099	144884885938.4595
20.04393326273411	150020884813.4393
20.07684084178723	155331373686.7591
20.10974842084036	160822373287.002
20.14265599989348	166499877164.6792
20.1755635789466	172370066176.1429
20.20847115799973	178439340144.6055
20.24137873705285	184714421118.874
20.27428631610598	191202116329.2796
20.3071938951591	197909549691.6603
20.34010147421222	204843915891.2479
20.37300905326535	212012870108.3217
20.40591663231847	219424413517.3811
20.43882421137159	227086184558.8734
20.47173179042472	235006732571.1369
20.50463936947784	243194708256.6389
20.53754694853096	251659069551.565
20.57045452758409	260408789929.0242
20.60336210663721	269453610422.2349
20.63626968569033	278803207888.3058
20.66917726474346	288467806568.2683
20.70208484379658	298457863559.3193
20.7349924228497	308784159445.2153
20.76790000190283	319458272503.5233
20.80080758095595	330491347559.4951
20.83371516000907	341895450846.0542
20.8666227390622	353684109102.5472
20.89953031811532	365868021820.9935
20.93243789716844	378461297949.6426
20.96534547622157	391477557300.4359
20.99825305527469	404930949750.989
21.03116063432782	418836008001.6064
21.06406821338094	433207956338.8544
21.09697579243406	448062092208.8376
21.12988337148719	463415528040.7528
21.16279095054031	479283168774.709
21.19569852959343	495683024403.2226
21.22860610864656	512632683066.3947
21.26151368769968	530150563365.6773
21.2944212667528	548255597383.5341
21.32732884580593	566967375004.7153
21.36023642485905	586306221863.2587
21.39314400391217	606292897288.0006
21.4260515829653	626950318076.688
21.45895916201842	648298557359.6547
21.49186674107154	670361680527.4365
21.52477432012467	693163827794.9733
21.55768189917779	716729136838.2308
21.59058947823091	741083332316.5477
21.62349705728404	766252729611.26
21.65640463633716	792264537611.8562
21.68931221539028	819148090434.5494
21.72221979444341	846930198608.0977
21.75512737349653	875641874705.462
21.78803495254965	905314210027.484
21.82094253160278	935979215027.0022
21.8538501106559	967669975733.7653
21.88675768970903	1000420847638.068
21.91966526876215	1034267345285.881
21.95257284781527	1069245877061.145
21.9854804268684	1105394851909.147
22.01838800592152	1142752099888.762
22.05129558497464	1181358617204.265
22.08420316402777	1221256043503.774
22.11711074308089	1262487541411.078
22.15001832213401	1305097666088.527
22.18292590118714	1349123317520.667
22.21583348024026	1394630517992.393
22.24874105929338	1441659337511.029
22.28164863834651	1490261541541.76
22.31455621739963	1540487626587.714
22.34746379645275	1592393088896.528
22.38037137550588	1646033540039.345
22.413278954559	1701467192235.644
22.44618653361212	1758753861488.845
22.47909411266525	1817949911270.566
22.51200169171837	1879130170175.517
22.54490927077149	1942356378680.787
22.57781684982462	2007696013668.849
22.61072442887774	2075221079985.636
22.64363200793087	2145002096649.536
22.67653958698399	2217115643507.73
22.70944716603711	2291639610349.705
22.74235474509024	2368654443664.637
22.77526232414336	2448234590930.277
22.80816990319648	2530483800682.647
22.84107748224961	2615483051897.535
22.87398506130273	2703322976239.032
22.90689264035585	2794099507645.036
22.93980021940898	2887909445910.573
22.9727077984621	2984854814183.789
23.00561537751522	3085040291732.842
23.03852295656835	3188574191811.683
23.07143053562147	3295559143001.953
23.10433811467459	3406129015930.887
23.13724569372772	3520395491710.417
23.17015327278084	3638480747932.827
23.20306085183396	3760513022843.309
23.23596843088709	3886624874876.173
23.26887600994021	4016950639680.009
23.30178358899333	4151632039548.507
23.33469116804646	4290814717175.926
23.36759874709958	4434648962073.371
23.4005063261527	4583284488746.132
23.43341390520583	4736893378435.048
23.46632148425895	4895637274227.137
23.49922906331208	5059686069931.535
23.5321366423652	5229217689056.476
23.56504422141832	5404416361559.36
23.59795180047145	5585469326123.1
23.63085937952457	5772573167558.456
23.66376695857769	5965930346480.969
23.69667453763082	6165739811982.389
23.72958211668394	6372236777760.617
23.76248969573706	6585636016487.496
23.79539727479019	6806166632197.871
23.82830485384331	7034067579176.634
23.86121243289643	7269585103932.039
23.89412001194956	7512973911221.747
23.92702759100268	7764497621486.714
23.9599351700558	8024426629638.48
23.99284274910893	8293042447186.345
24.02575032816205	8570625832889.346
24.05865790721517	8857495852102.254
24.0915654862683	9153954166027.816
24.12447306532142	9460319978286.25
24.15738064437454	9776925016252.262
24.19028822342767	10104110964738.09
24.22319580248079	10442231621165.5
24.25610338153392	10791652590022.3
24.28901096058704	11152752656451.26
24.32191853964016	11525919501458.29
24.35482611869329	11911551465257.32
24.38773369774641	12310077327077.89
24.42064127679953	12721923319170.04
24.45354885585266	13147532866473.35
24.48645643490578	13587366392155.7
24.5193640139589	14041899270972.16
24.55227159301203	14511622825457.71
24.58517917206515	14997044622319.35
24.61808675111827	15498689480228.45
24.6509943301714	16017100956949.18
24.68390190922452	16552836285051.83
24.71680948827764	17106465739948.09
24.74971706733077	17678609067435.94
24.78262464638389	18269873038290.81
24.81553222543701	18880897218224.09
24.84843980449014	19512342000154.44
24.88134738354326	20164889865088.45
24.91425496259638	20839245985932.17
24.94716254164951	21536139242177.12
24.98007012070263	22256322851533.98
25.01297769975575	23000576174658.77
25.04588527880888	23769701560790.39
25.078792857862	24564521025952.16
25.11170043691513	25385914531685.89
25.14460801596825	26234759214072.39
25.17751559502137	27111972871135.18
25.2104231740745	28018503061475.46
25.24333075312762	28955329767823.41
25.27623833218074	29923465517907.64
25.30914591123387	30923956675805.87
25.34205349028699	31957884457631.39
25.37496106934011	33026366546546.05
25.40786864839324	34130558860217.41
25.44077622744636	35271645695569.23
25.47368380649948	36450874936535.52
25.50659138555261	37669514354001.28
25.53949896460573	38928881044686.3
25.57240654365885	40230336121475.67
25.60531412271198	41575286173431.81
25.6382217017651	42965184856877.21
25.67112928081822	44401534290185.65
25.70403685987135	45885887066063.85
25.73694443892447	47419847161568.38
25.76985201797759	49005072575562.45
25.80275959703072	50643267637380.31
25.83566717608384	52336221173977.88
25.86857475513697	54085753658041.36
25.90148233419009	55893755981633.75
25.93438991324321	57762182226078.94
25.96729749229634	59693051776539.56
26.00020507134946	61688451501330.82
26.03311265040258	63750538015794.01
26.06602022945571	65881540004748.62
26.09892780850883	68083760634812.29
26.13183538756195	70359580041674.04
26.16474296661508	72711457900033.61
26.1976505456682	75141926175365
26.23055812472132	77653632115652.58
26.26346570377445	80249279955051.47
26.29637328282757	82931674876004.09
26.32928086188069	85703716704983.23
26.36218844093382	88568400679595.41
26.39509601998694	91528823228599.42
26.42800359904006	94588183953851.3
26.46091117809319	97749789392576.47
26.49381875714631	101017056584893.5
26.52672633619943	104393516770167.1
26.55963391525256	107882819747080.2
26.59254149430568	111488727999876.7
26.6254490733588	115215156329306.6
26.65835665241193	119066121602108
26.69126423146505	123045787200338.8
26.72417181051818	127158454467953.5
26.7570793895713	131408568208257
26.78998696862442	135800721965103.5
26.82289454767755	140339662750997
26.85580212673067	145030296220573.1
26.88870970578379	149877692220841.6
26.92161728483692	154887089264486.8
26.95452486389004	160063901775742
26.98743244294316	165413713905757.4
27.02034002199629	170942329611766.4
27.05324760104941	176655714710150.7
27.08615518010253	182560041628441.7
27.11906275915566	188661692795993.7
27.15197033820878	194967262867336.1
27.1848779172619	201483566904475.8
27.21778549631503	208217647768184.7
27.25069307536815	215176783500435.3
27.28360065442127	222368495541822.4
27.3165082334744	229800556645695.3
27.34941581252752	237480999343456.2
27.38232339158064	245418124972534.8
27.41523097063377	253620499417456.2
27.44813854968689	262097011980647.8
27.48104612874002	270856812155014.1
27.51395370779314	279909368644399
27.54686128684626	289264463295024.8
27.57976886589939	298932207759856.8
27.61267644495251	308923051177444.9
27.64558402400563	319247791500569.2
27.67849160305876	329917587689756.1
27.71139918211188	340943971627499.2
27.744306761165	352338860595192.8
27.77721434021813	364114570108788.9
27.81012191927125	376283827678510.8
27.84302949832437	388859784111789.2
27.8759370773775	401856026453237.9
27.90884465643062	415286614406595.9
27.94175223548374	429166056620135.1
27.97465981453687	443509355353980.7
28.00756739358999	458332010199095.8
28.04047497264311	473650042370096.9
28.07338255169624	489480007693858.1
28.10629013074936	505839015085850
28.13919770980248	522744745452309.8
28.17210528885561	540215470087971.6
28.20501286790873	558270071394973.6
28.23792044696185	576928063288521.2
28.27082802601498	596209609671086.9
28.3037356050681	616135539959739
28.33664318412123	636727412589257
28.36955076317435	658007471705434.8
28.40245834222747	679998716656280.5
28.4353659212806	702724915504930.6
28.46827350033372	726210632137364.1
28.50118107938684	750481246981187.8
28.53408865843997	775562992769937.8
28.56699623749309	801482977846349.4
28.59990381654621	828269216462016.4
28.63281139559934	855950658948913.5
28.66571897465246	884557223315913.1
28.69862655370558	914119827748042.2
28.73153413275871	944670421864966.2
28.76444171181183	976242014961259.5
28.79734929086495	1008868752175432
28.83025686991808	1042585884735090
28.8631644489712	1077429853582431
28.89607202802432	1113438318083756
28.92897960707745	1150650196017648
28.96188718613057	1189105706789574
28.99479476518369	1228846411136521
29.02770234423682	1269915261622832
29.06060992328994	1312356644908237
29.09351750234307	1356216431644383
29.12642508139619	1401542025253047
29.15933266044931	1448382413988073
29.19224023950244	1496788220712908
29.22514781855556	1546811764388578
29.25805539760868	1598507102146768
29.29096297666181	1651930120744132
29.32387055571493	1707138552279614
29.35677813476805	1764192065656069
29.38968571382118	1823152324064656
29.4225932928743	1884083051423348
29.45550087192742	1947050101537967
29.48840845098055	2012121530246433
29.52131603003367	2079367663754460
29.55422360908679	2148861182382355
29.58713118813992	2220677194322673
29.62003876719304	2294893318701201
29.65294634624616	2371589766711302
29.68585392529929	2450849431552226
29.71876150435241	2532757977614390
29.75166908340553	2617403919006827
29.78457666245866	2704878764626778
29.81748424151178	2795277044660130
29.85039182056491	2888696461252161
29.88329939961803	2985237981554108
29.91620697867115	3085005947209440
29.94911455772428	3188108186906175
29.9820221367774	3294656132947174
30.01492971583052	3404764943458655
30.04783729488365	3518553620408387
30.08074487393677	3636145147472944
30.11365245298989	3757666617166331
30.14656003204302	3883249368477646
30.17946761109614	4013029130279948
30.21237519014926	4147146169397674
30.24528276920239	4285745425760768
30.27819034825551	4428976721618556
30.31109792730863	4576994847795517
30.34400550636176	4729959781607648
30.37691308541488	4888036846778115
30.409820664468	5051396892116685
30.44272824352113	5220216476304831
30.47563582257425	5394678058545744
30.50854340162737	5574970195924223
30.5414509806805	5761287747267292
30.57435855973362	5953832084585429
30.60726613878674	6152811306601998
30.64017371783987	6358440470634641
30.67308129689299	6570941818023252
30.70598887594612	6790545018847858
30.73889645499924	7017487420637307
30.77180403405236	7252014292709092
30.80471161310549	7494379126458231
30.83761919215861	7744843860103393
30.87052677121173	8003679194401405
30.90343435026486	8271164877296492
30.93634192931798	8547590005584336
30.9692495083711	8833253337882385
31.00215708742423	9128463617446884
31.03506466647735	9433539905710984
31.06797224553047	9748811927528474
31.1008798245836	1.00746204264067e+16
31.13378740363672	1.041131753584634e+16
31.16669498268984	1.075926715397716e+16
31.19960256174297	1.111884534253268e+16
31.23251014079609	1.149044073157077e+16
31.26541771984921	1.187445493975786e+16
31.29832529890234	1.227130300694012e+16
31.33123287795546	1.268141383130132e+16
31.36414045700858	1.3105230683445e+16
31.39704803606171	1.354321160912667e+16
31.42995561511483	1.399582997516731e+16
31.46286319416796	1.446357496941898e+16
31.49577077322108	1.494695212606777e+16
31.5286783522742	1.544648387644725e+16
31.56158593132733	1.596271011152021e+16
31.59449351038045	1.64961887650471e+16
31.62740108943357	1.704749641699117e+16
31.6603086684867	1.761722891693676e+16
31.69321624753982	1.820600202841775e+16
31.72612382659294	1.881445209414198e+16
31.75903140564607	1.944323671998555e+16
31.79193898469919	2.009303549273565e+16
31.82484656375231	2.076455071221382e+16
31.85775414280544	2.145850814668094e+16
31.89066172185856	2.217565780712698e+16
31.92356930091168	2.291677480964291e+16
31.95647687996481	2.368266013520227e+16
31.98938445901793	2.447414154771311e+16
32.02229203807106	2.529207447462218e+16
32.05519961712418	2.613734293159928e+16
32.0881071961773	2.701086047881735e+16
32.12101477523043	2.791357120768376e+16
32.15392235428355	2.884645076145455e+16
32.18682993333667	2.981050738942556e+16
32.2197375123898	3.080678303688745e+16
0
1000	0.5109989461	100000000000000.1
5	0	0	1
5	0	0	0
-0.654933961680612	-71.84777894824278
-0.6220263826274882	-101.7771184784141
-0.5891188035743644	-132.4939047435523
-0.5562112245212406	-162.7865986762757
-0.5233036454681168	-191.90685300193
-0.490396066414993	-219.4291951008497
-0.4574884873618692	-245.1420883064826
-0.4245809083087454	-268.9711022810075
-0.3916733292556216	-290.9270600716529
-0.3587657502024978	-311.0718452841427
-0.325858171149374	-329.4961828674209
-0.2929505920962502	-346.3053766194394
-0.2600430130431264	-361.6102811986173
-0.2271354339900026	-375.5216987036075
-0.1942278549368788	-388.1470065590091
-0.161320275883755	-399.588232487107
-0.1284126968306312	-409.9410615148011
-0.09550511777750736	-419.2944366894107
-0.06259753872438356	-427.7305312871435
-0.02968995967125975	-435.3249467446697
0.003217619381864059	-442.147041005462
0.03612519843498787	-448.2603253595477
0.06903277748811168	-453.7228899813004
0.1019403565412355	-458.587833039599
0.1348479355943593	-462.9036779686446
0.1677555146474831	-466.7147698973442
0.2006630937006069	-470.0616464361195
0.2335706727537307	-472.9813807426328
0.2664782518068545	-475.507896521104
0.2993858308599783	-477.6722556819717
0.3322934099131021	-478.3381190255953
0.3652009889662259	-479.6170064529851
0.3981085680193497	-480.6039846806582
0.4310161470724735	-481.3221391796288
0.4639237261255973	-481.7928066312689
0.4968313051787211	-482.0356906727711
0.529738884231845	-482.0689748402119
0.5626464632849688	-481.9094308193136
0.5955540423380926	-481.5725209869647
0.6284616213912164	-481.0724947585616
0.6613692004443402	-480.4296553814372
0.694276779497464	-479.6406598272105
0.7271843585505878	-478.7244867162361
0.7600919376037116	-477.6914979003093
0.7929995166568354	-476.5512277123256
0.8259070957099592	-475.3124437532695
0.858814674763083	-473.9832028621689
0.8917222538162068	-472.570902574593
0.9246298328693306	-471.0823283612306
0.9575374119224545	-469.523696921833
0.9904449909755783	-467.9082104136023
1.023352570028702	-466.225533456146
1.056260149081826	-464.4877147481836
1.08916772813495	-462.6990823771326
1.122075307188074	-460.8636027195288
1.154982886241198	-458.9849083266508
1.187890465294322	-457.0663234986487
1.220798044347446	-455.1108877517902
1.253705623400569	-453.1213773649387
1.286613202453693	-451.1003251745564
1.319520781506817	-449.0468324827175
1.352428360559941	-446.9698320177858
1.385335939613065	-444.8678159849009
1.418243518666189	-442.7424563658053
1.451151097719313	-440.5952556758099
1.484058676772437	-438.4275606321208
1.516966255825561	-436.240574606122
1.549873834878685	-434.0353689859804
1.582781413931809	-431.8128935618236
1.615688992984933	-429.5739860333427
1.648596572038056	-427.3174116744695
1.68150415109118	-425.0480087888452
1.714411730144304	-422.7642281854564
1.747319309197428	-420.4665051744867
1.780226888250552	-418.1551980686806
1.813134467303676	-415.8305950291289
1.8460420463568	-413.4929203103038
1.878949625409924	-411.1423399740612
1.911857204463048	-408.7789671338691
1.944764783516172	-406.4028667831837
1.977672362569296	-404.0124537985888
2.010579941622419	-401.6111192245433
2.043487520675543	-399.1971196546772
2.076395099728667	-396.7703444744261
2.109302678781791	-394.3306513970164
2.142210257834915	-391.8778702473729
2.175117836888039	-389.4118064562182
2.208025415941163	-386.932244302929
2.240932994994287	-384.4389499405792
2.273840574047411	-381.9316742322051
2.306748153100535	-379.4107670573234
2.339655732153659	-376.8746925493309
2.372563311206783	-374.3237659231226
2.405470890259906	-371.7577048286006
2.43837846931303	-369.1762274512657
2.471286048366154	-366.5790547975878
2.504193627419278	-363.9659128727779
2.537101206472402	-361.3365347641319
2.570008785525526	-358.6906626410017
2.60291636457865	-356.0280496805414
2.635823943631774	-353.3505940939942
2.668731522684898	-350.6536226430795
2.701639101738022	-347.9390764922284
2.734546680791146	-345.206786481492
2.76745425984427	-342.4566105291217
2.800361838897393	-339.6884356281104
2.833269417950517	-336.9021801324736
2.866176997003641	-334.0977964292187
2.899084576056765	-331.275274130293
2.931992155109889	-328.4346439746723
2.964899734163013	-325.5578267661645
2.997807313216137	-322.6819132782666
3.030714892269261	-319.7900924339587
3.063622471322385	-316.8827890500515
3.096530050375509	-313.9604577817092
3.129437629428633	-311.0235834381495
3.162345208481756	-308.072681206883
3.19525278753488	-305.1082967556035
3.228160366588004	-302.1310061583588
3.261067945641128	-299.1414155483189
3.293975524694252	-297.1092861941079
3.326883103747376	-270.0390407434053
3.3597906828005	-289.4487487416872
3.392698261853624	-286.8532879087279
3.425605840906748	-283.9794315265702
3.458513419959872	-281.0242244963689
3.491420999012996	-278.0281959734723
3.52432857806612	-275.0050437790595
3.557236157119243	-271.9607383101416
3.590143736172367	-268.8983631616707
3.623051315225491	-265.8019398469187
3.655958894278615	-262.7133501349919
3.688866473331739	-259.6101603911059
3.721774052384863	-256.4928768669781
3.754681631437987	-253.3620487659105
3.787589210491111	-250.2182711030524
3.820496789544235	-247.0621864184362
3.853404368597359	-243.894485660454
3.886311947650483	-240.7159084439477
3.919219526703607	-237.5272428174326
3.95212710575673	-234.3259742110307
3.985034684809854	-231.1197840113182
4.017942263862978	-227.9065139853579
4.050849842916102	-224.6871521348074
4.083757421969225	-221.4627120844103
4.116665001022349	-218.2342260375908
4.149572580075472	-215.0027368770193
4.182480159128596	-211.7692885695929
4.215387738181719	-208.5349140151119
4.248295317234843	-205.3006191438625
4.281202896287966	-201.6404922614651
4.314110475341089	-198.4102344920522
4.347018054394213	-195.2282098313749
4.379925633447336	-192.104455686632
4.41283321250046	-189.0491511393269
4.445740791553583	-186.0725242565169
4.478648370606707	-183.1847567329142
4.51155594965983	-180.3958879214319
4.544463528712954	-177.7157203174385
4.577371107766077	-175.1537284752043
4.610278686819201	-151.0688005034666
4.643186265872324	-161.957603734597
4.676093844925448	-163.9796044287972
4.709001423978571	-164.2244376030708
4.741909003031695	-163.8507216561253
4.774816582084818	-163.2117807252902
4.807724161137942	-162.4497268195578
4.840631740191065	-161.6314828624993
4.873539319244188	-160.7918257342027
4.906446898297312	-159.9499954630798
4.939354477350435	-158.9073236363666
4.972262056403559	-158.1328235017356
5.005169635456682	-157.3807575865778
5.038077214509806	-156.6511452183237
5.070984793562929	-155.9439112168909
5.103892372616053	-155.2588978155053
5.136799951669176	-154.5958728604585
5.1697075307223	-153.9545359724902
5.202615109775423	-153.3345237384751
5.235522688828547	-152.7354145977521
5.26843026788167	-152.3449731601349
5.301337846934794	-151.8066607405532
5.334245425987917	-151.2837639407836
5.367153005041041	-150.7787088753112
5.400060584094164	-150.3254625433196
5.432968163147287	-149.7322096131739
5.465875742200411	-149.2820056478307
5.498783321253534	-148.8237299529762
5.531690900306658	-148.3732935451382
5.564598479359781	-147.9316095097195
5.597506058412905	-147.4495427940203
5.630413637466028	-147.0419123300123
5.663321216519152	-146.6425333670002
5.696228795572275	-146.2517015146915
5.729136374625399	-145.8695867720439
5.762043953678522	-145.4962732523486
5.794951532731646	-145.1317843544054
5.827859111784769	-144.7760993352579
5.860766690837893	-144.429164601138
5.893674269891016	-144.090901641033
5.92658184894414	-143.7632017587061
5.959489427997263	-143.4416075070762
5.992397007050386	-143.1282726877704
6.02530458610351	-142.8231081052042
6.058212165156633	-142.5260101707975
6.091119744209757	-142.2368628778513
6.12402732326288	-141.9555396243775
6.156934902316004	-141.681904883241
6.189842481369127	-141.4158157225216
6.222750060422251	-141.1571231815479
6.255657639475374	-140.9064206688821
6.288565218528498	-140.6619581804313
6.321472797581621	-140.4243712217852
6.354380376634745	-140.1935108339162
6.387287955687868	-139.9692278523567
6.420195534740992	-139.7513731940636
6.453103113794115	-139.5397981383799
6.486010692847239	-139.3343545986748
6.518918271900362	-139.1348953822424
6.551825850953485	-138.9412744373714
6.584733430006609	-138.752936288259
6.617641009059732	-138.5706099426546
6.650548588112856	-138.3937225978331
6.683456167165979	-138.2221284062596
6.716363746219103	-138.0556826544673
6.749271325272226	-137.8942420816648
6.78217890432535	-137.737665158036
6.815086483378473	-137.5858123262806
6.847994062431597	-137.4385462096781
6.88090164148472	-137.295731789699
6.913809220537844	-137.1577210941313
6.946716799590967	-137.0233584665231
6.979624378644091	-136.893022549993
7.012531957697214	-136.7665961932759
7.045439536750338	-136.6439662673758
7.078347115803461	-136.5250234900744
7.111254694856584	-136.409662260958
7.144162273909708	-136.2977805061663
7.177069852962831	-136.1892795321364
7.209977432015955	-136.084063887663
7.242885011069078	-135.9816319359931
7.275792590122202	-135.8827605850433
7.308700169175325	-135.7869364454309
7.341607748228449	-135.6940697909103
7.374515327281572	-135.604072570007
7.407422906334696	-135.516858490598
7.440330485387819	-135.4323430884744
7.473238064440943	-135.3504437815117
7.506145643494066	-135.2710799109553
7.53905322254719	-135.1941727711923
7.571960801600313	-135.1199110232691
7.604868380653437	-135.0476588951954
7.63777595970656	-134.9776194946171
7.670683538759683	-134.9097257839317
7.703591117812807	-134.8439133796099
7.73649869686593	-134.7801204284853
7.769406275919054	-134.7182874912855
7.802313854972177	-134.6583574328403
7.835221434025301	-134.6002753184553
7.868129013078424	-134.5439883159972
7.901036592131548	-134.4887799661943
7.933944171184671	-134.4360148506383
7.966851750237795	-134.3849447943906
7.999759329290918	-134.3355139162251
8.032666908344043	-134.2876668244872
8.065574487397166	-134.2413488631711
8.098482066450289	-134.196506312311
8.131389645503413	-134.1530865489057
8.164297224556536	-134.1110381738688
8.19720480360966	-134.0703111098377
8.230112382662783	-134.0310656242683
8.263019961715907	-133.9928128373775
8.29592754076903	-133.9557241412878
8.328835119822154	-133.9197581752532
8.361742698875277	-133.8848756192506
8.394650277928401	-133.8510391153858
8.427557856981524	-133.8182131892235
8.460465436034648	-133.7863641715761
8.493373015087771	-133.7554601212614
8.526280594140895	-133.7254707492958
8.559188173194018	-133.6961855204334
8.592095752247142	-133.6679700598476
8.625003331300265	-133.6405968805169
8.657910910353388	-133.6140380160717
8.690818489406512	-133.58826714104
8.723726068459635	-133.5632594930564
8.756633647512759	-133.5389917768093
8.789541226565882	-133.5154420610709
8.822448805619006	-133.4925896759354
8.855356384672129	-133.4704151144551
8.888263963725253	-133.4487428593335
8.921171542778376	-133.4279150404635
8.9540791218315	-133.407706739626
8.986986700884623	-133.3881019354986
9.019894279937747	-133.3690858984147
9.05280185899087	-133.3506448258264
9.085709438043994	-133.3327656432659
9.118617017097117	-133.3154358872058
9.15152459615024	-133.2986436308643
9.184432175203364	-133.2823774336975
9.217339754256487	-133.2654880374333
9.250247333309611	-133.2504238827391
9.283154912362734	-133.2359119467132
9.316062491415858	-133.2219206931935
9.348970070468981	-133.2084205292261
9.381877649522105	-133.1953837487778
9.414785228575228	-133.1827844505315
9.447692807628352	-133.1705984415746
9.480600386681475	-133.1588031346962
9.513507965734599	-133.1473774443004
9.546415544787722	-133.1363473714831
9.579323123840846	-133.1255976918852
9.612230702893969	-133.1151591764945
9.645138281947093	-133.1050163695734
9.678045861000216	-133.095154918359
9.710953440053339	-133.0855614958918
9.743861019106463	-133.0762237350239
9.776768598159586	-133.0671301735154
9.80967617721271	-133.0582702105883
9.842583756265833	-133.049634075892
9.875491335318957	-133.0409872910111
9.90839891437208	-133.0327854360476
9.941306493425204	-133.024804050182
9.974214072478327	-133.0170373923608
10.00712165153145	-133.0094800124474
10.04002923058457	-133.002126736866
10.0729368096377	-132.9949726552253
10.10584438869082	-132.9880131078478
10.13875196774394	-132.9812436741419
10.17165954679707	-132.9746601617608
10.20456712585019	-132.968281714352
10.23747470490332	-132.9620562149538
10.27038228395644	-132.9560034039473
10.30328986300956	-132.9501201138483
10.33619744206269	-132.944403453894
10.36910502111581	-132.9388508033149
10.40201260016893	-132.9334598057158
10.43492017922206	-132.928228364542
10.46782775827518	-132.9231546396173
10.5007353373283	-132.9182370447456
10.53364291638143	-132.9134851185127
10.56655049543455	-132.9088751452294
10.59945807448767	-132.9044171153015
10.6323656535408	-132.9001105245852
10.66527323259392	-132.8959551751588
10.69818081164704	-132.8919511827033
10.73108839070017	-132.8880989857862
10.76399596975329	-132.8843993571969
10.79690354880641	-132.8808534175024
10.82981112785954	-132.8774626510306
10.86271870691266	-132.8742035825015
10.89562628596578	-132.871131051502
10.92853386501891	-132.868222798198
10.96144144407203	-132.8654818727296
10.99434902312515	-132.8629116968924
11.02725660217828	-132.860516089053
11.0601641812314	-132.8582992919906
11.09307176028453	-132.8562660040044
11.12597933933765	-132.8544214136848
11.15888691839077	-132.8527712387992
11.1917944974439	-132.8507622023409
11.22470207649702	-132.8495560834636
11.25760965555014	-132.8486180669374
11.29051723460327	-132.8479550496158
11.32342481365639	-132.8475713503865
11.35633239270951	-132.8474684587347
11.38923997176264	-132.8476448421673
11.42214755081576	-132.8480958248015
11.45505512986888	-132.8488135467947
11.48796270892201	-132.849787010789
11.52087028797513	-132.8544687575508
11.55377786702825	-132.8553084796841
11.58668544608138	-132.8562184771104
11.6195930251345	-132.8572242628205
11.65250060418762	-132.8583471725869
11.68540818324075	-132.8596065726153
11.71831576229387	-132.8610211995383
11.75122334134699	-132.8626100609039
11.78413092040012	-132.8643931115956
11.81703849945324	-132.8663918239488
11.84994607850637	-132.8705356924336
11.88285365755949	-132.8730888855042
11.91576123661261	-132.8757504186955
11.94866881566574	-132.8784744420099
11.98157639471886	-132.8811664743195
12.01448397377198	-132.8836210016675
12.04739155282511	-132.8853348305757
12.08029913187823	-132.884766314871
12.11320671093135	-132.8742511502633
12.14611428998448	-131.5487602320407
12.1790218690376	-132.9155392936994
12.21192944809072	-132.9234891568055
12.24483702714385	-132.9320843352449
12.27774460619697	-132.9413423957908
12.31065218525009	-132.9512790264656
12.34355976430322	-132.9619076771667
12.37646734335634	-132.9732391810733
12.40937492240946	-132.9852813611739
12.44228250146259	-132.9980386274492
12.47519008051571	-133.0115115715141
12.50809765956883	-133.0272610649744
12.54100523862196	-133.0420135692974
12.57391281767508	-133.0573230272329
12.6068203967282	-133.0731837773139
12.63972797578133	-133.0895916942746
12.67263555483445	-133.1065440663969
12.70554313388758	-133.1240394904766
12.7384507129407	-133.1420777819879
12.77135829199382	-133.1606598984262
12.80426587104695	-133.1797878741374
12.83717345010007	-133.1993856890217
12.87008102915319	-133.2196237508188
12.90298860820632	-133.2404259162058
12.93589618725944	-133.2617971383239
12.96880376631256	-133.2837430005395
13.00171134536569	-133.3062697110246
13.03461892441881	-133.3293840995283
13.06752650347193	-133.3530936162511
13.10043408252506	-133.377406332736
13.13334166157818	-133.4023309447177
13.1662492406313	-133.4276237431343
13.19915681968443	-133.4538198203583
13.23206439873755	-133.4806803325336
13.26497197779067	-133.5082153108769
13.2978795568438	-133.5364342144162
13.33078713589692	-133.5653458418032
13.36369471495004	-133.5949582360896
13.39660229400317	-133.6252785821941
13.42950987305629	-133.6563130968089
13.46241745210942	-133.6880669105367
13.49532503116254	-133.7202085239695
13.52823261021566	-133.7534237969715
13.56114018926879	-133.7874000190606
13.59404776832191	-133.8221390263248
13.62695534737503	-133.8576390434858
13.65986292642816	-133.8938939449229
13.69277050548128	-133.9308923852218
13.7256780845344	-133.9686167763385
13.75858566358753	-134.0070420843942
13.79149324264065	-134.0461344143477
13.82440082169377	-134.0838313538371
13.8573084007469	-134.1240736919065
13.89021597980002	-134.165034910082
13.92312355885314	-134.2066881955457
13.95603113790627	-134.2489904273609
13.98893871695939	-134.2918753649213
14.02184629601251	-134.3352433996384
14.05475387506564	-134.3789456881107
14.08766145411876	-134.4227587474657
14.12056903317188	-134.46634212758
14.15347661222501	-134.3896654097039
14.18638419127813	-134.4395473221052
14.21929177033125	-134.4931287058283
14.25219934938438	-134.5506911444354
14.2851069284375	-134.6125974965342
14.31801450749063	-134.6792869234802
14.35092208654375	-134.7512792840068
14.38382966559687	-134.8291855171467
14.41673724465	-134.913723129084
14.44964482370312	-135.0057370691354
14.48255240275624	-135.0780294317777
14.51545998180937	-135.1891118721516
14.54836756086249	-135.314005154083
14.58127513991561	-135.4548342064932
14.61418271896874	-135.6141038695188
14.64709029802186	-135.7947697396247
14.67999787707498	-136.0003193372094
14.71290545612811	-136.2348622036616
14.74581303518123	-136.5032246421794
14.77872061423435	-136.8110395820242
14.81162819328748	-137.4230329800352
14.8445357723406	-137.8355415545756
14.87744335139372	-138.2802823895982
14.91035093044685	-138.7578517591024
14.94325850949997	-139.268816908893
14.97616608855309	-139.813712640489
15.00907366760622	-140.3930377714428
15.04198124665934	-141.0072514843719
15.07488882571247	-141.6567695796334
15.10779640476559	-142.3419606493754
15.14070398381871	-143.0681351366319
15.17361156287184	-143.8251861001405
15.20651914192496	-144.6182468591598
15.23942672097808	-145.4474867284532
15.27233430003121	-146.313033908574
15.30524187908433	-147.2149730556144
15.33814945813745	-148.1533428528004
15.37105703719058	-149.1281335999716
15.4039646162437	-150.1392848384431
15.43687219529682	-151.1866830301628
15.46977977434995	-152.2740140359875
15.50268735340307	-153.3930177558816
15.53559493245619	-154.5472529080008
15.56850251150932	-155.7364017510946
15.60141009056244	-156.9601016849563
15.63431766961556	-158.2179439691655
15.66722524866869	-159.5094725447611
15.70013282772181	-160.8341829734604
15.73304040677493	-162.1915215091268
15.76594798582806	-163.5808843161338
15.79885556488118	-165.0045790982581
15.8317631439343	-166.4557055666468
15.86467072298743	-167.9364898535986
15.89757830204055	-169.4461513158375
15.93048588109368	-170.983870825819
15.9633934601468	-172.5487908330221
15.99630103919992	-174.1400155827557
16.02920861825305	-175.7566114985985
16.06211619730617	-177.3976077336744
16.09502377635929	-179.0619968949789
16.12793135541242	-180.7507597161012
16.16083893446554	-182.4585728624922
16.19374651351866	-184.1863825539866
16.22665409257179	-185.9330683629115
16.25956167162491	-187.6974874854613
16.29246925067804	-189.47847601003
16.32537682973116	-191.2748503224736
16.35828440878428	-193.085408643821
16.39119198783741	-194.9089326950156
16.42409956689053	-196.7441894823286
16.45700714594365	-198.591311890433
16.48991472499678	-200.446141982224
16.5228223040499	-202.3088283697334
16.55572988310302	-204.1781164523864
16.58863746215615	-206.0527521186689
16.62154504120927	-207.9314835577854
16.65445262026239	-209.8130631246485
16.68736019931552	-211.696249247956
16.72026777836864	-213.5798083708935
16.75317535742176	-215.4625169138332
16.78608293647489	-217.3441743518342
16.81899051552801	-219.2214487173819
16.85189809458113	-221.0942043814094
16.88480567363426	-222.9612914012562
16.91771325268738	-224.8215825745114
16.9506208317405	-226.6739748371295
16.98352841079363	-228.5173906310424
17.01643598984675	-230.3507792327003
17.04934356889988	-232.1731180344539
17.082251147953	-233.9834137712242
17.11515872700612	-235.7815289167246
17.14806630605925	-237.5647847328874
17.18097388511237	-239.3331446806529
17.21388146416549	-241.0857563665038
17.24678904321862	-242.8218038133961
17.27969662227174	-244.5405077890963
17.31260420132486	-246.2411260801239
17.34551178037799	-247.9229537072976
17.37841935943111	-249.5853230796091
17.41132693848423	-251.2276040838291
17.44423451753736	-252.8499515339454
17.47714209659048	-254.4502211876806
17.5100496756436	-256.0286850610886
17.54295725469673	-257.5848749786083
17.57586483374985	-259.1183609395966
17.60877241280297	-260.6287503704456
17.6416799918561	-262.1156873658926
17.67458757090922	-263.5788519161007
17.70749514996234	-265.017959116955
17.74040272901547	-266.4327583617907
17.77331030806859	-267.8238265143058
17.80621788712171	-269.189279898155
17.83912546617484	-270.5298211735728
17.87203304522796	-271.8453432487136
17.90494062428109	-273.1357693256647
17.93784820333421	-274.4010515580405
17.97075578238733	-275.6411697795901
18.00366336144046	-276.8561302908313
18.03657094049358	-278.0459646934307
18.0694785195467	-279.2107287642343
18.10238609859983	-280.3524262218266
18.13529367765295	-281.4668919214056
18.16820125670607	-282.5565582117807
18.2011088357592	-283.621598727541
18.23401641481232	-284.6621982216839
18.26692399386544	-285.6785537484841
18.29983157291857	-286.6708750703713
18.33273915197169	-287.6393846324172
18.36564673102481	-288.5843172849829
18.39855431007794	-289.5059198546207
18.43146188913106	-290.4047209990758
18.46436946818418	-291.2804134727596
18.49727704723731	-292.1335652325378
18.53018462629043	-292.9644694339637
18.56309220534355	-293.7734284161021
18.59599978439668	-294.5607530324946
18.6289073634498	-295.3267619992139
18.66181494250293	-296.0717812627172
18.69472252155605	-296.7961433905174
18.72763010060917	-297.5001869881816
18.7605376796623	-298.1838690211589
18.79344525871542	-298.8483394231631
18.82635283776854	-299.4935731556243
18.85926041682167	-300.1199270235822
18.89216799587479	-300.7277598835233
18.92507557492791	-301.3174321300757
18.95798315398104	-301.8893052029011
18.99089073303416	-302.4437411139239
19.02379831208728	-302.9811019949642
19.05670589114041	-303.5017496657766
19.08961347019353	-304.0058423450246
19.12252104924665	-304.4941685857092
19.15542862829978	-304.9668764742923
19.1883362073529	-305.4243198010803
19.22124378640602	-305.8668496200784
19.25415136545915	-306.2948140309752
19.28705894451227	-306.7085579735964
19.31996652356539	-307.1084230345933
19.35287410261852	-307.4947472661186
19.38578168167164	-307.8678650162303
19.41868926072476	-308.2281175244444
19.45159683977789	-308.5757898683674
19.48450441883101	-308.9112525562263
19.51741199788414	-309.2348113746017
19.55031957693726	-309.5467772355399
19.58322715599038	-309.8474580239197
19.61613473504351	-310.1371574485315
19.64904231409663	-310.4161747112225
19.68194989314975	-310.6848043571209
19.71485747220288	-310.9433361826839
19.747765051256	-311.192173579331
19.78067263030912	-311.4313465770193
19.81358020936225	-311.6612531434679
19.84648778841537	-311.8821651420572
19.87939536746849	-312.094349779875
19.91230294652162	-312.2980695410587
19.94521052557474	-312.4935821309393
19.97811810462786	-312.681140430703
20.01102568368099	-312.8609924623074
20.04393326273411	-313.0333813634255
20.07684084178723	-313.1984513581835
20.10974842084036	-313.3566322962261
20.14265599989348	-313.5080579845805
20.1755635789466	-313.6529511625997
20.20847115799973	-313.7915293306015
20.24137873705285	-313.9240047798644
20.27428631610598	-314.0505846286059
20.3071938951591	-314.1714708638086
20.34010147421222	-314.2868603888965
20.37300905326535	-314.3969450774841
20.40591663231847	-314.5024287932061
20.43882421137159	-314.6024362654563
20.47173179042472	-314.6976358964825
20.50463936947784	-314.7881961528478
20.53754694853096	-314.8742812677594
20.57045452758409	-314.9560512322699
20.60336210663721	-315.0336617656949
20.63626968569033	-315.1072642415685
20.66917726474346	-315.1770055158739
20.70208484379658	-315.2430275248379
20.7349924228497	-315.3092448250824
20.76790000190283	-315.3686895071269
20.80080758095595	-315.4247258492248
20.83371516000907	-315.4774791044351
20.8666227390622	-315.5270730424556
20.89953031811532	-315.5736296730157
20.93243789716844	-315.6172689965855
20.96534547622157	-315.658108781469
20.99825305527469	-315.6962643662478
21.03116063432782	-315.7318484864707
21.06406821338094	-315.7650131291702
21.09697579243406	-315.7957761486674
21.12988337148719	-315.824285999476
21.16279095054031	-315.8506443614725
21.19569852959343	-315.8749498244685
21.22860610864656	-315.8972978214058
21.26151368769968	-315.91778058209
21.2944212667528	-315.9364871055562
21.32732884580593	-315.9535031492517
21.36023642485905	-315.9689112333141
21.39314400391217	-315.9827513900208
21.4260515829653	-315.9951816324073
21.45895916201842	-316.0062355814967
21.49186674107154	-316.0159828712606
21.52477432012467	-316.0244899607409
21.55768189917779	-316.0318201795703
21.59058947823091	-316.0380337715858
21.62349705728404	-316.0431879343099
21.65640463633716	-316.0473368516145
21.68931221539028	-316.0505317162443
21.72221979444341	-316.0527271244424
21.75512737349653	-316.0541517137041
21.78803495254965	-316.0547687075909
21.82094253160278	-316.054620817765
21.8538501106559	-316.0537480685852
21.88675768970903	-316.0521876616959
21.91966526876215	-316.0499737097384
21.95257284781527	-316.0471367328791
21.9854804268684	-316.0437027028566
22.01838800592152	-316.0396911647725
22.05129558497464	-316.0277803510351
22.08420316402777	-316.0232158359481
22.11711074308089	-316.0182436583992
22.15001832213401	-316.0129009319171
22.18292590118714	-316.0072180975481
22.21583348024026	-316.0012215984993
22.24874105929338	-315.9949351345942
22.28164863834651	-315.9883803226729
22.31455621739963	-315.9815770812357
22.34746379645275	-315.9745438758981
22.38037137550588	-315.9669591363287
22.413278954559	-315.9595707805374
22.44618653361212	-315.9520176334465
22.47909411266525	-315.9443074598942
22.51200169171837	-315.936447569324
22.54490927077149	-315.9284448294188
22.57781684982462	-315.9203056811344
22.61072442887774	-315.9120361546923
22.64363200793087	-315.9036418861756
22.67653958698399	-315.8951281344445
22.70944716603711	-315.8866915533422
22.74235474509024	-315.8779235943032
22.77526232414336	-315.8690395738864
22.80816990319648	-315.8600468562242
22.84107748224961	-315.8509523509553
22.87398506130273	-315.8417625393653
22.90689264035585	-315.8324834995274
22.93980021940898	-315.8231209303229
22.9727077984621	-315.8136801742863
23.00561537751522	-315.8041662392645
23.03852295656835	-315.7945833079768
23.07143053562147	-315.7849368594046
23.10433811467459	-315.7752304842443
23.13724569372772	-315.7654680380553
23.17015327278084	-315.7556531318064
23.20306085183396	-315.7457891472415
23.23596843088709	-315.7358792513058
23.26887600994021	-315.7259264096861
23.30178358899333	-315.715933399513
23.33469116804646	-315.7059028212762
23.36759874709958	-315.6958371630458
23.4005063261527	-315.6857385932561
23.43341390520583	-315.6756093011719
23.46632148425895	-315.6654512862453
23.49922906331208	-315.6552664207439
23.5321366423652	-315.6450564578313
23.56504422141832	-315.6348230391383
23.59795180047145	-315.624567701856
23.63085937952457	-315.6142918853817
23.66376695857769	-315.6039969375429
23.69667453763082	-315.5936840952918
23.72958211668394	-315.5833545929395
23.76248969573706	-315.5730095119031
23.79539727479019	-315.5626498882269
23.82830485384331	-315.5522766919545
23.86121243289643	-315.5418908313311
23.89412001194956	-315.5314931567378
23.92702759100268	-315.5210844643782
23.9599351700558	-315.5106654997279
23.99284274910893	-315.5002369607665
24.02575032816205	-315.4897994903047
24.05865790721517	-315.4793537225581
24.0915654862683	-315.4689002196774
24.12447306532142	-315.4584395179569
24.15738064437454	-315.4479721194691
24.19028822342767	-315.4374984942423
24.22319580248079	-315.4270190822999
24.25610338153392	-315.4165342955696
24.28901096058704	-315.4060445196708
24.32191853964016	-315.3955501155887
24.35482611869329	-315.3850514318722
24.38773369774641	-315.3745487626226
24.42064127679953	-315.3640424146182
24.45354885585266	-315.3535326651032
24.48645643490578	-315.3430197736313
24.5193640139589	-315.3325039831929
24.55227159301203	-315.3219855212708
24.58517917206515	-315.3114646008288
24.61808675111827	-315.300941421236
24.6509943301714	-315.2904161691343
24.68390190922452	-315.2798890374654
24.71680948827764	-315.2693601516949
24.74971706733077	-315.258829683305
24.78262464638389	-315.2482977758049
24.81553222543701	-315.2377645636225
24.84843980449014	-315.2272301726863
24.88134738354326	-315.2166947209713
24.91425496259638	-315.2061583190085
24.94716254164951	-315.1956210703638
24.98007012070263	-315.1850830720844
25.01297769975575	-315.1745443856561
25.04588527880888	-315.1640051579101
25.078792857862	-315.1534654390957
25.11170043691513	-315.1429253038507
25.14460801596825	-315.1323848220134
25.17751559502137	-315.1218440589241
25.2104231740745	-315.1113030757085
25.24333075312762	-315.100761929542
25.27623833218074	-315.0902206738979
25.30914591123387	-315.0796793587795
25.34205349028699	-315.0691380506603
25.37496106934011	-315.0585967520266
25.40786864839324	-315.0480555235491
25.44077622744636	-315.0375144035639
25.47368380649948	-315.0269734279783
25.50659138555261	-315.0164326304269
25.53949896460573	-315.0058920424171
25.57240654365885	-314.9953516934666
25.60531412271198	-314.9848116112308
25.6382217017651	-314.9742718216232
25.67112928081822	-314.9637323498258
25.70403685987135	-314.9531932167182
25.73694443892447	-314.9426544445377
25.76985201797759	-314.9321160532902
25.80275959703072	-314.9215780617371
25.83566717608384	-314.9110404874759
25.86857475513697	-314.9005033470156
25.90148233419009	-314.8899666558476
25.93438991324321	-314.8794304285116
25.96729749229634	-314.8688946786576
26.00020507134946	-314.8583594105294
26.03311265040258	-314.8478246540936
26.06602022945571	-314.8372904120337
26.09892780850883	-314.826756694907
26.13183538756195	-314.8162235126002
26.16474296661508	-314.805690874371
26.1976505456682	-314.795158788887
26.23055812472132	-314.7846272642635
26.26346570377445	-314.7740963080971
26.29637328282757	-314.7635659274983
26.32928086188069	-314.7530361249698
26.36218844093382	-314.7425069154139
26.39509601998694	-314.7319783004836
26.42800359904006	-314.721450285592
26.46091117809319	-314.7109228757813
26.49381875714631	-314.7003960757447
26.52672633619943	-314.6898698898466
26.55963391525256	-314.6793443221421
26.59254149430568	-314.6688193763945
26.6254490733588	-314.6582950560928
26.65835665241193	-314.6477713718505
26.69126423146505	-314.6372483112218
26.72417181051818	-314.6267258843858
26.7570793895713	-314.6162040939452
26.78998696862442	-314.6056829423286
26.82289454767755	-314.5951624318021
26.85580212673067	-314.5846425644794
26.88870970578379	-314.5741233423323
26.92161728483692	-314.5636047671989
26.95452486389004	-314.5530868407934
26.98743244294316	-314.5425695669675
27.02034002199629	-314.532052942497
27.05324760104941	-314.5215369710377
27.08615518010253	-314.511021653902
27.11906275915566	-314.5005069923224
27.15197033820878	-314.4899929874579
27.1848779172619	-314.4794796403991
27.21778549631503	-314.4689669521733
27.25069307536815	-314.4584549237493
27.28360065442127	-314.4479435560414
27.3165082334744	-314.4374328506289
27.34941581252752	-314.4269228068346
27.38232339158064	-314.4164134261537
27.41523097063377	-314.4059047093285
27.44813854968689	-314.395396657068
27.48104612874002	-314.3848892700511
27.51395370779314	-314.3743825489289
27.54686128684626	-314.3638764943273
27.57976886589939	-314.3533711068496
27.61267644495251	-314.3428663870787
27.64558402400563	-314.3323623324391
27.67849160305876	-314.3218589500425
27.71139918211188	-314.3113562372617
27.744306761165	-314.3008541945882
27.77721434021813	-314.2903528224889
27.81012191927125	-314.2798521214075
27.84302949832437	-314.2693520917662
27.8759370773775	-314.2588527339666
27.90884465643062	-314.2483540483915
27.94175223548374	-314.2378560354059
27.97465981453687	-314.2273586924342
28.00756739358999	-314.2168620259201
28.04047497264311	-314.2063660332411
28.07338255169624	-314.1958707146759
28.10629013074936	-314.1853760704778
28.13919770980248	-314.1748821008761
28.17210528885561	-314.1643888060764
28.20501286790873	-314.1538961862617
28.23792044696185	-314.1434042415933
28.27082802601498	-314.1329129722111
28.3037356050681	-314.1224223823038
28.33664318412123	-314.1119324634658
28.36955076317435	-314.1014432198709
28.40245834222747	-314.0909546516168
28.4353659212806	-314.0804667588005
28.46827350033372	-314.0699795415186
28.50118107938684	-314.0594929998676
28.53408865843997	-314.0490071339438
28.56699623749309	-314.0385219438446
28.59990381654621	-314.0280374296677
28.63281139559934	-314.0175535897363
28.66571897465246	-314.0070704278634
28.69862655370558	-313.9965879423639
28.73153413275871	-313.9861061333257
28.76444171181183	-313.9756250008312
28.79734929086495	-313.9651445449576
28.83025686991808	-313.9546647657772
28.8631644489712	-313.9441856633573
28.89607202802432	-313.9337072377608
28.92897960707745	-313.9232294890462
28.96188718613057	-313.9127524216714
28.99479476518369	-313.9022760264803
29.02770234423682	-313.891800307952
29.06060992328994	-313.8813252661692
29.09351750234307	-313.8708509012296
29.12642508139619	-313.860377213246
29.15933266044931	-313.8499042023458
29.19224023950244	-313.839431868672
29.22514781855556	-313.828960212382
29.25805539760868	-313.8184892336484
29.29096297666181	-313.8080189217604
29.32387055571493	-313.7975492996955
29.35677813476805	-313.7870803567121
29.38968571382118	-313.7766120929452
29.4225932928743	-313.7661445084979
29.45550087192742	-313.7556776034414
29.48840845098055	-313.7452113778157
29.52131603003367	-313.7347458316289
29.55422360908679	-313.7242809648581
29.58713118813992	-313.7138167774493
29.62003876719304	-313.7033532790177
29.65294634624616	-313.692890449176
29.68585392529929	-313.6824282975297
29.71876150435241	-313.671966823987
29.75166908340553	-313.6615060284668
29.78457666245866	-313.6510459108992
29.81748424151178	-313.640586471225
29.85039182056491	-313.6301277093957
29.88329939961803	-313.6196696253737
29.91620697867115	-313.6092122191321
29.94911455772428	-313.5987554884351
29.9820221367774	-313.5882994379169
30.01492971583052	-313.5778440653484
30.04783729488365	-313.567389370725
30.08074487393677	-313.5569353540431
30.11365245298989	-313.5464820153001
30.14656003204302	-313.5360293544944
30.17946761109614	-313.5255773716258
30.21237519014926	-313.515126066695
30.24528276920239	-313.504675439704
30.27819034825551	-313.4942254865637
30.31109792730863	-313.4837762158304
30.34400550636176	-313.4733276233951
30.37691308541488	-313.4628797092285
30.409820664468	-313.4524324732851
30.44272824352113	-313.441985915503
30.47563582257425	-313.4315400358046
30.50854340162737	-313.4210948340963
30.5414509806805	-313.4106503102684
30.57435855973362	-313.4002064641955
30.60726613878674	-313.3897633073232
30.64017371783987	-313.3793208152712
30.67308129689299	-313.3688789995312
30.70598887594612	-313.3584378600206
30.73889645499924	-313.3479973966902
30.77180403405236	-313.3375576095239
30.80471161310549	-313.3271184985385
30.83761919215861	-313.3166800637833
30.87052677121173	-313.3062423053393
30.90343435026486	-313.2958052233195
30.93634192931798	-313.2853687971945
30.9692495083711	-313.2749330703346
31.00215708742423	-313.2644980221716
31.03506466647735	-313.2540636527611
31.06797224553047	-313.2436299621001
31.1008798245836	-313.2331969501269
31.13378740363672	-313.2227646167204
31.16669498268984	-313.2123329617005
31.19960256174297	-313.2019019848277
31.23251014079609	-313.1914716858029
31.26541771984921	-313.1810421065313
31.29832529890234	-313.1706131581844
31.33123287795546	-313.1601848828976
31.36414045700858	-313.1497572805262
31.39704803606171	-313.1393303510396
31.42995561511483	-313.1289040945194
31.46286319416796	-313.1184785111561
31.49577077322108	-313.1080536012466
31.5286783522742	-313.0976293651916
31.56158593132733	-313.0872058034931
31.59449351038045	-313.0767829167518
31.62740108943357	-313.0663607056649
31.6603086684867	-313.0559391710235
31.69321624753982	-313.0455183137107
31.72612382659294	-313.0350981346986
31.75903140564607	-313.0246786350473
31.79193898469919	-313.0142598159017
31.82484656375231	-313.00384167849
31.85775414280544	-312.9934242241215
31.89066172185856	-312.9830074541848
31.92356930091168	-312.9725913701455
31.95647687996481	-312.9621759735449
31.98938445901793	-312.9517612659977
32.02229203807106	-312.9413472491905
32.05519961712418	-312.9309339248799
32.0881071961773	-312.9205212948909
32.12101477523043	-312.9101093611151
32.15392235428355	-312.8996981255092
32.18682993333667	-312.8892875900937
32.2197375123898	-312.8788777569506
