0
1000	0.5109989461	100000000000000.1
5	0	0	1
5	0	0	0
-0.654933961680612	0.0002826558208641191
-0.6220263826274882	0.001043427164768887
-0.5891188035743644	0.002087134448951365
-0.5562112245212406	0.003432267030501603
-0.5233036454681168	0.005090320366779583
-0.490396066414993	0.007068015118825235
-0.4574884873618692	0.00936893039240437
-0.4245809083087454	0.01199466303866122
-0.3916733292556216	0.01494563488603284
-0.3587657502024978	0.01822164838033882
-0.325858171149374	0.02182226579058709
-0.2929505920962502	0.02574706583448838
-0.2600430130431264	0.02999581554154112
-0.2271354339900026	0.03456858366955928
-0.1942278549368788	0.03946581392519483
-0.161320275883755	0.04468837064086595
-0.1284126968306312	0.05023756568890819
-0.09550511777750736	0.05611517273629087
-0.06259753872438356	0.06232343308800159
-0.02968995967125975	0.06886505607796477
0.003217619381864059	0.07574321606752503
0.03612519843498787	0.08296154748287154
0.06903277748811168	0.09052413888186861
0.1019403565412355	0.0984355267308596
0.1348479355943593	0.1067006893539128
0.1677555146474831	0.1153250413634914
0.2006630937006069	0.1243144287736503
0.2335706727537307	0.1336751249212978
0.2664782518068545	0.1434138272684428
0.2993858308599783	0.1535376551220459
0.3322934099131021	0.1640462297609905
0.3652009889662259	0.1749373701108618
0.3981085680193497	0.1862361091283043
0.4310161470724735	0.1979430434883874
0.4639237261255973	0.2100576794086199
0.4968313051787211	0.2226015154416047
0.529738884231845	0.2355893955644199
0.5626464632849688	0.2490074835225672
0.5955540423380926	0.2628803068741318
0.6284616213912164	0.2772198149113262
0.6613692004443402	0.2920216603258527
0.694276779497464	0.3073095964368234
0.7271843585505878	0.3230854417180546
0.7600919376037116	0.3393719867140705
0.7929995166568354	0.3561866696085824
0.8259070957099592	0.3735128183943372
0.858814674763083	0.3914032424239745
0.8917222538162068	0.4098429784277549
0.9246298328693306	0.4288606226133274
0.9575374119224545	0.448463862292687
0.9904449909755783	0.4686718915281112
1.023352570028702	0.4894957105043297
1.056260149081826	0.5109584487494694
1.08916772813495	0.5330686321263796
1.122075307188074	0.5558523659404229
1.154982886241198	0.5793135613063403
1.187890465294322	0.6034808802186525
1.220798044347446	0.628364653486051
1.253705623400569	0.6540031818381365
1.286613202453693	0.6803844271251512
1.319520781506817	0.7075550733818375
1.352428360559941	0.7355297761755039
1.385335939613065	0.7643112346260849
1.418243518666189	0.7939320829663626
1.451151097719313	0.8244309679206122
1.484058676772437	0.8558085733157506
1.516966255825561	0.8881088244261373
1.549873834878685	0.9213190547016515
1.582781413931809	0.9554859431856333
1.615688992984933	0.9906539878658147
1.648596572038056	1.026814882967082
1.68150415109118	1.064013967108781
1.714411730144304	1.102278294778365
1.747319309197428	1.141601574664154
1.780226888250552	1.182056207745344
1.813134467303676	1.223634531908885
1.8460420463568	1.266391034781932
1.878949625409924	1.310338044693005
1.911857204463048	1.355513402654361
1.944764783516172	1.401950959849764
1.977672362569296	1.449647754657876
2.010579941622419	1.498681922313256
2.043487520675543	1.549035533723043
2.076395099728667	1.600789990902441
2.109302678781791	1.653946844366291
2.142210257834915	1.708539498327523
2.175117836888039	1.764611657476086
2.208025415941163	1.822195532682925
2.240932994994287	1.881297989198403
2.273840574047411	1.94198488286581
2.306748153100535	2.004286437218916
2.339655732153659	2.068221739838742
2.372563311206783	2.133816606151554
2.405470890259906	2.201142768019732
2.43837846931303	2.270208325223257
2.471286048366154	2.341044917335581
2.504193627419278	2.413707967152048
2.537101206472402	2.488212293862075
2.570008785525526	2.564610871113318
2.60291636457865	2.642904155327878
2.635823943631774	2.723165315010537
2.668731522684898	2.805424275825209
2.701639101738022	2.889707734486879
2.734546680791146	2.976021450927084
2.76745425984427	3.064455878487121
2.800361838897393	3.155018772332296
2.833269417950517	3.247734073427328
2.866176997003641	3.342653735493232
2.899084576056765	3.439787027855041
2.931992155109889	3.539195505537125
2.964899734163013	3.640889075973419
2.997807313216137	3.744920666788839
3.030714892269261	3.851307092781844
3.063622471322385	3.960052849036212
3.096530050375509	4.071262252243435
3.129437629428633	4.184869660281875
3.162345208481756	4.30097590298379
3.19525278753488	4.419491580449428
3.228160366588004	4.540713048390672
3.261067945641128	4.664366628151315
3.293975524694252	4.790656555782125
3.326883103747376	4.919499926385432
3.3597906828005	5.050968189680654
3.392698261853624	5.185110978044229
3.425605840906748	5.321895807373934
3.458513419959872	5.461309139713633
3.491420999012996	5.603532591452973
3.52432857806612	5.748407464867684
3.557236157119243	5.896038021510688
3.590143736172367	6.046394803844256
3.623051315225491	6.199520020765546
3.655958894278615	6.355374139283215
3.688866473331739	6.514032316858877
3.721774052384863	6.675456912088483
3.754681631437987	6.839700141045343
3.787589210491111	7.006693389461303
3.820496789544235	7.176513213428633
3.853404368597359	7.349097946228575
3.886311947650483	7.524488517388549
3.919219526703607	7.70261994167595
3.95212710575673	7.883585450313035
3.985034684809854	8.06730755318168
4.017942263862978	8.253817995930664
4.050849842916102	8.443082230306686
4.083757421969225	8.635093320008529
4.116665001022349	8.829850244852773
4.149572580075472	9.027341381198275
4.182480159128596	9.227580558545377
4.215387738181719	9.430423848503956
4.248295317234843	9.63601140563822
4.281202896287966	9.844241774194657
4.314110475341089	10.05384427073282
4.347018054394213	10.26726783794219
4.379925633447336	10.4827112185659
4.41283321250046	10.70166756353791
4.445740791553583	10.92215940286507
4.478648370606707	11.14687041509955
4.51155594965983	11.37333900378468
4.544463528712954	11.60433526062629
4.577371107766077	11.83796217444313
4.610278686819201	12.0760350726772
4.643186265872324	12.20986151005752
4.676093844925448	12.52401483251208
4.709001423978571	12.72116330539447
4.741909003031695	13.03233475111177
4.774816582084818	13.17872424374027
4.807724161137942	13.54485561599886
4.840631740191065	13.67036595378003
4.873539319244188	14.09144298677817
4.906446898297312	14.21720533974781
4.939354477350435	14.68839140685283
4.972262056403559	15.02245214353126
5.005169635456682	15.2723066339405
5.038077214509806	15.64602622983497
5.070984793562929	15.88286575044676
5.103892372616053	16.30561900872015
5.136799951669176	16.52987337207057
5.1697075307223	17.0222361323689
5.202615109775423	17.420726782324
5.235522688828547	17.72300352076073
5.26843026788167	18.17663246954595
5.301337846934794	18.38704536272636
5.334245425987917	18.97255394443232
5.367153005041041	19.437042096229
5.400060584094164	19.83017632270553
5.432968163147287	20.33302252900396
5.465875742200411	20.38192520188192
5.498783321253534	21.23738221160599
5.531690900306658	21.77865217414221
5.564598479359781	22.10885894113283
5.597506058412905	22.7873565001431
5.630413637466028	23.36576802095577
5.663321216519152	23.85059933741132
5.696228795572275	24.49485239607322
5.729136374625399	25.1115130132211
5.762043953678522	25.60697337540321
5.794951532731646	26.32072863186379
5.827859111784769	27.00017007434262
5.860766690837893	27.55410972432652
5.893674269891016	28.32925033898482
5.92658184894414	29.07156469562264
5.959489427997263	29.72740869088791
5.992397007050386	30.54861468705269
6.02530458610351	31.35192762435447
6.058212165156633	31.97511210358465
6.091119744209757	32.93498778890569
6.12402732326288	33.82578736357347
6.156934902316004	34.37912624798236
6.189842481369127	35.55745350792547
6.222750060422251	36.54307517334936
6.255657639475374	37.5299433030272
6.288565218528498	38.46207238051137
6.321472797581621	39.54165804108883
6.354380376634745	40.62140973643052
6.387287955687868	41.47191072920842
6.420195534740992	42.78257222814845
6.453103113794115	43.98865915485163
6.486010692847239	45.20962617473238
6.518918271900362	46.31770194850306
6.551825850953485	47.68313357978444
6.584733430006609	49.03402896295413
6.617641009059732	50.41438292466576
6.650548588112856	51.76006527071597
6.683456167165979	53.25132726551816
6.716363746219103	54.767522129488
6.749271325272226	55.90491508259729
6.78217890432535	57.82405301365482
6.815086483378473	59.52208829310069
6.847994062431597	61.24388753086978
6.88090164148472	62.59526570972332
6.913809220537844	64.72585549106637
6.946716799590967	66.64766732989166
6.979624378644091	68.60314883818521
7.012531957697214	70.60894970332791
7.045439536750338	72.600590912667
7.078347115803461	74.76693384921836
7.111254694856584	76.97748045248214
7.144162273909708	79.25213734840723
7.177069852962831	81.43149154271789
7.209977432015955	83.93823821886406
7.242885011069078	86.46396596945823
7.275792590122202	89.05171176123538
7.308700169175325	91.39220050750829
7.341607748228449	94.36721950146014
7.374515327281572	97.25110137836688
7.407422906334696	100.1996232910112
7.440330485387819	103.237090906704
7.473238064440943	106.2504382717412
7.506145643494066	109.5454465696983
7.53905322254719	112.9000778653789
7.571960801600313	116.3535084953247
7.604868380653437	119.9121828686744
7.63777595970656	123.4291834637046
7.670683538759683	127.3000651718629
7.703591117812807	131.2442972236057
7.73649869686593	135.3051030634522
7.769406275919054	139.490284769704
7.802313854972177	143.6483470912448
7.835221434025301	148.1879341506882
7.868129013078424	152.8244649748087
7.901036592131548	157.5982050936082
7.933944171184671	162.5207920037838
7.966851750237795	167.4726093629049
7.999759329290918	172.7877029155363
8.032666908344043	178.2296003899455
8.065574487397166	183.837980530374
8.098482066450289	189.6264279340976
8.131389645503413	195.2367375724588
8.164297224556536	201.6439114666821
8.19720480360966	208.072427528044
8.230112382662783	214.6825831754861
8.263019961715907	221.5005157183215
8.29592754076903	228.537834449114
8.328835119822154	235.5788322803251
8.361742698875277	243.206043884024
8.394650277928401	251.0006433498376
8.427557856981524	259.0335555350609
8.460465436034648	267.3244936292241
8.493373015087771	275.8840449711224
8.526280594140895	284.6007745775925
8.559188173194018	293.8002075634964
8.592095752247142	303.2622346592962
8.625003331300265	313.0269954709557
8.657910910353388	323.1089122781183
8.690818489406512	333.524195961616
8.723726068459635	344.0508199741427
8.756633647512759	355.2955253841259
8.789541226565882	366.8279535994115
8.822448805619006	378.7233373331255
8.855356384672129	391.00536867824
8.888263963725253	403.6920362008678
8.921171542778376	416.3766445025595
8.9540791218315	430.2013536276813
8.986986700884623	444.2597661338483
9.019894279937747	458.7541163479029
9.05280185899087	473.7178062736096
9.085709438043994	489.1770789241598
9.118617017097117	505.1511161543759
9.15152459615024	521.4799679522491
9.184432175203364	538.635359405263
9.217339754256487	556.2927714216693
9.250247333309611	574.5241234809556
9.283154912362734	593.361238344776
9.316062491415858	612.8240690533828
9.348970070468981	632.9408386162535
9.381877649522105	653.4310140145229
9.414785228575228	675.0825218776198
9.447692807628352	697.3377908234995
9.480600386681475	720.3136788484925
9.513507965734599	744.04988962568
9.546415544787722	768.5796476756341
9.579323123840846	793.9303859744217
9.612230702893969	819.6087599533287
9.645138281947093	847.0321005229454
9.678045861000216	875.0930008843244
9.710953440053339	904.055925244432
9.743861019106463	933.9722629148782
9.776768598159586	964.8901190831881
9.80967617721271	996.8459039267252
9.842583756265833	1029.874604789554
9.875491335318957	1063.783108468052
9.90839891437208	1099.191876320519
9.941306493425204	1135.681650974957
9.974214072478327	1173.393695078895
10.00712165153145	1212.357969118112
10.04002923058457	1252.636803591862
10.0729368096377	1294.257455371955
10.10584438869082	1337.284470370679
10.13875196774394	1381.339442852387
10.17165954679707	1427.550620537837
10.20456712585019	1475.111792150181
10.23747470490332	1524.244276340709
10.27038228395644	1575.164499919947
10.30328986300956	1627.687614239681
10.33619744206269	1681.980182264837
10.36910502111581	1738.142689979096
10.40201260016893	1796.577824175556
10.43492017922206	1855.604404316959
10.46782775827518	1917.922470903349
10.5007353373283	1982.155653053787
10.53364291638143	2048.614389868125
10.56655049543455	2116.960266215518
10.59945807448767	2187.381005056325
10.6323656535408	2260.90576008859
10.66527323259392	2337.053057334042
10.69818081164704	2412.782317132375
10.73108839070017	2496.480808218765
10.76399596975329	2581.133427551919
10.79690354880641	2668.746145982052
10.82981112785954	2759.879780250576
10.86271870691266	2853.215131316774
10.89562628596578	2950.191730569122
10.92853386501891	3052.02395470607
10.96144144407203	3157.213873042644
10.99434902312515	3262.069506535336
11.02725660217828	3378.344666348627
11.0601641812314	3496.427107506743
11.09307176028453	3619.255800353912
11.12597933933765	3746.639723869948
11.15888691839077	3878.233851653102
11.1917944974439	4015.746564246937
11.22470207649702	4159.523468821907
11.25760965555014	4308.653845028989
11.29051723460327	4464.023471867172
11.32342481365639	4624.873718844392
11.35633239270951	4792.100886909197
11.38923997176264	4968.297831696907
11.42214755081576	5151.175387879353
11.45505512986888	5341.866066952405
11.48796270892201	5540.147373727878
11.52087028797513	5746.656764776783
11.55377786702825	5963.239548288737
11.58668544608138	6188.896377760359
11.6195930251345	6424.539737089075
11.65250060418762	6669.649052001852
11.68540818324075	6926.623764537176
11.71831576229387	7194.644899051633
11.75122334134699	7474.887598944538
11.78413092040012	7767.666774807893
11.81703849945324	8072.394862261892
11.84994607850637	8391.878036657377
11.88285365755949	8726.697947924895
11.91576123661261	9076.197249805069
11.94866881566574	9441.572765653245
11.98157639471886	9824.423511014829
12.01448397377198	10222.22263095667
12.04739155282511	10640.7605876209
12.08029913187823	11077.84841080638
12.11320671093135	11535.74008926442
12.14611428998448	12014.85020862173
12.1790218690376	12515.1262331275
12.21192944809072	13040.20736274762
12.24483702714385	13589.39486407227
12.27774460619697	14164.05322319713
12.31065218525009	14765.5567078869
12.34355976430322	15395.52095929991
12.37646734335634	16052.71696453599
12.40937492240946	16743.51382097956
12.44228250146259	17465.73871186895
12.47519008051571	18221.3215966682
12.50809765956883	19012.85857201175
12.54100523862196	19841.71505535176
12.57391281767508	20707.71111760087
12.6068203967282	21615.43936197704
12.63972797578133	22565.42698018484
12.67263555483445	23559.68160035192
12.70554313388758	24600.2619206716
12.7384507129407	25689.811859
12.77135829199382	26828.36853715616
12.80426587104695	28020.90365691831
12.83717345010007	29268.44973031043
12.87008102915319	30572.96134913634
12.90298860820632	31938.62996783994
12.93589618725944	33367.19024861465
12.96880376631256	34859.4851501447
13.00171134536569	36421.68314876954
13.03461892441881	38054.89093184051
13.06752650347193	39762.37332800873
13.10043408252506	41547.44525040268
13.13334166157818	43413.28595007829
13.1662492406313	45360.38781816122
13.19915681968443	47400.05135654478
13.23206439873755	49529.11731624874
13.26497197779067	51753.39045520905
13.2978795568438	54076.69613380302
13.33078713589692	56502.66118647725
13.36369471495004	59037.52553197766
13.39660229400317	61681.33341540163
13.42950987305629	64443.57988691385
13.46241745210942	67326.24047664549
13.49532503116254	70334.50412637727
13.52823261021566	73473.39041400657
13.56114018926879	76748.10885827338
13.59404776832191	80165.16204392628
13.62695534737503	83725.51066925352
13.65986292642816	87440.77303581087
13.69277050548128	91313.95625689851
13.7256780845344	95351.44077193915
13.75858566358753	99559.65298941055
13.79149324264065	103944.1079355638
13.82440082169377	108514.432735165
13.8573084007469	113272.778559951
13.89021597980002	118231.1699734478
13.92312355885314	123394.7431980094
13.95603113790627	128771.2660737089
13.98893871695939	134368.7001393823
14.02184629601251	140195.885436381
14.05475387506564	146260.1884695249
14.08766145411876	152568.5021101304
14.12056903317188	159135.1244700929
14.15347661222501	165965.2966561999
14.18638419127813	173069.5910269493
14.21929177033125	180457.8438485305
14.25219934938438	188140.8890970168
14.2851069284375	196128.8458001965
14.31801450749063	204431.2852208682
14.35092208654375	213059.4633743981
14.38382966559687	222028.0501657697
14.41673724465	231347.2613712726
14.44964482370312	241028.753325483
14.48255240275624	251086.0199461841
14.51545998180937	261532.4819908699
14.54836756086249	272380.9015011462
14.58127513991561	283649.4832015773
14.61418271896874	295340.9946121444
14.64709029802186	307483.0316753577
14.67999787707498	320086.3705294479
14.71290545612811	333166.9749139723
14.74581303518123	346741.5692928994
14.77872061423435	360827.8029390477
14.81162819328748	375442.4563156574
14.8445357723406	390604.0817355938
14.87744335139372	406326.9256163207
14.91035093044685	422637.5409675094
14.94325850949997	439552.6629901686
14.97616608855309	457093.0845458326
15.00907366760622	475280.9620799549
15.04198124665934	494136.2092374571
15.07488882571247	513682.8188883223
15.10779640476559	533943.0390567732
15.14070398381871	554941.6073791633
15.17361156287184	576705.6888650276
15.20651914192496	599259.1518509842
15.23942672097808	622629.2416235576
15.27233430003121	646842.3406842087
15.30524187908433	671928.0580050952
15.33814945813745	697914.9216231119
15.37105703719058	724832.8595121939
15.4039646162437	752716.7719286685
15.43687219529682	781591.7538716166
15.46977977434995	811498.779442432
15.50268735340307	842468.4601595867
15.53559493245619	874537.6044557012
15.56850251150932	907742.6813322162
15.60141009056244	942121.6523732211
15.63431766961556	977713.7662832749
15.66722524866869	1014559.434560038
15.70013282772181	1052706.406231314
15.73304040677493	1092180.933829095
15.76594798582806	1133045.21104665
15.79885556488118	1175340.044706424
15.8317631439343	1219112.336861663
15.86467072298743	1264412.357986311
15.89757830204055	1311300.334220433
15.93048588109368	1359809.102580714
15.9633934601468	1410001.195464819
15.99630103919992	1461934.498425779
16.02920861825305	1515662.411922774
16.06211619730617	1571242.963254588
16.09502377635929	1628699.286557293
16.12793135541242	1688398.118395916
16.16083893446554	1749881.178124128
16.19374651351866	1813535.739989486
16.22665409257179	1879364.938913934
16.25956167162491	1947483.857450405
16.29246925067804	2017926.222908288
16.32537682973116	2091267.446237315
16.35828440878428	2166248.240068692
16.39119198783741	2244182.566335849
16.42409956689053	2324788.048231004
16.45700714594365	2408134.582211956
16.48991472499678	2494331.348146145
16.5228223040499	2583409.760000051
16.55572988310302	2675811.080976899
16.58863746215615	2771061.246536697
16.62154504120927	2869604.181509451
16.65445262026239	2971486.541278174
16.68736019931552	3076839.375737986
16.72026777836864	3185762.735197336
16.75317535742176	3298230.868991419
16.78608293647489	3414966.35543189
16.81899051552801	3535315.709668173
16.85189809458113	3659766.358707742
16.88480567363426	3788406.20242299
16.91771325268738	3921421.372470843
16.9506208317405	4058918.214790631
16.98352841079363	4200909.982698259
17.01643598984675	4348099.983144536
17.04934356889988	4499979.304159163
17.082251147953	4656992.712582329
17.11515872700612	4819283.984319342
17.14806630605925	4987055.196812667
17.18097388511237	5160461.245924566
17.21388146416549	5339565.013395623
17.24678904321862	5525142.852245516
17.27969662227174	5716614.148373111
17.31260420132486	5914555.658451865
17.34551178037799	6119129.548254582
17.37841935943111	6330603.645865574
17.41132693848423	6549171.211823654
17.44423451753736	6775027.196563739
17.47714209659048	7008768.763311524
17.5100496756436	7250005.030179768
17.54295725469673	7499415.019614196
17.57586483374985	7757170.929021451
17.60877241280297	8023604.068777706
17.6416799918561	8298964.316013534
17.67458757090922	8583541.756061779
17.70749514996234	8877234.23589747
17.74040272901547	9181735.189347519
17.77331030806859	9495877.845461676
17.80621788712171	9820553.906877354
17.83912546617484	10156087.77252103
17.87203304522796	10502871.949194
17.90494062428109	10861256.91366412
17.93784820333421	11231604.61923697
17.97075578238733	11614761.05998736
18.00366336144046	12010123.92559521
18.03657094049358	12418929.12224698
18.0694785195467	12841424.73028927
18.10238609859983	13278034.81146346
18.13529367765295	13729271.69204922
18.16820125670607	14195594.50351187
18.2011088357592	14677472.32121026
18.23401641481232	15175825.05034579
18.26692399386544	15690358.82374243
18.29983157291857	16222240.67275994
18.33273915197169	16771917.48291277
18.36564673102481	17339950.8744879
18.39855431007794	17926999.58467192
18.43146188913106	18533665.00677831
18.46436946818418	19160589.2407976
18.49727704723731	19808807.24047913
18.53018462629043	20478144.46895803
18.56309220534355	21170061.7639883
18.59599978439668	21885111.64135265
18.6289073634498	22624041.69176202
18.66181494250293	23387681.97497956
18.69472252155605	24176832.8925202
18.72763010060917	24992336.07368035
18.7605376796623	25834874.05580842
18.79344525871542	26706197.27655401
18.82635283776854	27606180.20609625
18.85926041682167	28536268.63117556
18.89216799587479	29497408.98378371
18.92507557492791	30490696.32750349
18.95798315398104	31517160.9240414
18.99089073303416	32577911.60700184
19.02379831208728	33674067.35264091
19.05670589114041	34807424.45853093
19.08961347019353	35977690.41352803
19.12252104924665	37187427.64522275
19.15542862829978	38437593.39198226
19.1883362073529	39729497.22291134
19.22124378640602	41064589.32265362
19.25415136545915	42444273.49925283
19.28705894451227	43870038.03165034
19.31996652356539	45343400.92147607
19.35287410261852	46866242.33041338
19.38578168167164	48439588.19410734
19.41868926072476	50065604.27687234
19.45159683977789	51745936.33011186
19.48450441883101	53482379.60771113
19.51741199788414	55276842.28869691
19.55031957693726	57131237.71390781
19.58322715599038	59047562.00814925
19.61613473504351	61027862.79931656
19.64904231409663	63075022.28305694
19.68194989314975	65189350.40994739
19.71485747220288	67374795.18896417
19.747765051256	69633255.18063349
19.78067263030912	71967124.29908141
19.81358020936225	74378979.37496831
19.84648778841537	76871384.32807459
19.87939536746849	79447032.82990859
19.91230294652162	82108687.79274523
19.94521052557474	84859075.88776423
19.97811810462786	87701873.82292365
20.01102568368099	90639196.59099466
20.04393326273411	93674663.93958956
20.07684084178723	96811520.50642651
20.10974842084036	100053123.5339491
20.14265599989348	103403021.3562668
20.1755635789466	106864799.2577864
20.20847115799973	110442192.8150207
20.24137873705285	114139049.048078
20.27428631610598	117957074.8836932
20.3071938951591	121907440.213127
20.34010147421222	125987223.8510722
20.37300905326535	130203274.1828439
20.40591663231847	134560116.7007365
20.43882421137159	139062495.6720819
20.47173179042472	143715244.0713916
20.50463936947784	148523382.9265576
20.53754694853096	153492114.8355901
20.57045452758409	158626756.4087034
20.60336210663721	163931198.7258939
20.63626968569033	169416464.3103619
20.66917726474346	175082949.8825592
20.70208484379658	180938703.6666121
20.7349924228497	186990034.1954297
20.76790000190283	193243445.5251129
20.80080758095595	199705748.5254888
20.83371516000907	206383857.771716
20.8666227390622	213285014.0346397
20.89953031811532	220416629.7254899
20.93243789716844	227786296.9028476
20.96534547622157	235402596.8826317
20.99825305527469	243272820.4999664
21.03116063432782	251405964.8614929
21.06406821338094	259810752.5248661
21.09697579243406	268496201.5879506
21.12988337148719	277471755.9119132
21.16279095054031	286747065.6212888
21.19569852959343	296332142.8753055
21.22860610864656	306237325.3614713
21.26151368769968	316473293.9922563
21.2944212667528	327050425.9826642
21.32732884580593	337982343.8770052
21.36023642485905	349278512.5827598
21.39314400391217	360951911.8010516
21.4260515829653	373015169.7757603
21.45895916201842	385481278.4964076
21.49186674107154	398363721.513737
21.52477432012467	411676363.0004742
21.55768189917779	425433601.7729594
21.59058947823091	439650262.1869967
21.62349705728404	454341668.7402646
21.65640463633716	469522983.4001758
21.68931221539028	485212993.972207
21.72221979444341	501425943.784116
21.75512737349653	518180371.6941016
21.78803495254965	535494291.5545313
21.82094253160278	553386356.5943136
21.8538501106559	571875850.0161165
21.88675768970903	590982859.8310679
21.91966526876215	610727979.4040724
21.95257284781527	631132337.9541229
21.9854804268684	652218096.3393379
22.01838800592152	674007870.8055801
22.05129558497464	696525742.2260482
22.08420316402777	719795009.22375
22.11711074308089	743841396.1781089
22.15001832213401	768690648.5551045
22.18292590118714	794361045.4897375
22.21583348024026	820897715.7826321
22.24874105929338	848320586.4464921
22.28164863834651	876659226.0116708
22.31455621739963	905944232.930413
22.34746379645275	936207207.9150701
22.38037137550588	967480777.4712541
22.413278954559	999798597.2475965
22.44618653361212	1033195977.535191
22.47909411266525	1067702969.928381
22.51200169171837	1103367527.398476
22.54490927077149	1140223806.839033
22.57781684982462	1178310962.973682
22.61072442887774	1217670147.926749
22.64363200793087	1258343807.652329
22.67653958698399	1300375808.070757
22.70944716603711	1343811517.454567
22.74235474509024	1388697669.80468
22.77526232414336	1435074111.969375
22.80816990319648	1483008156.252385
22.84107748224961	1532544466.732445
22.87398506130273	1583734148.720319
22.90689264035585	1636633517.980296
22.93980021940898	1691299596.296208
22.9727077984621	1747791308.478432
23.00561537751522	1806169670.255068
23.03852295656835	1866497598.375679
23.07143053562147	1928831378.792779
23.10433811467459	1993255718.600556
23.13724569372772	2059832635.323701
23.17015327278084	2128632781.529306
23.20306085183396	2199730708.911052
23.23596843088709	2273202590.502567
23.26887600994021	2349129688.093549
23.30178358899333	2427591656.279482
23.33469116804646	2508674114.984928
23.36759874709958	2592464407.145487
23.4005063261527	2679047421.808399
23.43341390520583	2768527630.566751
23.46632148425895	2860997386.574976
23.49922906331208	2956554933.975143
23.5321366423652	3055303900.810826
23.56504422141832	3157350840.417401
23.59795180047145	3262805888.402889
23.63085937952457	3371782825.410875
23.66376695857769	3484398990.870869
23.69667453763082	3600767700.756015
23.72958211668394	3721031662.579151
23.76248969573706	3845313125.292762
23.79539727479019	3973744825.844172
23.82830485384331	4106465834.589886
23.86121243289643	4243619451.363739
23.89412001194956	4385353701.465146
23.92702759100268	4531821522.929193
23.9599351700558	4683181011.857061
23.99284274910893	4839595428.490405
24.02575032816205	5001224457.209092
24.05865790721517	5168260678.790636
24.0915654862683	5340876504.661819
24.12447306532142	5519257833.27956
24.15738064437454	5703595542.582206
24.19028822342767	5894090236.851199
24.22319580248079	6090947108.685226
24.25610338153392	6294378645.115859
24.28901096058704	6504604317.472861
24.32191853964016	6721851096.071057
24.35482611869329	6946347437.351356
24.38773369774641	7178347184.197298
24.42064127679953	7418096426.297946
24.45354885585266	7665852312.623324
24.48645643490578	7921882751.603482
24.5193640139589	8186464091.94779
24.55227159301203	8459881868.468299
24.58517917206515	8742432480.507282
24.61808675111827	9034417529.64654
24.6509943301714	9336155173.988131
24.68390190922452	9647970087.872372
24.71680948827764	9970189160.268339
24.74971706733077	10303180551.66851
24.78262464638389	10647292720.17381
24.81553222543701	11002897561.74628
24.84843980449014	11370378906.67392
24.88134738354326	11750133400.16714
24.91425496259638	12142570940.60349
24.94716254164951	12548115104.6065
24.98007012070263	12967203615.67214
25.01297769975575	13400288831.61551
25.04588527880888	13847837997.90027
25.078792857862	14310324957.99164
25.11170043691513	14788268125.36232
25.14460801596825	15282173806.90547
25.17751559502137	15792575044.41348
25.2104231740745	16320022763.09207
25.24333075312762	16865086231.92879
25.27623833218074	17428353833.63071
25.30914591123387	18010433518.32987
25.34205349028699	18611953564.40898
25.37496106934011	19233563248.01441
25.40786864839324	19875933461.39456
25.44077622744636	20539751288.62436
25.47368380649948	21225746038.65997
25.50659138555261	21934651741.12292
25.53949896460573	22667233515.1973
25.57240654365885	23424282845.40213
25.60531412271198	24206615324.79224
25.6382217017651	25015076527.60064
25.67112928081822	25850538844.04981
25.70403685987135	26713904034.22545
25.73694443892447	27606103961.16863
25.76985201797759	28528101683.58152
25.80275959703072	29480882392.0507
25.83566717608384	30465494605.7292
25.86857475513697	31482991061.57486
25.90148233419009	32534470037.95668
25.93438991324321	33621066489.87322
25.96729749229634	34743953243.36388
26.00020507134946	35904342414.40294
26.03311265040258	37103486409.00993
26.06602022945571	38342679469.53387
26.09892780850883	39623259982.26687
26.13183538756195	40946608835.47482
26.16474296661508	42314155211.55215
26.1976505456682	43727364662.39348
26.23055812472132	45187783748.564
26.26346570377445	46696978219.85956
26.29637328282757	48256577151.5399
26.32928086188069	49868263924.37875
26.36218844093382	51533778179.22051
26.39509601998694	53254917654.97329
26.42800359904006	55033540133.53557
26.46091117809319	56871565439.4162
26.49381875714631	58770977514.93237
26.52672633619943	60733826559.13985
26.55963391525256	62762231777.88792
26.59254149430568	64858374182.98634
26.6254490733588	67024532716.5752
26.65835665241193	69263035330.04488
26.69126423146505	71576300795.45238
26.72417181051818	73966825289.99194
26.7570793895713	76437189109.9165
26.78998696862442	78990058730.03174
26.82289454767755	81628189717.18146
26.85580212673067	84354429639.95673
26.88870970578379	87171721173.19849
26.92161728483692	90083105270.52998
26.95452486389004	93091724443.52177
26.98743244294316	96200815813.95032
27.02034002199629	99413756041.67535
27.05324760104941	102734003012.4053
27.08615518010253	106165140469.9541
27.11906275915566	109710871946.6539
27.15197033820878	113375024673.0796
27.1848779172619	117161533861.6619
27.21778549631503	121074546752.2005
27.25069307536815	125118226531.2674
27.28360065442127	129296958267.6243
27.3165082334744	133615252426.2239
27.34941581252752	138077770138.8421
27.38232339158064	142689328532.8634
27.41523097063377	147454893428.6176
27.44813854968689	152379631708.3645
27.48104612874002	157468847904.4919
27.51395370779314	162728035275.5594
27.54686128684626	168162870576.2198
27.57976886589939	173779220120.3846
27.61267644495251	179583146196.0541
27.64558402400563	185580913547.2588
27.67849160305876	191778996139.3926
27.71139918211188	198184084166.8273
27.744306761165	204803091206.769
27.77721434021813	211643162952.2893
27.81012191927125	218711680308.1058
27.84302949832437	226016273557.4594
27.8759370773775	233564821877.2335
27.90884465643062	241365486059.5774
27.94175223548374	249426679340.4299
27.97465981453687	257757102902.8988
28.00756739358999	266365748702.782
28.04047497264311	275261908805.6364
28.07338255169624	284455185743.4864
28.10629013074936	293955502730.3764
28.13919770980248	303773114404.2037
28.17210528885561	313918617873.248
28.20501286790873	324402964188.9476
28.23792044696185	335237470711.6959
28.27082802601498	346433830567.9379
28.3037356050681	358004119696.1207
28.33664318412123	369960848489.9291
28.36955076317435	382316912157.8041
28.40245834222747	395085648433.3013
28.4353659212806	408280838874.1075
28.46827350033372	421916726922.9
28.50118107938684	436008031144.4793
28.53408865843997	450569961656.8154
28.56699623749309	465618236620.3477
28.59990381654621	481169099208.1845
28.63281139559934	497239335024.4527
28.66571897465246	513846290273.1018
28.69862655370558	531007890876.9821
28.73153413275871	548742659663.7413
28.76444171181183	567069730306.3483
28.79734929086495	586008906726.7612
28.83025686991808	605580620658.8065
28.8631644489712	625805997969.3353
28.89607202802432	646706869981.7589
28.92897960707745	668305797099.4946
28.96188718613057	690626093272.7178
28.99479476518369	713691851030.0463
29.02770234423682	737527968849.1202
29.06060992328994	762160172538.9257
29.09351750234307	787615052640.4376
29.12642508139619	813920084599.3942
29.15933266044931	841103662664.9982
29.19224023950244	869195127005.8517
29.22514781855556	898224801647.8776
29.25805539760868	928224013702.6299
29.29096297666181	959225158393.0101
29.32387055571493	991261691603.3999
29.35677813476805	1024368193581.913
29.38968571382118	1058580399671.769
29.4225932928743	1093935238635.357
29.45550087192742	1130470872632.49
29.48840845098055	1168226738418.297
29.52131603003367	1207243589765.097
29.55422360908679	1247563541720.17
29.58713118813992	1289230115736.292
29.62003876719304	1332288287524.648
29.65294634624616	1376784533024.989
29.68585392529929	1422766880428.052
29.71876150435241	1470284969080.132
29.75166908340553	1519390073074.646
29.78457666245866	1570135221728.239
29.81748424151178	1622575177884.49
29.85039182056491	1676766545885.96
29.88329939961803	1732767819942.547
29.91620697867115	1790639448266.303
29.94911455772428	1850443897820.45
29.9820221367774	1912245721834.68
30.01492971583052	1976111629558.171
30.04783729488365	2042110558261.247
30.08074487393677	2110313747592.818
30.11365245298989	2180794816853.648
30.14656003204302	2253629843073.816
30.17946761109614	2328897444277.81
30.21237519014926	2406678866494.078
30.24528276920239	2487058055054.792
30.27819034825551	2570121795247.744
30.31109792730863	2655959734908.555
30.34400550636176	2744664528046.833
30.37691308541488	2836331923176.077
30.409820664468	2931060867624.49
30.44272824352113	3028953611214.256
30.47563582257425	3130115820664.162
30.50854340162737	3234656691263.085
30.5414509806805	3342689065201.428
30.57435855973362	3454329553293.353
30.60726613878674	3569698661257.565
30.64017371783987	3688920920010.209
30.67308129689299	3812125017756.51
30.70598887594612	3939443941769.089
30.73889645499924	4071015122704.97
30.77180403405236	4206980571226.393
30.80471161310549	4347487064750.128
30.83761919215861	4492686259647.143
30.87052677121173	4642734884937.896
30.90343435026486	4797794904726.764
30.93634192931798	4958033692048.757
30.9692495083711	5123624209840.895
31.00215708742423	5294745198047.889
31.03506466647735	5471581366250.177
31.06797224553047	5654323592933.712
31.1008798245836	5843169131521.339
31.13378740363672	6038321824904.939
31.16669498268984	6239992321043.396
31.19960256174297	6448398304978.034
31.23251014079609	6663764732111.583
31.26541771984921	6886324071863.977
31.29832529890234	7116316556542.227
31.33123287795546	7353990430212.472
31.36414045700858	7599602264505.385
31.39704803606171	7853417163114.08
31.42995561511483	8115709096281.602
31.46286319416796	8386761184467.505
31.49577077322108	8666866004535.435
31.5286783522742	8956325904274.291
31.56158593132733	9255453329431.656
31.59449351038045	9564571161287.344
31.62740108943357	9884013064964.787
31.6603086684867	10214123849249.71
31.69321624753982	10555259839721.08
31.72612382659294	10907789261309.75
31.75903140564607	11272092638495.05
31.79193898469919	11648563203352.01
31.82484656375231	12037607323908.11
31.85775414280544	12439644937572.55
31.89066172185856	12855109997703.13
31.92356930091168	13284450983196.58
31.95647687996481	13728131319863.85
31.98938445901793	14186629920105.74
32.02229203807106	14660441692763.94
32.05519961712418	15150078075653.9
32.0881071961773	15656067587686.62
32.12101477523043	16178956399890.23
32.15392235428355	16719308924409.33
32.18682993333667	17277708424089.77
32.2197375123898	17854757641644.57
0
1000	0.5109989461	100000000000000.1
5	0	0	1
5	0	0	0
-0.654933961680612	-0.03672251328092496
-0.6220263826274882	-0.0508554218202352
-0.5891188035743644	-0.06528800988388718
-0.5562112245212406	-0.07950508255238917
-0.5233036454681168	-0.09318404177554673
-0.490396066414993	-0.1061382687396164
-0.4574884873618692	-0.1182727129849801
-0.4245809083087454	-0.1295520513658605
-0.3916733292556216	-0.139978810331926
-0.3587657502024978	-0.1495786767866155
-0.325858171149374	-0.1583907797377375
-0.2929505920962502	-0.1664613377619688
-0.2600430130431264	-0.1738395607976823
-0.2271354339900026	-0.1805750525335024
-0.1942278549368788	-0.1867162073088415
-0.161320275883755	-0.1923092631715901
-0.1284126968306312	-0.197397785207777
-0.09550511777750736	-0.2020224283893169
-0.06259753872438356	-0.206220879352975
-0.02968995967125975	-0.2100279100646177
0.003217619381864059	-0.2134754987929501
0.03612519843498787	-0.2165929889015308
0.06903277748811168	-0.2194072661108342
0.1019403565412355	-0.2219429417074765
0.1348479355943593	-0.2242225337681149
0.1677555146474831	-0.2262666415456477
0.2006630937006069	-0.2280941102223109
0.2335706727537307	-0.2297221845968973
0.2664782518068545	-0.2311666511644467
0.2993858308599783	-0.2324419686179406
0.3322934099131021	-0.2331335961521338
0.3652009889662259	-0.2339743630456239
0.3981085680193497	-0.2346659863463205
0.4310161470724735	-0.2352194787716023
0.4639237261255973	-0.2356451437595124
0.4968313051787211	-0.2359526317137019
0.529738884231845	-0.23615099208675
0.5626464632849688	-0.2362487210291002
0.5955540423380926	-0.2362538044886477
0.6284616213912164	-0.236173756776861
0.6613692004443402	-0.2359222935680368
0.694276779497464	-0.2357076373071085
0.7271843585505878	-0.2354324797873724
0.7600919376037116	-0.235101272226707
0.7929995166568354	-0.2347181807360846
0.8259070957099592	-0.2342870740583275
0.858814674763083	-0.2338115242100718
0.8917222538162068	-0.2332948140774062
0.9246298328693306	-0.2327399486525427
0.9575374119224545	-0.232149668002886
0.9904449909755783	-0.2315325780636213
1.023352570028702	-0.2308782956639146
1.056260149081826	-0.2301947807372303
1.08916772813495	-0.2294838746991072
1.122075307188074	-0.2287472532803859
1.154982886241198	-0.2279864376226462
1.187890465294322	-0.227202804792808
1.220798044347446	-0.2263975977189303
1.253705623400569	-0.225571934556678
1.286613202453693	-0.2247268175017999
1.319520781506817	-0.2238627724733099
1.352428360559941	-0.2229813759663487
1.385335939613065	-0.2220829427347467
1.418243518666189	-0.221168083389994
1.451151097719313	-0.2202373284347681
1.484058676772437	-0.2192911343743874
1.516966255825561	-0.2183298894236318
1.549873834878685	-0.2173539188396998
1.582781413931809	-0.2163634899105301
1.615688992984933	-0.2153588166261339
1.648596572038056	-0.2143396028622143
1.68150415109118	-0.213306953408382
1.714411730144304	-0.2122604543443977
1.747319309197428	-0.2112001394581042
1.780226888250552	-0.210126008286942
1.813134467303676	-0.2090380296309543
1.8460420463568	-0.2079361448522488
1.878949625409924	-0.2068202709836997
1.911857204463048	-0.2056903036673627
1.944764783516172	-0.2045461199409838
1.977672362569296	-0.2033867428511113
2.010579941622419	-0.2022137921834153
2.043487520675543	-0.2010262323275945
2.076395099728667	-0.1998238796791528
2.109302678781791	-0.1986065421842259
2.142210257834915	-0.1973740217582603
2.175117836888039	-0.1961261165909092
2.208025415941163	-0.1948626233514189
2.240932994994287	-0.1935833393066526
2.273840574047411	-0.1922880643619945
2.306748153100535	-0.1909769093013346
2.339655732153659	-0.1896490590140771
2.372563311206783	-0.1883046208332832
2.405470890259906	-0.1869434244578557
2.43837846931303	-0.1855653139459621
2.471286048366154	-0.1841701495303571
2.504193627419278	-0.1827578093493153
2.537101206472402	-0.1813281910984091
2.570008785525526	-0.1798812136065464
2.60291636457865	-0.178416818338117
2.635823943631774	-0.176933908396573
2.668731522684898	-0.1754347184183979
2.701639101738022	-0.1739181637966444
2.734546680791146	-0.1723842766674941
2.76745425984427	-0.1708331155090447
2.800361838897393	-0.1692647662948026
2.833269417950517	-0.1676793435266472
2.866176997003641	-0.1660769911550504
2.899084576056765	-0.1644578833913635
2.931992155109889	-0.1628222254147784
2.964899734163013	-0.1611716541549917
2.997807313216137	-0.1595039439052587
3.030714892269261	-0.1578207278573933
3.063622471322385	-0.1561246207805945
3.096530050375509	-0.1544041191135621
3.129437629428633	-0.1526766208113886
3.162345208481756	-0.1509338513446958
3.19525278753488	-0.1491771273021882
3.228160366588004	-0.1474070675585896
3.261067945641128	-0.1456242401785447
3.293975524694252	-0.1438280609907401
3.326883103747376	-0.1420215446873166
3.3597906828005	-0.1402041175421812
3.392698261853624	-0.1383764300397111
3.425605840906748	-0.1365391586774132
3.458513419959872	-0.1346930046446366
3.491420999012996	-0.1328386924026347
3.52432857806612	-0.1309769681737914
3.557236157119243	-0.1291085983502783
3.590143736172367	-0.1272343678356077
3.623051315225491	-0.1253571090798073
3.655958894278615	-0.1234733741674418
3.688866473331739	-0.1215860628050711
3.721774052384863	-0.1196960408654692
3.754681631437987	-0.1178041923175777
3.787589210491111	-0.1159114168999506
3.820496789544235	-0.1140186277446632
3.853404368597359	-0.1121267489603281
3.886311947650483	-0.1102367131836427
3.919219526703607	-0.108349459109536
3.95212710575673	-0.1064639208495316
3.985034684809854	-0.1045851861157781
4.017942263862978	-0.1027122468992786
4.050849842916102	-0.1008460396129607
4.083757421969225	-0.09898748543680756
4.116665001022349	-0.09713748655753386
4.149572580075472	-0.09529692200594658
4.182480159128596	-0.09346664291501723
4.215387738181719	-0.09164746692651152
4.248295317234843	-0.08984017132341506
4.281202896287966	-0.0877968658984225
4.314110475341089	-0.08601840489560821
4.347018054394213	-0.08427983163202159
4.379925633447336	-0.0825862529726076
4.41283321250046	-0.08094267305555661
4.445740791553583	-0.07935395134312143
4.478648370606707	-0.07782476340428815
4.51155594965983	-0.07635956525858915
4.544463528712954	-0.07496256196968056
4.577371107766077	-0.07363768100703542
4.610278686819201	-0.05811539028847992
4.643186265872324	-0.0662696347175704
4.676093844925448	-0.06771119283858643
4.709001423978571	-0.06799853160036014
4.741909003031695	-0.06790201229092568
4.774816582084818	-0.06764353697282889
4.807724161137942	-0.0673096915464427
4.840631740191065	-0.06694048848104324
4.873539319244188	-0.06655646007732834
4.906446898297312	-0.066168869063571
4.939354477350435	-0.06567748864099247
4.972262056403559	-0.06532287051985565
5.005169635456682	-0.06497789695565477
5.038077214509806	-0.06464266124018168
5.070984793562929	-0.06431719947747082
5.103892372616053	-0.06400149986868416
5.136799951669176	-0.06369550808533908
5.1697075307223	-0.06339913035559414
5.202615109775423	-0.0631122353800944
5.235522688828547	-0.06283465584913414
5.26843026788167	-0.06249259678501467
5.301337846934794	-0.06224828611796188
5.334245425987917	-0.06201485042412298
5.367153005041041	-0.06178990441226814
5.400060584094164	-0.06157131249672672
5.432968163147287	-0.06135771569522176
5.465875742200411	-0.06114830215603324
5.498783321253534	-0.06094262731415835
5.531690900306658	-0.06074047825167902
5.564598479359781	-0.06054178098848204
5.597506058412905	-0.06034026201817912
5.630413637466028	-0.06014932947265889
5.663321216519152	-0.05996236269004807
5.696228795572275	-0.05977939655294998
5.729136374625399	-0.05960046798060006
5.762043953678522	-0.05942560807917215
5.794951532731646	-0.05925483814642762
5.827859111784769	-0.0590881680329516
5.860766690837893	-0.05892559588939338
5.893674269891016	-0.0587671086875852
5.92658184894414	-0.05861218047163393
5.959489427997263	-0.05846186915160023
5.992397007050386	-0.05831556959620771
6.02530458610351	-0.05817322451800545
6.058212165156633	-0.05803477181555391
6.091119744209757	-0.05790014536562362
6.12402732326288	-0.05776927572558679
6.156934902316004	-0.05764209075625762
6.189842481369127	-0.05751851617408638
6.222750060422251	-0.0573984760404767
6.255657639475374	-0.05728201105299808
6.288565218528498	-0.0571687927080352
6.321472797581621	-0.05705886700617632
6.354380376634745	-0.05695215713482153
6.387287955687868	-0.05684858653070839
6.420195534740992	-0.05674807905823902
6.453103113794115	-0.05665055916721556
6.486010692847239	-0.05655595203178863
6.518918271900362	-0.05646418367245677
6.551825850953485	-0.05637518106308936
6.584733430006609	-0.05628872731707134
6.617641009059732	-0.05620505896850385
6.650548588112856	-0.05612395447931941
6.683456167165979	-0.05604534313506409
6.716363746219103	-0.05596915514593132
6.749271325272226	-0.05589532175596142
6.78217890432535	-0.05582377533644608
6.815086483378473	-0.05575444946490536
6.847994062431597	-0.05568727899093723
6.88090164148472	-0.05562220009016619
6.913809220537844	-0.05555951515359474
6.946716799590967	-0.05549839310897088
6.979624378644091	-0.05543915182915796
7.012531957697214	-0.05538173802136861
7.045439536750338	-0.05532610087794984
7.078347115803461	-0.05527219195030275
7.111254694856584	-0.0552199650311346
7.144162273909708	-0.05516937604437658
7.177069852962831	-0.0551203829421707
7.209977432015955	-0.05507294560839205
7.242885011069078	-0.05502557842165569
7.275792590122202	-0.05498133268234744
7.308700169175325	-0.05493862759736993
7.341607748228449	-0.05489740507986097
7.374515327281572	-0.05485760729430145
7.407422906334696	-0.05481917717965189
7.440330485387819	-0.05478205884123592
7.473238064440943	-0.05474619783805962
7.506145643494066	-0.05471154138709305
7.53905322254719	-0.0546780385018626
7.571960801600313	-0.05464611177379119
7.604868380653437	-0.05461472002780077
7.63777595970656	-0.05458430451524904
7.670683538759683	-0.05455482733026602
7.703591117812807	-0.05452625363586875
7.73649869686593	-0.05449855160414569
7.769406275919054	-0.0544716924010521
7.802313854972177	-0.0544456502229675
7.835221434025301	-0.05442040239543598
7.868129013078424	-0.05439592954905284
7.901036592131548	-0.05436975911299938
7.933944171184671	-0.05434695528396854
7.966851750237795	-0.05432511520797428
7.999759329290918	-0.05430423513781456
8.032666908344043	-0.05428430872179386
8.065574487397166	-0.05426532719259262
8.098482066450289	-0.0542472795592447
8.131389645503413	-0.05423015280009322
8.164297224556536	-0.05421393205479366
8.19720480360966	-0.05419860081364052
8.230112382662783	-0.05418443517094632
8.263019961715907	-0.05417079531754556
8.29592754076903	-0.05415796491398046
8.328835119822154	-0.0541459266805011
8.361742698875277	-0.0541346634218971
8.394650277928401	-0.05412415804249581
8.427557856981524	-0.05411439356021695
8.460465436034648	-0.05410535311970636
8.493373015087771	-0.05409702000457434
8.526280594140895	-0.05408937764876481
8.559188173194018	-0.05408253696131712
8.592095752247142	-0.05407621385967808
8.625003331300265	-0.05407052279667048
8.657910910353388	-0.05406544944188138
8.690818489406512	-0.05406098008616805
8.723726068459635	-0.05405710161205511
8.756633647512759	-0.05405380146587888
8.789541226565882	-0.05405106763155921
8.822448805619006	-0.05404888860588913
8.855356384672129	-0.05404725337524052
8.888263963725253	-0.05404608691113499
8.921171542778376	-0.05404551455621057
8.9540791218315	-0.05404546084525627
8.986986700884623	-0.0540459157865448
9.019894279937747	-0.05404686954919863
9.05280185899087	-0.05404831246108806
9.085709438043994	-0.05405023500673911
9.118617017097117	-0.05405262782525014
9.15152459615024	-0.05405548170821809
9.184432175203364	-0.05405878759767428
9.217339754256487	-0.05406194085068326
9.250247333309611	-0.05406618001127448
9.283154912362734	-0.05407089462191055
9.316062491415858	-0.05407606997615364
9.348970070468981	-0.05408168891874292
9.381877649522105	-0.05408773200617489
9.414785228575228	-0.05409417769660781
9.447692807628352	-0.05410100256525942
9.480600386681475	-0.05410818154090057
9.513507965734599	-0.05411568815863214
9.546415544787722	-0.0541216608875435
9.579323123840846	-0.05412984526601335
9.612230702893969	-0.05413845043315996
9.645138281947093	-0.0541474446107204
9.678045861000216	-0.05415678335716427
9.710953440053339	-0.0541664083129986
9.743861019106463	-0.05417624632407458
9.776768598159586	-0.05418620911687607
9.80967617721271	-0.05419619370253589
9.842583756265833	-0.05420608366700706
9.875491335318957	-0.05421069045803086
9.90839891437208	-0.0542200197644327
9.941306493425204	-0.05422941263514754
9.974214072478327	-0.05423882656821255
10.00712165153145	-0.05424820374384869
10.04002923058457	-0.0542574650013089
10.0729368096377	-0.05426650085721745
10.10584438869082	-0.05427515773415777
10.13875196774394	-0.05428321614946442
10.17165954679707	-0.05429035482650584
10.20456712585019	-0.05433495267734761
10.23747470490332	-0.05435489275021517
10.27038228395644	-0.05437827305426023
10.30328986300956	-0.05441016759201451
10.33619744206269	-0.05452598966397486
10.36910502111581	-0.05438318619037761
10.40201260016893	-0.05443635445429641
10.43492017922206	-0.05447195710897704
10.46782775827518	-0.05450642255745765
10.5007353373283	-0.05454260477640372
10.53364291638143	-0.05445685077459782
10.56655049543455	-0.05451743653540065
10.59945807448767	-0.05458835314883106
10.6323656535408	-0.05467076304087334
10.66527323259392	-0.05476591753743805
10.69818081164704	-0.05487515009496809
10.73108839070017	-0.05499986384329472
10.76399596975329	-0.05514151179214628
10.79690354880641	-0.05530156785209425
10.82981112785954	-0.05548148671471496
10.86271870691266	-0.05574259786461408
10.89562628596578	-0.05596406752685144
10.92853386501891	-0.05620284770084129
10.96144144407203	-0.05645926847250622
10.99434902312515	-0.05673365260511769
11.02725660217828	-0.05702631434041647
11.0601641812314	-0.05733755812738313
11.09307176028453	-0.05766767727905392
11.12597933933765	-0.05801695255853292
11.15888691839077	-0.0583856506961925
11.1917944974439	-0.05877593541701965
11.22470207649702	-0.05918406865015365
11.25760965555014	-0.05961215403291429
11.29051723460327	-0.06006039680964037
11.32342481365639	-0.06052898954750544
11.35633239270951	-0.06101811089514524
11.38923997176264	-0.06152792429519337
11.42214755081576	-0.06205857665482648
11.45505512986888	-0.0626101969792045
11.48796270892201	-0.06318289497350785
11.52087028797513	-0.06377869759800524
11.55377786702825	-0.06439363646453
11.58668544608138	-0.0650296826450228
11.6195930251345	-0.06568686792376716
11.65250060418762	-0.06636520685546141
11.68540818324075	-0.06706469561983644
11.71831576229387	-0.06778531087405973
11.75122334134699	-0.06852700860941961
11.78413092040012	-0.06928972301925346
11.81703849945324	-0.07007336538552959
11.84994607850637	-0.07087933542094921
11.88285365755949	-0.0717043377179592
11.91576123661261	-0.07254972466420133
11.94866881566574	-0.0734153182569808
11.98157639471886	-0.07430091935959049
12.01448397377198	-0.07520630686879265
12.04739155282511	-0.07613123693147908
12.08029913187823	-0.07707544221688538
12.11320671093135	-0.07803863125077397
12.14611428998448	-0.07902048781798571
12.1790218690376	-0.08002174549736012
12.21192944809072	-0.08103978666542114
12.24483702714385	-0.082075304030232
12.27774460619697	-0.0831278886412239
12.31065218525009	-0.08419710953502886
12.34355976430322	-0.08528251352576099
12.37646734335634	-0.08638362508368531
12.40937492240946	-0.08749994630556941
12.44228250146259	-0.08863095697964968
12.47519008051571	-0.08977611474773037
12.50809765956883	-0.0909356330065437
12.54100523862196	-0.09210729380951677
12.57391281767508	-0.09329128187599309
12.6068203967282	-0.09448697861119822
12.63972797578133	-0.09569374855883973
12.67263555483445	-0.09691093996789223
12.70554313388758	-0.09813788545070513
12.7384507129407	-0.0993739027305721
12.77135829199382	-0.100618295476393
12.80426587104695	-0.1018703542215473
12.83717345010007	-0.1031299701886864
12.87008102915319	-0.1043951208282013
12.90298860820632	-0.1056656924545582
12.93589618725944	-0.1069409415068399
12.96880376631256	-0.1082201190943961
13.00171134536569	-0.1095024721045526
13.03461892441881	-0.1107872443619224
13.06752650347193	-0.1120736778332582
13.10043408252506	-0.1133610138715516
13.13334166157818	-0.1146484944928932
13.1662492406313	-0.1159359017772135
13.19915681968443	-0.1172213467730697
13.23206439873755	-0.1185046387153487
13.26497197779067	-0.1197850429912248
13.2978795568438	-0.1210618338478945
13.33078713589692	-0.1223342954714599
13.36369471495004	-0.1236017230629978
13.39660229400317	-0.1248634239052198
13.42950987305629	-0.1261187184133677
13.46241745210942	-0.1273669411642626
13.49532503116254	-0.1286079737181612
13.52823261021566	-0.1298400544142069
13.56114018926879	-0.1310631235948413
13.59404776832191	-0.1322765904483787
13.62695534737503	-0.1334798841167178
13.65986292642816	-0.134672454195034
13.69277050548128	-0.1358537712041852
13.7256780845344	-0.1370233270308322
13.75858566358753	-0.1381806353309013
13.79149324264065	-0.139325231892617
13.82440082169377	-0.1404573044309904
13.8573084007469	-0.1415750901495125
13.89021597980002	-0.1426788662394576
13.92312355885314	-0.1437682709870208
13.95603113790627	-0.1448429664912555
13.98893871695939	-0.1459026383976988
14.02184629601251	-0.1469469956392218
14.05475387506564	-0.1479757701752926
14.08766145411876	-0.1489887167226889
14.12056903317188	-0.1499856124722396
14.15347661222501	-0.150968232054251
14.18638419127813	-0.1519319976674319
14.21929177033125	-0.1528791610834372
14.25219934938438	-0.1538096127918847
14.2851069284375	-0.1547232572210652
14.31801450749063	-0.1556200144238622
14.35092208654375	-0.1564998208570231
14.38382966559687	-0.1573626296786489
14.41673724465	-0.1582084107688676
14.44964482370312	-0.1590371505796737
14.48255240275624	-0.1598491660159779
14.51545998180937	-0.160643806309697
14.54836756086249	-0.161421440796222
14.58127513991561	-0.1621821235709941
14.61418271896874	-0.1629259236388498
14.64709029802186	-0.1636529244086419
14.67999787707498	-0.1643632231810036
14.71290545612811	-0.1650569306335574
14.74581303518123	-0.1657341703084037
14.77872061423435	-0.1663950781074585
14.81162819328748	-0.167039422565865
14.8445357723406	-0.1676681435033989
14.87744335139372	-0.1682810453374045
14.91035093044685	-0.1688783091795429
14.94325850949997	-0.169460124730033
14.97616608855309	-0.1700266897050301
15.00907366760622	-0.1705782092723174
15.04198124665934	-0.1711148954968039
15.07488882571247	-0.171636966797225
15.10779640476559	-0.1721446474153555
15.14070398381871	-0.1726381367651921
15.17361156287184	-0.1731177319399184
15.20651914192496	-0.1735836416228587
15.23942672097808	-0.1740361081317534
15.27233430003121	-0.1744753770453465
15.30524187908433	-0.1749016967645954
15.33814945813745	-0.1753153180924252
15.37105703719058	-0.1757164938326667
15.4039646162437	-0.1761054784087786
15.43687219529682	-0.1764825275029367
15.46977977434995	-0.1768475296041907
15.50268735340307	-0.1772015109003335
15.53559493245619	-0.1775443591204763
15.56850251150932	-0.1778763286880398
15.60141009056244	-0.1781976722641874
15.63431766961556	-0.1785086405109093
15.66722524866869	-0.1788094818702716
15.70013282772181	-0.1791004423593453
15.73304040677493	-0.1793817653803108
15.76594798582806	-0.1796536915452128
15.79885556488118	-0.1799224542199131
15.8317631439343	-0.1801766391648302
15.86467072298743	-0.1804216163097661
15.89757830204055	-0.180657306843373
15.93048588109368	-0.1808831576682866
15.9633934601468	-0.1810963966295597
15.99630103919992	-0.1812611051768847
16.02920861825305	-0.181566635411869
16.06211619730617	-0.1817413602113292
16.09502377635929	-0.1819252998091599
16.12793135541242	-0.1820964489541467
16.16083893446554	-0.1822727597538711
16.19374651351866	-0.1824419536316054
16.22665409257179	-0.1826042149814682
16.25956167162491	-0.1827597306573622
16.29246925067804	-0.1829086889312126
16.32537682973116	-0.1830512786121348
16.35828440878428	-0.1831876882999542
16.39119198783741	-0.1833181057516005
16.42409956689053	-0.1834427173428927
16.45700714594365	-0.1835615478042504
16.48991472499678	-0.1836751226916274
16.5228223040499	-0.1837834477618774
16.55572988310302	-0.1838866967438722
16.58863746215615	-0.1839850403441929
16.62154504120927	-0.1840786461418441
16.65445262026239	-0.1841676784942966
16.68736019931552	-0.1842522984545067
16.72026777836864	-0.1843326636985482
16.75317535742176	-0.1844089284634792
16.78608293647489	-0.1844811863048923
16.81899051552801	-0.1845497056262758
16.85189809458113	-0.184614570217723
16.88480567363426	-0.1846759192436015
16.91771325268738	-0.1847338881279392
16.9506208317405	-0.1847886085769228
16.98352841079363	-0.1848402086057592
17.01643598984675	-0.1848888125696101
17.04934356889988	-0.1849345411983195
17.082251147953	-0.1849775116346604
17.11515872700612	-0.1850178782057908
17.14806630605925	-0.1850556648745477
17.18097388511237	-0.1850910206588721
17.21388146416549	-0.1851240493896321
17.24678904321862	-0.1851548516511886
17.27969662227174	-0.1851835248156969
17.31260420132486	-0.1852101630810168
17.34551178037799	-0.1852348575119836
17.37841935943111	-0.185257696084792
17.41132693848423	-0.1852787637342514
17.44423451753736	-0.18529816676992
17.47714209659048	-0.1853159322802974
17.5100496756436	-0.1853321622904701
17.54295725469673	-0.1853469305223149
17.57586483374985	-0.1853603079599471
17.60877241280297	-0.1853723628936185
17.6416799918561	-0.1853831609672792
17.67458757090922	-0.1853927652294275
17.70749514996234	-0.1854012361868849
17.74040272901547	-0.1854086318611432
17.77331030806859	-0.1854150225365684
17.80621788712171	-0.1854204299389795
17.83912546617484	-0.1854249209111686
17.87203304522796	-0.1854285444279271
17.90494062428109	-0.1854313472884951
17.93784820333421	-0.1854333741723443
17.97075578238733	-0.1854346676976359
18.00366336144046	-0.1854352684818186
18.03657094049358	-0.1854352152038767
18.0694785195467	-0.1854345446677756
18.10238609859983	-0.1854332990038586
18.13529367765295	-0.1854314960395049
18.16820125670607	-0.1854291752445435
18.2011088357592	-0.1854263667237707
18.23401641481232	-0.1854230990189505
18.26692399386544	-0.1854193991684981
18.29983157291857	-0.1854152927675873
18.33273915197169	-0.1854108040282252
18.36564673102481	-0.1854059558389154
18.39855431007794	-0.1854007698235847
18.43146188913106	-0.1853952697972047
18.46436946818418	-0.1853894676734774
18.49727704723731	-0.1853833854103618
18.53018462629043	-0.1853770402119644
18.56309220534355	-0.185370448287019
18.59599978439668	-0.1853636248984764
18.6289073634498	-0.185356584411857
18.66181494250293	-0.1853493403421701
18.69472252155605	-0.1853419053992587
18.72763010060917	-0.185334291531469
18.7605376796623	-0.1853265105537453
18.79344525871542	-0.1853185717194629
18.82635283776854	-0.1853104856308266
18.85926041682167	-0.1853022616077593
18.89216799587479	-0.1852939083970932
18.92507557492791	-0.185285434205728
18.95798315398104	-0.1852768467322237
18.99089073303416	-0.1852681531968289
19.02379831208728	-0.1852593603699718
19.05670589114041	-0.1852504745992454
19.08961347019353	-0.1852415017875163
19.12252104924665	-0.1852324476026817
19.15542862829978	-0.1852233172358067
19.1883362073529	-0.1852141155855232
19.22124378640602	-0.1852048472408531
19.25415136545915	-0.1851955165002299
19.28705894451227	-0.1851861273894081
19.31996652356539	-0.1851766836783111
19.35287410261852	-0.1851671888968723
19.38578168167164	-0.1851576463499188
19.41868926072476	-0.1851480602166872
19.45159683977789	-0.1851384311075738
19.48450441883101	-0.1851287628481248
19.51741199788414	-0.1851190579870051
19.55031957693726	-0.1851093189129304
19.58322715599038	-0.1850995478646605
19.61613473504351	-0.185089746940389
19.64904231409663	-0.1850799181065633
19.68194989314975	-0.1850700632061645
19.71485747220288	-0.1850601839664787
19.747765051256	-0.1850502810682712
19.78067263030912	-0.1850403579605858
19.81358020936225	-0.1850304151591634
19.84648778841537	-0.1850204539985988
19.87939536746849	-0.1850104757266516
19.91230294652162	-0.1850004815087871
19.94521052557474	-0.1849904724320392
19.97811810462786	-0.1849804495080342
20.01102568368099	-0.1849704136749017
20.04393326273411	-0.1849603657975863
20.07684084178723	-0.1849503026256129
20.10974842084036	-0.1849402326393191
20.14265599989348	-0.1849301531503844
20.1755635789466	-0.1849200648975384
20.20847115799973	-0.1849099685867438
20.24137873705285	-0.1848998648989971
20.27428631610598	-0.1848897545009893
20.3071938951591	-0.1848796380610203
20.34010147421222	-0.1848695162749694
20.37300905326535	-0.1848593899126614
20.40591663231847	-0.184849329284137
20.43882421137159	-0.1848392043182675
20.47173179042472	-0.1848290737483774
20.50463936947784	-0.1848189374561736
20.53754694853096	-0.1848087952816878
20.57045452758409	-0.1847986470237201
20.60336210663721	-0.1847884924401251
20.63626968569033	-0.1847783312479452
20.66917726474346	-0.1847681631233878
20.70208484379658	-0.1847579877016493
20.7349924228497	-0.1847478058136546
20.76790000190283	-0.1847376144486446
20.80080758095595	-0.1847274143294586
20.83371516000907	-0.1847172049270897
20.8666227390622	-0.1847069856744779
20.89953031811532	-0.184696755965959
20.93243789716844	-0.1846865151565896
20.96534547622157	-0.1846762625613446
20.99825305527469	-0.1846659974541839
21.03116063432782	-0.1846557190669858
21.06406821338094	-0.1846454331054212
21.09697579243406	-0.1846351251691818
21.12988337148719	-0.184624800806192
21.16279095054031	-0.1846144591038667
21.19569852959343	-0.1846040991313181
21.22860610864656	-0.1845937199393058
21.26151368769968	-0.1845833205601505
21.2944212667528	-0.1845729000076117
21.32732884580593	-0.1845624572767318
21.36023642485905	-0.1845519913436468
21.39314400391217	-0.1845414741118261
21.4260515829653	-0.1845309602046665
21.45895916201842	-0.1845204224715588
21.49186674107154	-0.1845098598254676
21.52477432012467	-0.1844992710242488
21.55768189917779	-0.1844886546445713
21.59058947823091	-0.184478009050181
21.62349705728404	-0.1844673323530382
21.65640463633716	-0.1844566223654082
21.68931221539028	-0.1844458765403689
21.72221979444341	-0.1844349757001929
21.75512737349653	-0.1844241466827902
21.78803495254965	-0.1844132838652212
21.82094253160278	-0.1844023859627531
21.8538501106559	-0.1843914512688049
21.88675768970903	-0.1843804774575092
21.91966526876215	-0.1843694612631734
21.95257284781527	-0.1843583979367734
21.9854804268684	-0.1843472802748941
22.01838800592152	-0.1843360967696059
22.05129558497464	-0.1843177988900603
22.08420316402777	-0.1843069111518958
22.11711074308089	-0.1842960500089815
22.15001832213401	-0.1842852216780708
22.18292590118714	-0.1842744295704521
22.21583348024026	-0.1842636756679869
22.24874105929338	-0.1842529611618119
22.28164863834651	-0.1842422867768674
22.31455621739963	-0.1842316529488941
22.34746379645275	-0.1842210599266393
22.38037137550588	-0.1842101879773255
22.413278954559	-0.1841997278796302
22.44618653361212	-0.1841893249558624
22.47909411266525	-0.1841789732632241
22.51200169171837	-0.1841686672258501
22.54490927077149	-0.1841584016035222
22.57781684982462	-0.1841481714634615
22.61072442887774	-0.1841379721548497
22.64363200793087	-0.1841277992857755
22.67653958698399	-0.1841176487023387
22.70944716603711	-0.184107703290921
22.74235474509024	-0.1840975569223015
22.77526232414336	-0.1840874115876306
22.80816990319648	-0.1840772672602981
22.84107748224961	-0.1840671239227636
22.87398506130273	-0.1840569815643065
22.90689264035585	-0.1840468401794036
22.93980021940898	-0.1840366997665385
22.9727077984621	-0.184026560327315
23.00561537751522	-0.1840164218657891
23.03852295656835	-0.184006283850048
23.07143053562147	-0.1839961474309155
23.10433811467459	-0.1839860120487359
23.13724569372772	-0.1839758777049965
23.17015327278084	-0.1839657444011679
23.20306085183396	-0.1839556121387099
23.23596843088709	-0.1839454809190772
23.26887600994021	-0.1839353507437238
23.30178358899333	-0.1839252216141079
23.33469116804646	-0.1839150935316958
23.36759874709958	-0.1839049664676076
23.4005063261527	-0.183894840486824
23.43341390520583	-0.1838847155602757
23.46632148425895	-0.183874591689212
23.49922906331208	-0.1838644688747843
23.5321366423652	-0.1838543471180456
23.56504422141832	-0.1838442264199545
23.59795180047145	-0.1838341067813788
23.63085937952457	-0.1838239882030988
23.66376695857769	-0.1838138706858106
23.69667453763082	-0.1838037542267386
23.72958211668394	-0.1837936388335024
23.76248969573706	-0.1837835245031572
23.79539727479019	-0.1837734112360614
23.82830485384331	-0.183763299032488
23.86121243289643	-0.183753187892627
23.89412001194956	-0.1837430778165872
23.92702759100268	-0.1837329688043987
23.9599351700558	-0.1837228608560143
23.99284274910893	-0.1837127539713116
24.02575032816205	-0.1837026481925051
24.05865790721517	-0.1836925434306131
24.0915654862683	-0.1836824397280549
24.12447306532142	-0.183672337084818
24.15738064437454	-0.1836622355009982
24.19028822342767	-0.1836521349767982
24.22319580248079	-0.183642035512526
24.25610338153392	-0.1836319371085939
24.28901096058704	-0.1836218397655168
24.32191853964016	-0.1836117434839106
24.35482611869329	-0.1836016482306681
24.38773369774641	-0.1835915540773579
24.42064127679953	-0.1835814609907854
24.45354885585266	-0.1835713689716406
24.48645643490578	-0.1835612780205676
24.5193640139589	-0.1835511881381649
24.55227159301203	-0.1835410993249863
24.58517917206515	-0.1835310115815418
24.61808675111827	-0.1835209249082978
24.6509943301714	-0.1835108393056782
24.68390190922452	-0.1835007547761183
24.71680948827764	-0.1834906713156675
24.74971706733077	-0.1834805889266889
24.78262464638389	-0.1834705076094593
24.81553222543701	-0.1834604273642245
24.84843980449014	-0.1834503481911997
24.88134738354326	-0.1834402700905699
24.91425496259638	-0.1834301930624903
24.94716254164951	-0.1834201171070871
24.98007012070263	-0.1834100422244616
25.01297769975575	-0.1833999684204921
25.04588527880888	-0.1833898956830617
25.078792857862	-0.1833798240180358
25.11170043691513	-0.1833697534254515
25.14460801596825	-0.1833596839053435
25.17751559502137	-0.1833496154577446
25.2104231740745	-0.1833395480826853
25.24333075312762	-0.1833294817801948
25.27623833218074	-0.1833194165503003
25.30914591123387	-0.1833093523930275
25.34205349028699	-0.1832992893012929
25.37496106934011	-0.1832892272899707
25.40786864839324	-0.1832791663519441
25.44077622744636	-0.1832691064871665
25.47368380649948	-0.1832590476955648
25.50659138555261	-0.1832489899770349
25.53949896460573	-0.183238933331442
25.57240654365885	-0.183228877758621
25.60531412271198	-0.1832188232583767
25.6382217017651	-0.1832087698304839
25.67112928081822	-0.1831987174864761
25.70403685987135	-0.1831886662014274
25.73694443892447	-0.1831786159868857
25.76985201797759	-0.1831685668426142
25.80275959703072	-0.1831585187683975
25.83566717608384	-0.1831484717640413
25.86857475513697	-0.1831384258293719
25.90148233419009	-0.1831283809642366
25.93438991324321	-0.1831183371685033
25.96729749229634	-0.1831082944420601
26.00020507134946	-0.1830982527865409
26.03311265040258	-0.1830882121982663
26.06602022945571	-0.1830781726789235
26.09892780850883	-0.1830681342284969
26.13183538756195	-0.1830580968469978
26.16474296661508	-0.1830480605344642
26.1976505456682	-0.1830380252909603
26.23055812472132	-0.1830279911165767
26.26346570377445	-0.1830179580114295
26.29637328282757	-0.1830079259756608
26.32928086188069	-0.1829978950025161
26.36218844093382	-0.1829878651066607
26.39509601998694	-0.1829778362813417
26.42800359904006	-0.1829678085267381
26.46091117809319	-0.1829577818430242
26.49381875714631	-0.1829477562303696
26.52672633619943	-0.1829377316889395
26.55963391525256	-0.1829277082188944
26.59254149430568	-0.1829176858203907
26.6254490733588	-0.1829076644935802
26.65835665241193	-0.1828976442195462
26.69126423146505	-0.1828876250382482
26.72417181051818	-0.1828776069306917
26.7570793895713	-0.1828675898968495
26.78998696862442	-0.1828575739366082
26.82289454767755	-0.182847559049767
26.85580212673067	-0.1828375452360381
26.88870970578379	-0.1828275324950464
26.92161728483692	-0.1828175208263294
26.95452486389004	-0.1828075102293369
26.98743244294316	-0.1827975007355386
27.02034002199629	-0.1827874922771176
27.05324760104941	-0.1827774848855307
27.08615518010253	-0.1827674785601565
27.11906275915566	-0.1827574733004226
27.15197033820878	-0.1827474691058045
27.1848779172619	-0.1827374659758257
27.21778549631503	-0.1827274639100567
27.25069307536815	-0.1827174629081144
27.28360065442127	-0.1827074629696616
27.3165082334744	-0.1826974640926715
27.34941581252752	-0.1826874662805273
27.38232339158064	-0.1826774695312762
27.41523097063377	-0.1826674738447427
27.44813854968689	-0.1826574792207876
27.48104612874002	-0.1826474856593074
27.51395370779314	-0.1826374931602336
27.54686128684626	-0.1826275017235326
27.57976886589939	-0.1826175113492052
27.61267644495251	-0.1826075220372863
27.64558402400563	-0.1825975337775246
27.67849160305876	-0.1825875465915998
27.71139918211188	-0.1825775604692549
27.744306761165	-0.1825675754105628
27.77721434021813	-0.1825575914155859
27.81012191927125	-0.1825476084843749
27.84302949832437	-0.1825376266169698
27.8759370773775	-0.1825276458133996
27.90884465643062	-0.1825176660736822
27.94175223548374	-0.1825076873978251
27.97465981453687	-0.1824977097932723
28.00756739358999	-0.1824877332444402
28.04047497264311	-0.1824777577588008
28.07338255169624	-0.1824677833363865
28.10629013074936	-0.1824578099772511
28.13919770980248	-0.182447837681469
28.17210528885561	-0.1824378664491354
28.20501286790873	-0.1824278962803661
28.23792044696185	-0.1824179271752971
28.27082802601498	-0.1824079591340845
28.3037356050681	-0.1823979921450427
28.33664318412123	-0.1823880262331596
28.36955076317435	-0.1823780613867198
28.40245834222747	-0.1823680976058525
28.4353659212806	-0.1823581348906556
28.46827350033372	-0.1823481732411961
28.50118107938684	-0.1823382126575097
28.53408865843997	-0.1823282531396016
28.56699623749309	-0.182318294687446
28.59990381654621	-0.1823083373009863
28.63281139559934	-0.1822983809914971
28.66571897465246	-0.1822884257351156
28.69862655370558	-0.1822784715431207
28.73153413275871	-0.1822685184154356
28.76444171181183	-0.1822585663520016
28.79734929086495	-0.1822486153527784
28.83025686991808	-0.1822386654177434
28.8631644489712	-0.1822287165468919
28.89607202802432	-0.1822187687402369
28.92897960707745	-0.1822088219978087
28.96188718613057	-0.1821988763087436
28.99479476518369	-0.1821889316959115
29.02770234423682	-0.1821789881484207
29.06060992328994	-0.1821690456662731
29.09351750234307	-0.1821591042494409
29.12642508139619	-0.1821491638978669
29.15933266044931	-0.1821392246114642
29.19224023950244	-0.1821292863901165
29.22514781855556	-0.1821193492336783
29.25805539760868	-0.1821094131419749
29.29096297666181	-0.1820994781277305
29.32387055571493	-0.1820895441636899
29.35677813476805	-0.1820796112625971
29.38968571382118	-0.1820696794242772
29.4225932928743	-0.1820597486485815
29.45550087192742	-0.182049818935387
29.48840845098055	-0.1820398902845967
29.52131603003367	-0.1820299626961386
29.55422360908679	-0.1820200361699662
29.58713118813992	-0.1820101107060578
29.62003876719304	-0.1820001862896454
29.65294634624616	-0.1819902629516252
29.68585392529929	-0.1819803406771962
29.71876150435241	-0.181970419466303
29.75166908340553	-0.1819604993188508
29.78457666245866	-0.1819505802347057
29.81748424151178	-0.1819406622136945
29.85039182056491	-0.1819307452556048
29.88329939961803	-0.1819208293601852
29.91620697867115	-0.1819109145271452
29.94911455772428	-0.1819010007753205
29.9820221367774	-0.181891088064281
30.01492971583052	-0.1818811764129033
30.04783729488365	-0.181871265820913
30.08074487393677	-0.1818613562880786
30.11365245298989	-0.1818514478142098
30.14656003204302	-0.181841540399158
30.17946761109614	-0.1818316340428155
30.21237519014926	-0.1818217287451147
30.24528276920239	-0.1818118245060276
30.27819034825551	-0.1818019213159987
30.31109792730863	-0.1817920191950861
30.34400550636176	-0.1817821181337388
30.37691308541488	-0.1817722181319951
30.409820664468	-0.1817623191898902
30.44272824352113	-0.181752421307457
30.47563582257425	-0.1817425244847255
30.50854340162737	-0.1817326287217233
30.5414509806805	-0.1817227340184752
30.57435855973362	-0.1817128403750036
30.60726613878674	-0.181702947784417
30.64017371783987	-0.1816930562611719
30.67308129689299	-0.18168316579834
30.70598887594612	-0.1816732763958739
30.73889645499924	-0.1816633880536939
30.77180403405236	-0.1816535007716882
30.80471161310549	-0.1816436145497132
30.83761919215861	-0.181633729387593
30.87052677121173	-0.1816238452851203
30.90343435026486	-0.1816139622420555
30.93634192931798	-0.1816040802736503
30.9692495083711	-0.1815941993471548
31.00215708742423	-0.1815843194778524
31.03506466647735	-0.1815744406655159
31.06797224553047	-0.1815645629099523
31.1008798245836	-0.1815546862110029
31.13378740363672	-0.181544810568542
31.16669498268984	-0.1815349359824774
31.19960256174297	-0.1815250624527492
31.23251014079609	-0.1815151899793301
31.26541771984921	-0.1815053185411252
31.29832529890234	-0.1814954481822539
31.33123287795546	-0.1814855788815833
31.36414045700858	-0.1814757106390276
31.39704803606171	-0.181465843454441
31.42995561511483	-0.1814559773276172
31.46286319416796	-0.1814461122582893
31.49577077322108	-0.1814362482461296
31.5286783522742	-0.1814263852907493
31.56158593132733	-0.1814165233916985
31.59449351038045	-0.1814066625484657
31.62740108943357	-0.1813968027604776
31.6603086684867	-0.1813869440270991
31.69321624753982	-0.1813770863476327
31.72612382659294	-0.1813672297213187
31.75903140564607	-0.1813573741473344
31.79193898469919	-0.1813475196247946
31.82484656375231	-0.1813376661527503
31.85775414280544	-0.1813278137301897
31.89066172185856	-0.1813179623560369
31.92356930091168	-0.1813081120291524
31.95647687996481	-0.181298262748332
31.98938445901793	-0.1812884145123074
32.02229203807106	-0.1812785673197453
32.05519961712418	-0.1812687211692478
32.0881071961773	-0.1812588760593512
32.12101477523043	-0.1812490319885265
32.15392235428355	-0.1812391889551787
32.18682993333667	-0.1812293469576468
32.2197375123898	-0.1812195059942033
