0
1000	0.5109989461	100000000000000.1
5	0	0	1
5	0	0	0
-0.654933961680612	-0
-0.6220263826274882	-0
-0.5891188035743644	-0
-0.5562112245212406	-0
-0.5233036454681168	-0
-0.490396066414993	-0
-0.4574884873618692	-0
-0.4245809083087454	-0
-0.3916733292556216	-0
-0.3587657502024978	-0
-0.325858171149374	-0
-0.2929505920962502	-0
-0.2600430130431264	-0
-0.2271354339900026	-0
-0.1942278549368788	-0
-0.161320275883755	-0
-0.1284126968306312	-0
-0.09550511777750736	-0
-0.06259753872438356	-0
-0.02968995967125975	-0
0.003217619381864059	-0
0.03612519843498787	-0
0.06903277748811168	-0
0.1019403565412355	-0
0.1348479355943593	-0
0.1677555146474831	-0
0.2006630937006069	-0
0.2335706727537307	-0
0.2664782518068545	-0
0.2993858308599783	-0
0.3322934099131021	-0
0.3652009889662259	-0
0.3981085680193497	-0
0.4310161470724735	-0
0.4639237261255973	-0
0.4968313051787211	-0
0.529738884231845	-0
0.5626464632849688	-0
0.5955540423380926	-0
0.6284616213912164	-0
0.6613692004443402	-0
0.694276779497464	-0
0.7271843585505878	-0
0.7600919376037116	-0
0.7929995166568354	-0
0.8259070957099592	-0
0.858814674763083	-0
0.8917222538162068	-0
0.9246298328693306	-0
0.9575374119224545	-0
0.9904449909755783	-0
1.023352570028702	-0
1.056260149081826	-0
1.08916772813495	-0
1.122075307188074	-0
1.154982886241198	-0
1.187890465294322	-0
1.220798044347446	-0
1.253705623400569	-0
1.286613202453693	-0
1.319520781506817	-0
1.352428360559941	-0
1.385335939613065	-0
1.418243518666189	-0
1.451151097719313	-0
1.484058676772437	-0
1.516966255825561	-0
1.549873834878685	-0
1.582781413931809	-0
1.615688992984933	-0
1.648596572038056	-0
1.68150415109118	-0
1.714411730144304	-0
1.747319309197428	-0
1.780226888250552	-0
1.813134467303676	-0
1.8460420463568	-0
1.878949625409924	-0
1.911857204463048	-0
1.944764783516172	-0
1.977672362569296	-0
2.010579941622419	-0
2.043487520675543	-0
2.076395099728667	-0
2.109302678781791	-0
2.142210257834915	-0
2.175117836888039	-0
2.208025415941163	-0
2.240932994994287	-0
2.273840574047411	-0
2.306748153100535	-0
2.339655732153659	-0
2.372563311206783	-0
2.405470890259906	-0
2.43837846931303	-0
2.471286048366154	-0
2.504193627419278	-0
2.537101206472402	-0
2.570008785525526	-0
2.60291636457865	-0
2.635823943631774	-0
2.668731522684898	-0
2.701639101738022	-0
2.734546680791146	-0
2.76745425984427	-0
2.800361838897393	-0
2.833269417950517	-0
2.866176997003641	-0
2.899084576056765	-0
2.931992155109889	-0
2.964899734163013	-0
2.997807313216137	-0
3.030714892269261	-0
3.063622471322385	-0
3.096530050375509	-0
3.129437629428633	-0
3.162345208481756	-0
3.19525278753488	-0
3.228160366588004	-0
3.261067945641128	-0
3.293975524694252	-0
3.326883103747376	-0
3.3597906828005	-0
3.392698261853624	-0
3.425605840906748	-0
3.458513419959872	-0
3.491420999012996	-0
3.52432857806612	-0
3.557236157119243	-0
3.590143736172367	-0
3.623051315225491	-0
3.655958894278615	-0
3.688866473331739	-0
3.721774052384863	-0
3.754681631437987	-0
3.787589210491111	-0
3.820496789544235	-0
3.853404368597359	-0
3.886311947650483	-0
3.919219526703607	-0
3.95212710575673	-0
3.985034684809854	3.699767236473496e-05
4.017942263862978	6.102212500957051e-05
4.050849842916102	7.690191275163891e-05
4.083757421969225	8.574534520208149e-05
4.116665001022349	8.341550243330517e-05
4.149572580075472	8.368870610030009e-05
4.182480159128596	8.578484520534991e-05
4.215387738181719	9.984763773420181e-05
4.248295317234843	8.642251452006409e-05
4.281202896287966	8.687737220262946e-05
4.314110475341089	7.920469712087029e-05
4.347018054394213	8.7481481822264e-05
4.379925633447336	8.55274677235694e-05
4.41283321250046	8.314749012454695e-05
4.445740791553583	9.456139546309381e-05
4.478648370606707	0.0001454000321614355
4.51155594965983	0.0002697430769705156
4.544463528712954	0.000479044942154832
4.577371107766077	0.0008189883213004908
4.610278686819201	0.001207574118958218
4.643186265872324	0.001656750869544715
4.676093844925448	0.002349617156843243
4.709001423978571	0.003443242929781259
4.741909003031695	0.004647151076203723
4.774816582084818	0.006310089068516952
4.807724161137942	0.008698378147840323
4.840631740191065	0.01109514914139467
4.873539319244188	0.01459932526357439
4.906446898297312	0.01839864102784912
4.939354477350435	0.02332426239288067
4.972262056403559	0.02958015105677264
5.005169635456682	0.03571266359098067
5.038077214509806	0.0435809604040094
5.070984793562929	0.05163778541861955
5.103892372616053	0.06173132897521729
5.136799951669176	0.07216563175386541
5.1697075307223	0.08412579721308391
5.202615109775423	0.09782389879277084
5.235522688828547	0.1119338080767998
5.26843026788167	0.1281583930458244
5.301337846934794	0.1448752909325759
5.334245425987917	0.1644601147659533
5.367153005041041	0.1849358978292862
5.400060584094164	0.2071054423943893
5.432968163147287	0.23195211435033
5.465875742200411	0.257276536378459
5.498783321253534	0.2861689450766546
5.531690900306658	0.3163414928523964
5.564598479359781	0.348679344292029
5.597506058412905	0.3846267604672622
5.630413637466028	0.42231512811031
5.663321216519152	0.4625874122786853
5.696228795572275	0.5063331197045159
5.729136374625399	0.5528045426038869
5.762043953678522	0.6022844040037666
5.794951532731646	0.6549412038753287
5.827859111784769	0.7113791417814717
5.860766690837893	0.7713384434299219
5.893674269891016	0.8354289747680333
5.92658184894414	0.9034381396856109
5.959489427997263	0.975755651668993
5.992397007050386	1.052588597015752
6.02530458610351	1.134060598126345
6.058212165156633	1.220033047964124
6.091119744209757	1.311725426670535
6.12402732326288	1.408899240291381
6.156934902316004	1.511268441417128
6.189842481369127	1.620337702972253
6.222750060422251	1.735056514827043
6.255657639475374	1.857392505908578
6.288565218528498	1.985716280057424
6.321472797581621	2.121572987897423
6.354380376634745	2.265338297143868
6.387287955687868	2.416244668157769
6.420195534740992	2.575391166937992
6.453103113794115	2.744698165776295
6.486010692847239	2.923193378814475
6.518918271900362	3.110221307822359
6.551825850953485	3.307487233358486
6.584733430006609	3.516469997716678
6.617641009059732	3.735681265000061
6.650548588112856	3.966130216715347
6.683456167165979	4.208830368643553
6.716363746219103	4.464979712688037
6.749271325272226	4.733292212401537
6.78217890432535	5.016200394370822
6.815086483378473	5.313652364885808
6.847994062431597	5.627178414363652
6.88090164148472	5.955004642443123
6.913809220537844	6.300101558462535
6.946716799590967	6.663629106828592
6.979624378644091	7.04454842602978
7.012531957697214	7.444211387680251
7.045439536750338	7.86382734572164
7.078347115803461	8.30510773528856
7.111254694856584	8.767477140818514
7.144162273909708	9.252524751229556
7.177069852962831	9.760882038235264
7.209977432015955	10.29564315664021
7.242885011069078	10.85516409581339
7.275792590122202	11.44157284493584
7.308700169175325	12.05585902410745
7.341607748228449	12.70144994052466
7.374515327281572	13.37661049236059
7.407422906334696	14.08387650000205
7.440330485387819	14.82503122131188
7.473238064440943	15.60132901050511
7.506145643494066	16.41412666152903
7.53905322254719	17.26516804844346
7.571960801600313	18.15621794118284
7.604868380653437	19.0888582269452
7.63777595970656	20.06422400132982
7.670683538759683	21.08646184168115
7.703591117812807	22.15484941586897
7.73649869686593	23.27294119960768
7.769406275919054	24.44236519495867
7.802313854972177	25.66563161582022
7.835221434025301	26.94444989833697
7.868129013078424	28.28188413141157
7.901036592131548	29.67980844140212
7.933944171184671	31.14208689663458
7.966851750237795	32.67010623124632
7.999759329290918	34.26681853452419
8.032666908344043	35.93565951200868
8.065574487397166	37.67941645580336
8.098482066450289	39.50140674247574
8.131389645503413	41.40491112375354
8.164297224556536	43.39288701671902
8.19720480360966	45.46955057071893
8.230112382662783	47.63825206018085
8.263019961715907	49.90304571948559
8.29592754076903	52.26775082811793
8.328835119822154	54.73664909834299
8.361742698875277	57.31430255294373
8.394650277928401	60.00475314429885
8.427557856981524	62.81319426893297
8.460465436034648	65.74431125523859
8.493373015087771	68.80355631600379
8.526280594140895	71.99510743990118
8.559188173194018	75.32562195301747
8.592095752247142	78.80050368998664
8.625003331300265	82.4255099327478
8.657910910353388	86.20681345724238
8.690818489406512	90.1522181410385
8.723726068459635	94.26552403455942
8.756633647512759	98.55630203991291
8.789541226565882	103.0308191076653
8.822448805619006	107.6965447147989
8.855356384672129	112.5611268418525
8.888263963725253	117.6342207020617
8.921171542778376	122.921194428832
8.9540791218315	128.4336376319028
8.986986700884623	134.1797179875392
9.019894279937747	140.1688178616306
9.05280185899087	146.4107818361071
9.085709438043994	152.9172978883312
9.118617017097117	159.6959680468496
9.15152459615024	166.759778666565
9.184432175203364	174.1205883581933
9.217339754256487	181.7898316672831
9.250247333309611	189.7795403375447
9.283154912362734	198.1036597213612
9.316062491415858	206.7752432177556
9.348970070468981	215.8075744227463
9.381877649522105	225.2147757079737
9.414785228575228	235.0133791035081
9.447692807628352	245.2180120179496
9.480600386681475	255.8457161934035
9.513507965734599	266.9135435078111
9.546415544787722	278.4374680287906
9.579323123840846	290.436827741253
9.612230702893969	302.9290525706389
9.645138281947093	315.9365359986126
9.678045861000216	329.47777739021
9.710953440053339	343.5745052896164
9.743861019106463	358.2489497760495
9.776768598159586	373.524535442647
9.80967617721271	389.4237493225869
9.842583756265833	405.9720961185726
9.875491335318957	423.1936325289848
9.90839891437208	441.1176771209456
9.941306493425204	459.7705382841336
9.974214072478327	479.1813476179628
10.00712165153145	499.380385243967
10.04002923058457	520.3973056927628
10.0729368096377	542.2648997886472
10.10584438869082	565.0168250507127
10.13875196774394	588.686317097394
10.17165954679707	613.3123791264927
10.20456712585019	638.9311366525405
10.23747470490332	665.581013234749
10.27038228395644	693.3037507028105
10.30328986300956	722.1388251281347
10.33619744206269	752.1314309139008
10.36910502111581	783.3262124783597
10.40201260016893	815.771682836985
10.43492017922206	849.51226093071
10.46782775827518	884.6037265504606
10.5007353373283	921.0966303062954
10.53364291638143	959.0457513674767
10.56655049543455	998.5067214427083
10.59945807448767	1039.53880584976
10.6323656535408	1082.202943865733
10.66527323259392	1126.562902464515
10.69818081164704	1172.68451471637
10.73108839070017	1220.634950351633
10.76399596975329	1270.48685724601
10.79690354880641	1322.312874960973
10.82981112785954	1376.190600508234
10.86271870691266	1432.196654448318
10.89562628596578	1490.414312118745
10.92853386501891	1550.929821041989
10.96144144407203	1613.832161518862
10.99434902312515	1679.212546922969
11.02725660217828	1747.165566065272
11.0601641812314	1817.792440453044
11.09307176028453	1891.195284878929
11.12597933933765	1967.482077515217
11.15888691839077	2046.761164922207
11.1917944974439	2129.148590547913
11.22470207649702	2214.763597085871
11.25760965555014	2303.72950845993
11.29051723460327	2396.177757346813
11.32342481365639	2492.240270913843
11.35633239270951	2592.054652948077
11.38923997176264	2695.767067559044
11.42214755081576	2803.524645991684
11.45505512986888	2915.48399026695
11.48796270892201	3031.804776659351
11.52087028797513	3152.654261822414
11.55377786702825	3278.203552800081
11.58668544608138	3408.653279232061
11.6195930251345	3544.15148467354
11.65250060418762	3684.909715240512
11.68540818324075	3831.128715215681
11.71831576229387	3983.014374316404
11.75122334134699	4140.799334368685
11.78413092040012	4304.680346973349
11.81703849945324	4474.902554812951
11.84994607850637	4651.708399031597
11.88285365755949	4835.346313964033
11.91576123661261	5026.109274407328
11.94866881566574	5224.203462994399
11.98157639471886	5429.939482319264
12.01448397377198	5643.606164604524
12.04739155282511	5865.502226086865
12.08029913187823	6095.967015237954
12.11320671093135	6335.269648664982
12.14611428998448	6583.75790034213
12.1790218690376	6841.74585735003
12.21192944809072	7109.210613454927
12.24483702714385	7388.263964497398
12.27774460619697	7677.253099766953
12.31065218525009	7977.321664407361
12.34355976430322	8288.861800549705
12.37646734335634	8611.989136183569
12.40937492240946	8948.537518701289
12.44228250146259	9297.363761495937
12.47519008051571	9659.529454411713
12.50809765956883	10035.50134328055
12.54100523862196	10425.37854843627
12.57391281767508	10831.62532062712
12.6068203967282	11252.52957782552
12.63972797578133	11689.50337863604
12.67263555483445	12143.12298069582
12.70554313388758	12613.78272843282
12.7384507129407	13104.35264948074
12.77135829199382	13611.06962757635
12.80426587104695	14138.10521755622
12.83717345010007	14685.21324767493
12.87008102915319	15253.08283739939
12.90298860820632	15846.82085552581
12.93589618725944	16455.11034440593
12.96880376631256	17090.50287497904
13.00171134536569	17750.05350765688
13.03461892441881	18434.62598575106
13.06752650347193	19144.65238040703
13.10043408252506	19883.34522906287
13.13334166157818	20649.15137871392
13.1662492406313	21444.0013368566
13.19915681968443	22269.00336867677
13.23206439873755	23125.19194361816
13.26497197779067	23970.09816905868
13.2978795568438	24937.03756921694
13.33078713589692	25894.66533684515
13.36369471495004	26888.55989692977
13.39660229400317	27920.09839386382
13.42950987305629	28990.57824352639
13.46241745210942	30103.28517086996
13.49532503116254	31255.46090196049
13.52823261021566	32452.44563476927
13.56114018926879	33694.68672057875
13.59404776832191	34983.83296446922
13.62695534737503	36321.51418647613
13.65986292642816	37712.15835130999
13.69277050548128	39151.87948973179
13.7256780845344	40647.48281820221
13.75858566358753	42199.56024833404
13.79149324264065	43810.19479878651
13.82440082169377	45481.4310971489
13.8573084007469	47218.60979796161
13.89021597980002	49016.70641951337
13.92312355885314	50884.84718910634
13.95603113790627	52823.22476635631
13.98893871695939	54834.63699831215
14.02184629601251	56921.75060417649
14.05475387506564	59080.54140685794
14.08766145411876	61335.36227562273
14.12056903317188	63667.31066433671
14.15347661222501	66086.97792121957
14.18638419127813	68597.59673024382
14.21929177033125	71202.45496407252
14.25219934938438	73890.3559412257
14.2851069284375	76697.07433359644
14.31801450749063	79606.7320173505
14.35092208654375	82627.23114334316
14.38382966559687	85761.77828840596
14.41673724465	89005.72378577487
14.44964482370312	92381.62028931845
14.48255240275624	95881.90501643867
14.51545998180937	99523.69051214925
14.54836756086249	103299.4491283875
14.58127513991561	107212.3936846812
14.61418271896874	111267.2584554838
14.64709029802186	115493.4887060039
14.67999787707498	119883.4257595418
14.71290545612811	124448.9211588876
14.74581303518123	129183.7244640617
14.77872061423435	134105.153640656
14.81162819328748	139211.3867239733
14.8445357723406	144537.6755369391
14.87744335139372	150080.0059060791
14.91035093044685	155917.136798001
14.94325850949997	161941.7953467565
14.97616608855309	168180.2562028884
15.00907366760622	174684.4137479211
15.04198124665934	181467.3993720633
15.07488882571247	188533.1336552576
15.10779640476559	195938.5944120453
15.14070398381871	203614.6563385597
15.17361156287184	211604.9094698507
15.20651914192496	219945.7103700318
15.23942672097808	228627.8022409708
15.27233430003121	237696.0257583039
15.30524187908433	247226.6119229337
15.33814945813745	257105.2144345812
15.37105703719058	267407.0543754373
15.4039646162437	278161.4028491356
15.43687219529682	289374.3334170387
15.46977977434995	301091.6380720066
15.50268735340307	313396.1994123098
15.53559493245619	326182.291884559
15.56850251150932	339536.1667295824
15.60141009056244	353470.8028449793
15.63431766961556	368034.9190253575
15.66722524866869	383233.6761742646
15.70013282772181	399124.080196367
15.73304040677493	415771.7142850315
15.76594798582806	433121.8802626178
15.79885556488118	451239.566096112
15.8317631439343	470176.8802668038
15.86467072298743	489968.225428306
15.89757830204055	510634.2831712805
15.93048588109368	532313.0176560141
15.9633934601468	554906.1358426394
15.99630103919992	578515.6903337938
16.02920861825305	603177.4580872474
16.06211619730617	628953.4991146653
16.09502377635929	655887.3432439276
16.12793135541242	684011.8421868343
16.16083893446554	713488.284378225
16.19374651351866	744219.7308009601
16.22665409257179	776322.8780697034
16.25956167162491	809846.4497925536
16.29246925067804	844874.0610818025
16.32537682973116	881458.7942136328
16.35828440878428	919652.0686499225
16.39119198783741	959593.2322750302
16.42409956689053	1001256.348802647
16.45700714594365	1044751.202600599
16.48991472499678	1090093.38394861
16.5228223040499	1137542.708557418
16.55572988310302	1187006.299188774
16.58863746215615	1238604.51884694
16.62154504120927	1292534.706448028
16.65445262026239	1348733.622056504
16.68736019931552	1407349.437144799
16.72026777836864	1468481.756070878
16.75317535742176	1532228.75651229
16.78608293647489	1598696.64120273
16.81899051552801	1667981.98958835
16.85189809458113	1740257.543217943
16.88480567363426	1815537.622156129
16.91771325268738	1893967.778300538
16.9506208317405	1975673.379702124
16.98352841079363	2060776.723882004
17.01643598984675	2149402.696412868
17.04934356889988	2241684.280841449
17.082251147953	2337758.121646882
17.11515872700612	2437795.027030608
17.14806630605925	2541866.921677449
17.18097388511237	2650153.048526939
17.21388146416549	2762799.501653238
17.24678904321862	2879970.938083167
17.27969662227174	3001823.277176194
17.31260420132486	3128521.772418011
17.34551178037799	3260243.602852922
17.37841935943111	3397209.633327628
17.41132693848423	3539495.535302704
17.44423451753736	3687328.986980022
17.47714209659048	3840911.074961062
17.5100496756436	4000422.606592068
17.54295725469673	4166073.959364688
17.57586483374985	4338081.000900261
17.60877241280297	4516649.177105605
17.6416799918561	4702057.454625123
17.67458757090922	4894410.59284695
17.70749514996234	5094012.015284844
17.74040272901547	5301074.666635495
17.77331030806859	5515847.003684195
17.80621788712171	5738602.279824182
17.83912546617484	5969586.106608633
17.87203304522796	6209084.353189892
17.90494062428109	6457383.264182178
17.93784820333421	6714678.057078594
17.97075578238733	6981329.825507952
18.00366336144046	7257615.89520728
18.03657094049358	7543922.121821567
18.0694785195467	7840332.913574638
18.10238609859983	8147411.404770011
18.13529367765295	8465422.27651317
18.16820125670607	8794757.130223943
18.2011088357592	9135640.766068032
18.23401641481232	9488477.280417979
18.26692399386544	9853681.976057498
18.29983157291857	10231633.59056461
18.33273915197169	10622711.80904006
18.36564673102481	11027339.01166288
18.39855431007794	11445914.8073251
18.43146188913106	11878872.42082542
18.46436946818418	12326733.75779893
18.49727704723731	12789808.29218821
18.53018462629043	13268621.55895372
18.56309220534355	13763713.94279319
18.59599978439668	14275513.20392312
18.6289073634498	14804521.84852282
18.66181494250293	15351268.35151484
18.69472252155605	15916309.88612864
18.72763010060917	16500192.75582151
18.7605376796623	17103540.60795378
18.79344525871542	17726867.66479107
18.82635283776854	18370769.09509453
18.85926041682167	19035880.66817014
18.89216799587479	19722892.92231255
18.92507557492791	20432353.12709889
18.95798315398104	21164970.8113365
18.99089073303416	21921472.17103722
19.02379831208728	22702579.0254956
19.05670589114041	23508970.88088459
19.08961347019353	24341521.76560822
19.12252104924665	25200873.18122764
19.15542862829978	26087791.33821911
19.1883362073529	27003183.00315322
19.22124378640602	27947703.04074888
19.25415136545915	28922577.99291708
19.28705894451227	29928564.74450598
19.31996652356539	30966529.303546
19.35287410261852	32037447.94788016
19.38578168167164	33142452.04577325
19.41868926072476	34282238.74058795
19.45159683977789	35457878.8041115
19.48450441883101	36670634.41249774
19.51741199788414	37921512.46134724
19.55031957693726	39211750.77588788
19.58322715599038	40542294.2979434
19.61613473504351	41914416.72982291
19.64904231409663	43329417.28477173
19.68194989314975	44788434.42510954
19.71485747220288	46292686.66797189
19.747765051256	47843745.69650942
19.78067263030912	49442887.70942822
19.81358020936225	51091600.15040312
19.84648778841537	52791129.73248765
19.87939536746849	54543463.80640177
19.91230294652162	56349376.80650297
19.94521052557474	58210733.69605029
19.97811810462786	60129003.5825889
20.01102568368099	62106202.84982223
20.04393326273411	64144049.60811206
20.07684084178723	66243980.96616403
20.10974842084036	68407999.2601658
20.14265599989348	70638129.93815348
20.1755635789466	72935881.97222
20.20847115799973	75302566.88519564
20.24137873705285	77741813.56483062
20.27428631610598	80255159.04601686
20.3071938951591	82844649.0129707
20.34010147421222	85512600.69561164
20.37300905326535	88261143.27393658
20.40591663231847	91093145.38536505
20.43882421137159	94010099.03203103
20.47173179042472	97014354.23849685
20.50463936947784	100109558.0100905
20.53754694853096	103298484.5402808
20.57045452758409	106582443.0749159
20.60336210663721	109964928.6005478
20.63626968569033	113448668.3158937
20.66917726474346	117037061.6468519
20.70208484379658	120732249.4410691
20.7349924228497	124536919.2522111
20.76790000190283	128456008.8636155
20.80080758095595	132492212.6344456
20.83371516000907	136648263.2145815
20.8666227390622	140928090.4496548
20.89953031811532	145335042.9941888
20.93243789716844	149873150.118905
20.96534547622157	154545691.0776155
20.99825305527469	159355903.2858232
21.03116063432782	164309521.2121028
21.06406821338094	169410654.7310897
21.09697579243406	174661714.1235985
21.12988337148719	180068221.4411879
21.16279095054031	185634375.2093053
21.19569852959343	191363972.2600645
21.22860610864656	197263693.4372027
21.26151368769968	203336910.1231273
21.2944212667528	209588406.7883846
21.32732884580593	216024473.5830374
21.36023642485905	222650636.9882088
21.39314400391217	229470379.6480059
21.4260515829653	236490576.7836274
21.45895916201842	243716274.5573865
21.49186674107154	251154141.5715683
21.52477432012467	258812973.3884098
21.55768189917779	266692586.0203527
21.59058947823091	274801484.3671796
21.62349705728404	283147843.2073485
21.65640463633716	291738152.7081804
21.68931221539028	300578186.4721833
21.72221979444341	309675322.6227959
21.75512737349653	319036517.6434078
21.78803495254965	328670728.9211533
21.82094253160278	338586627.1349056
21.8538501106559	348784295.1733547
21.88675768970903	359281000.516312
21.91966526876215	370083256.6041335
21.95257284781527	381199566.31308
21.9854804268684	392637110.9006507
22.01838800592152	404405621.9633253
22.05129558497464	416514011.7762852
22.08420316402777	428976069.0441219
22.11711074308089	441795299.348834
22.15001832213401	454982352.1060006
22.18292590118714	468552787.8891286
22.21583348024026	482513331.2495056
22.24874105929338	496876490.2696718
22.28164863834651	511651618.784839
22.31455621739963	526851164.1975743
22.34746379645275	542486275.8518358
22.38037137550588	558573083.4047093
22.413278954559	575118053.8639781
22.44618653361212	592132862.1321807
22.47909411266525	609639325.9950774
22.51200169171837	627636192.5108112
22.54490927077149	646157380.2828069
22.57781684982462	665207563.2799606
22.61072442887774	684802073.7151577
22.64363200793087	704955229.8124502
22.67653958698399	725685723.1303691
22.70944716603711	747005580.850035
22.74235474509024	768928593.6622211
22.77526232414336	791481793.948688
22.80816990319648	814669036.91073
22.84107748224961	838539537.8122892
22.87398506130273	863068420.4750782
22.90689264035585	888289974.7948784
22.93980021940898	914223925.8247881
22.9727077984621	940888704.4108868
23.00561537751522	968308636.5011874
23.03852295656835	996494657.8730372
23.07143053562147	1025477954.568895
23.10433811467459	1055265407.362675
23.13724569372772	1085910995.807146
23.17015327278084	1117370117.409922
23.20306085183396	1149745650.23194
23.23596843088709	1183029533.281583
23.26887600994021	1217247161.516574
23.30178358899333	1252428044.876237
23.33469116804646	1288592245.556257
23.36759874709958	1325765219.617073
23.4005063261527	1363984005.004985
23.43341390520583	1403262433.167897
23.46632148425895	1443668802.256642
23.49922906331208	1485159403.613029
23.5321366423652	1527852822.611403
23.56504422141832	1571710529.619888
23.59795180047145	1616786644.250632
23.63085937952457	1663117044.248799
23.66376695857769	1710726471.047753
23.69667453763082	1759660889.221196
23.72958211668394	1809942423.35977
23.76248969573706	1861640327.576228
23.79539727479019	1914710387.676446
23.82830485384331	1969293021.662979
23.86121243289643	2025386741.288953
23.89412001194956	2082999285.364883
23.92702759100268	2142191633.2713
23.9599351700558	2203005304.220702
23.99284274910893	2265484740.310633
24.02575032816205	2329674032.817811
24.05865790721517	2395606230.90231
24.0915654862683	2463360554.841906
24.12447306532142	2532938058.901787
24.15738064437454	2604438354.703167
24.19028822342767	2677799545.830321
24.22319580248079	2753232648.541351
24.25610338153392	2830724093.304223
24.28901096058704	2910325619.284741
24.32191853964016	2992098180.504536
24.35482611869329	3076089443.673869
24.38773369774641	3162359148.280721
24.42064127679953	3250981998.927362
24.45354885585266	3342034259.121641
24.48645643490578	3435510583.098067
24.5193640139589	3531533701.757846
24.55227159301203	3630163032.362411
24.58517917206515	3731459998.263966
24.61808675111827	3835495426.051347
24.6509943301714	3942337408.915586
24.68390190922452	4052057365.603251
24.71680948827764	4164729231.469034
24.74971706733077	4280420590.9437
24.78262464638389	4399268225.245439
24.81553222543701	4521182188.692152
24.84843980449014	4646667110.834827
24.88134738354326	4775248088.256792
24.91425496259638	4907234306.683208
24.94716254164951	5042708205.67525
24.98007012070263	5181754326.029261
25.01297769975575	5324461383.912174
25.04588527880888	5470918098.478456
25.078792857862	5621222731.698285
25.11170043691513	5775447110.45015
25.14460801596825	5933653955.695383
25.17751559502137	6095981146.27507
25.2104231740745	6262635952.546428
25.24333075312762	6433650400.91797
25.27623833218074	6609135101.52389
25.30914591123387	6789203647.149395
25.34205349028699	6973972600.491095
25.37496106934011	7163562844.204328
25.40786864839324	7358098085.341923
25.44077622744636	7557688164.566333
25.47368380649948	7762487144.073776
25.50659138555261	7972453226.348232
25.53949896460573	8188066870.628828
25.57240654365885	8409310879.270298
25.60531412271198	8636331080.223379
25.6382217017651	8869276563.33312
25.67112928081822	9108299622.554857
25.70403685987135	9353555886.488605
25.73694443892447	9605203975.612123
25.76985201797759	9863405773.328325
25.80275959703072	10128321452.4227
25.83566717608384	10400456221.11086
25.86857475513697	10679303557.96538
25.90148233419009	10965351942.15777
25.93438991324321	11258778177.4416
25.96729749229634	11559763578.57445
26.00020507134946	11868494134.6961
26.03311265040258	12185160682.41253
26.06602022945571	12509959088.69654
26.09892780850883	12843090444.94259
26.13183538756195	13184761272.51388
26.16474296661508	13534906761.04451
26.1976505456682	13894319171.37444
26.23055812472132	14262937906.04335
26.26346570377445	14641004302.36858
26.29637328282757	15028754958.0808
26.32928086188069	15426431985.29853
26.36218844093382	15834282737.93972
26.39509601998694	16252560631.54347
26.42800359904006	16681524830.32727
26.46091117809319	17121440433.31378
26.49381875714631	17572910864.43057
26.52672633619943	18035369942.47551
26.55963391525256	18509789427.64437
26.59254149430568	18996253223.54451
26.6254490733588	19495090744.46344
26.65835665241193	20006583972.47739
26.69126423146505	20531046651.69735
26.72417181051818	21068796320.16023
26.7570793895713	21620157607.96977
26.78998696862442	22185463132.87008
26.82289454767755	22765032092.63305
26.85580212673067	23359446572.54393
26.88870970578379	23968663292.28764
26.92161728483692	24593161643.50549
26.95452486389004	25233411035.8418
26.98743244294316	25889801180.58717
27.02034002199629	26562662162.51301
27.05324760104941	27252420081.74668
27.08615518010253	27959486074.76879
27.11906275915566	28684283509.01334
27.15197033820878	29427366518.40211
27.1848779172619	30188858250.34862
27.21778549631503	30969651767.5682
27.25069307536815	31769284441.4059
27.28360065442127	32589623484.29491
27.3165082334744	33430272675.94374
27.34941581252752	34292010123.55654
27.38232339158064	35175332990.71798
27.41523097063377	36080727496.16029
27.44813854968689	37008771827.26706
27.48104612874002	37959630677.06338
27.51395370779314	38934805114.80567
27.54686128684626	39934174354.09645
27.57976886589939	40959115762.96962
27.61267644495251	42008975852.93803
27.64558402400563	43085494923.7942
27.67849160305876	44188844505.39136
27.71139918211188	45319775664.45129
27.744306761165	46479044016.78756
27.77721434021813	47667249813.74696
27.81012191927125	48885780810.27357
27.84302949832437	50133886862.55346
27.8759370773775	51413577639.56639
27.90884465643062	52724974545.02903
27.94175223548374	54068953946.00478
27.97465981453687	55447257738.65115
28.00756739358999	56858905047.69047
28.04047497264311	58306454246.75054
28.07338255169624	59789843380.94827
28.10629013074936	61310149332.39243
28.13919770980248	62867998648.96105
28.17210528885561	64465585776.24399
28.20501286790873	66102247054.46178
28.23792044696185	67780422136.20389
28.27082802601498	69500429787.86104
28.3037356050681	71263340889.23865
28.33664318412123	73070278654.96577
28.36955076317435	74923063450.28798
28.40245834222747	76821599166.37494
28.4353659212806	78767784538.97821
28.46827350033372	80763650263.04553
28.50118107938684	82808727117.59111
28.53408865843997	84905978249.5349
28.56699623749309	87055031682.32132
28.59990381654621	89258615022.33311
28.63281139559934	91517536860.43056
28.66571897465246	93833329915.28535
28.69862655370558	96207383491.42766
28.73153413275871	98641264002.05144
28.76444171181183	101137324753.7996
28.79734929086495	103695509909.11
28.83025686991808	106318232751.7821
28.8631644489712	109008314710.3477
28.89607202802432	111765498833.743
28.92897960707745	114593726320.0784
28.96188718613057	117492818854.2637
28.99479476518369	120466066947.0294
29.02770234423682	123514837724.7475
29.06060992328994	126641231596.8767
29.09351750234307	129847214796.4943
29.12642508139619	133134927612.742
29.15933266044931	136507343828.3101
29.19224023950244	139965458603.482
29.22514781855556	143512609195.4468
29.25805539760868	147149772677.3132
29.29096297666181	150881198503.9547
29.32387055571493	154709350182.5109
29.35677813476805	158635061821.894
29.38968571382118	162662683989.1069
29.4225932928743	166794223365.9896
29.45550087192742	171032893209.6561
29.48840845098055	175381973213.3984
29.52131603003367	179843310810.3943
29.55422360908679	184420251570.694
29.58713118813992	189117356364.7696
29.62003876719304	193937106013.9813
29.65294634624616	198881726016.548
29.68585392529929	203956198777.8945
29.71876150435241	209164689298.6101
29.75166908340553	214509177441.1968
29.78457666245866	219994632235.807
29.81748424151178	225624187746.9397
29.85039182056491	231403584707.8919
29.88329939961803	237335696277.7269
29.91620697867115	243424956071.101
29.94911455772428	249676173489.591
29.9820221367774	256094171340.4246
30.01492971583052	262684581634.6085
30.04783729488365	269449857577.5114
30.08074487393677	276396779734.5309
30.11365245298989	283531314658.6703
30.14656003204302	290857387394.5114
30.17946761109614	298380260501.84
30.21237519014926	306107656808.4099
30.24528276920239	314044658830.605
30.27819034825551	322196441382.4216
30.31109792730863	330569695365.8887
30.34400550636176	339171059018.7522
30.37691308541488	348007677055.4286
30.409820664468	357086435798.5294
30.44272824352113	366413975284.7661
30.47563582257425	375998916758.4624
30.50854340162737	385846788198.1755
30.5414509806805	395966754980.2515
30.57435855973362	406365519081.5312
30.60726613878674	417052473424.2199
30.64017371783987	428037777591.2263
30.67308129689299	439328619265.6348
30.70598887594612	450933887802.2128
30.73889645499924	462863799113.2361
30.77180403405236	475127704340.4387
30.80471161310549	487735515103.6052
30.83761919215861	500699476806.8992
30.87052677121173	514029212231.4405
30.90343435026486	527735220716.3005
30.93634192931798	541830684456.0623
30.9692495083711	556326445950.3022
31.00215708742423	571233120015.3787
31.03506466647735	586565697596.4341
31.06797224553047	602337610881.0487
31.1008798245836	618560965738.42
31.13378740363672	635249716328.4119
31.16669498268984	652420127444.4607
31.19960256174297	670085071003.7504
31.23251014079609	688261743555.5016
31.26541771984921	706966468314.1094
31.29832529890234	726213498298.1439
31.33123287795546	746020382680.7152
31.36414045700858	766405696887.8644
31.39704803606171	787387929528.5585
31.42995561511483	808984176042.1843
31.46286319416796	831216690066.3519
31.49577077322108	854100508149.7306
31.5286783522742	877659103095.6561
31.56158593132733	901914002588.0007
31.59449351038045	926886033775.5995
31.62740108943357	952599708583.6912
31.6603086684867	979079142988.1714
31.69321624753982	1006346544063.157
31.72612382659294	1034427142603.68
31.75903140564607	1063347663455.093
31.79193898469919	1093133918400.972
31.82484656375231	1123814010103.276
31.85775414280544	1155419224051.484
31.89066172185856	1187977030324.35
31.92356930091168	1221516447062.161
31.95647687996481	1256069276262.024
31.98938445901793	1291670085207.572
32.02229203807106	1328351626287.842
32.05519961712418	1366149428394.374
32.0881071961773	1405099792092.505
32.12101477523043	1445239139394.123
32.15392235428355	1486606606763.354
32.18682993333667	1529241727228.016
32.2197375123898	1573184698984.253
0
1000	0.5109989461	100000000000000.1
5	0	0	1
5	0	0	0
-0.654933961680612	-0
-0.6220263826274882	-0
-0.5891188035743644	-0
-0.5562112245212406	-0
-0.5233036454681168	-0
-0.490396066414993	-0
-0.4574884873618692	-0
-0.4245809083087454	-0
-0.3916733292556216	-0
-0.3587657502024978	-0
-0.325858171149374	-0
-0.2929505920962502	-0
-0.2600430130431264	-0
-0.2271354339900026	-0
-0.1942278549368788	-0
-0.161320275883755	-0
-0.1284126968306312	-0
-0.09550511777750736	-0
-0.06259753872438356	-0
-0.02968995967125975	-0
0.003217619381864059	-0
0.03612519843498787	-0
0.06903277748811168	-0
0.1019403565412355	-0
0.1348479355943593	-0
0.1677555146474831	-0
0.2006630937006069	-0
0.2335706727537307	-0
0.2664782518068545	-0
0.2993858308599783	-0
0.3322934099131021	-0
0.3652009889662259	-0
0.3981085680193497	-0
0.4310161470724735	-0
0.4639237261255973	-0
0.4968313051787211	-0
0.529738884231845	-0
0.5626464632849688	-0
0.5955540423380926	-0
0.6284616213912164	-0
0.6613692004443402	-0
0.694276779497464	-0
0.7271843585505878	-0
0.7600919376037116	-0
0.7929995166568354	-0
0.8259070957099592	-0
0.858814674763083	-0
0.8917222538162068	-0
0.9246298328693306	-0
0.9575374119224545	-0
0.9904449909755783	-0
1.023352570028702	-0
1.056260149081826	-0
1.08916772813495	-0
1.122075307188074	-0
1.154982886241198	-0
1.187890465294322	-0
1.220798044347446	-0
1.253705623400569	-0
1.286613202453693	-0
1.319520781506817	-0
1.352428360559941	-0
1.385335939613065	-0
1.418243518666189	-0
1.451151097719313	-0
1.484058676772437	-0
1.516966255825561	-0
1.549873834878685	-0
1.582781413931809	-0
1.615688992984933	-0
1.648596572038056	-0
1.68150415109118	-0
1.714411730144304	-0
1.747319309197428	-0
1.780226888250552	-0
1.813134467303676	-0
1.8460420463568	-0
1.878949625409924	-0
1.911857204463048	-0
1.944764783516172	-0
1.977672362569296	-0
2.010579941622419	-0
2.043487520675543	-0
2.076395099728667	-0
2.109302678781791	-0
2.142210257834915	-0
2.175117836888039	-0
2.208025415941163	-0
2.240932994994287	-0
2.273840574047411	-0
2.306748153100535	-0
2.339655732153659	-0
2.372563311206783	-0
2.405470890259906	-0
2.43837846931303	-0
2.471286048366154	-0
2.504193627419278	-0
2.537101206472402	-0
2.570008785525526	-0
2.60291636457865	-0
2.635823943631774	-0
2.668731522684898	-0
2.701639101738022	-0
2.734546680791146	-0
2.76745425984427	-0
2.800361838897393	-0
2.833269417950517	-0
2.866176997003641	-0
2.899084576056765	-0
2.931992155109889	-0
2.964899734163013	-0
2.997807313216137	-0
3.030714892269261	-0
3.063622471322385	-0
3.096530050375509	-0
3.129437629428633	-0
3.162345208481756	-0
3.19525278753488	-0
3.228160366588004	-0
3.261067945641128	-0
3.293975524694252	-0
3.326883103747376	-0
3.3597906828005	-0
3.392698261853624	-0
3.425605840906748	-0
3.458513419959872	-0
3.491420999012996	-0
3.52432857806612	-0
3.557236157119243	-0
3.590143736172367	-0
3.623051315225491	-0
3.655958894278615	-0
3.688866473331739	-0
3.721774052384863	-0
3.754681631437987	-0
3.787589210491111	-0
3.820496789544235	-0
3.853404368597359	-0
3.886311947650483	-0
3.919219526703607	-0
3.95212710575673	-1.487135249293395e-05
3.985034684809854	-1.336261234323717e-05
4.017942263862978	-1.066500847349513e-05
4.050849842916102	-6.953654780445377e-06
4.083757421969225	-2.457385361804385e-06
4.116665001022349	-0
4.149572580075472	-0
4.182480159128596	-0
4.215387738181719	-0
4.248295317234843	-0
4.281202896287966	-1.480874635628528e-09
4.314110475341089	-7.467787169980576e-10
4.347018054394213	-1.416613644583547e-10
4.379925633447336	-3.575504274869277e-11
4.41283321250046	-9.993603642239923e-12
4.445740791553583	-8.618234896972969e-06
4.478648370606707	-2.942351650617957e-05
4.51155594965983	-5.528080376034968e-05
4.544463528712954	-8.654284607791308e-05
4.577371107766077	-0.000123567761833729
4.610278686819201	-0.000114778359890744
4.643186265872324	-0.000175332020492495
4.676093844925448	-0.0002412057303481028
4.709001423978571	-0.0003164010186864032
4.741909003031695	-0.0004015288161841243
4.774816582084818	-0.0004967756405162111
4.807724161137942	-0.0006019600048462894
4.840631740191065	-0.0007165765690627931
4.873539319244188	-0.0008401210336887339
4.906446898297312	-0.0009719656897490343
4.939354477350435	-0.001158664071778302
4.972262056403559	-0.001300344921760823
5.005169635456682	-0.001443816653605724
5.038077214509806	-0.001588465031495389
5.070984793562929	-0.001733764155805036
5.103892372616053	-0.001880025017218681
5.136799951669176	-0.002027148028286039
5.1697075307223	-0.002174191641965349
5.202615109775423	-0.002320954325533797
5.235522688828547	-0.002467306313947325
5.26843026788167	-0.002599908097493297
5.301337846934794	-0.002747414634776928
5.334245425987917	-0.002895877503563215
5.367153005041041	-0.003045331817811746
5.400060584094164	-0.003196493468424165
5.432968163147287	-0.003345180380457868
5.465875742200411	-0.003497503565085213
5.498783321253534	-0.003650158352656504
5.531690900306658	-0.003803459591711237
5.564598479359781	-0.003957390313466833
5.597506058412905	-0.004112206847207957
5.630413637466028	-0.004267550540106855
5.663321216519152	-0.004423287261702359
5.696228795572275	-0.004579399004071989
5.729136374625399	-0.004735871153166602
5.762043953678522	-0.004892693020545612
5.794951532731646	-0.005049858138433839
5.827859111784769	-0.00520736441895474
5.860766690837893	-0.005365214233520815
5.893674269891016	-0.005523414444678723
5.92658184894414	-0.005680616218868698
5.959489427997263	-0.005839674187484706
5.992397007050386	-0.005999246569029781
6.02530458610351	-0.006159346631868088
6.058212165156633	-0.006319985932567535
6.091119744209757	-0.006481176694304477
6.12402732326288	-0.006642927246967845
6.156934902316004	-0.006805241449894649
6.189842481369127	-0.006968123701145836
6.222750060422251	-0.007131576691930528
6.255657639475374	-0.007295885619832056
6.288565218528498	-0.00746045493628022
6.321472797581621	-0.007625569459792914
6.354380376634745	-0.007791228009682722
6.387287955687868	-0.007957428957146153
6.420195534740992	-0.008124185720958046
6.453103113794115	-0.008291500556005003
6.486010692847239	-0.008459356353131308
6.518918271900362	-0.008627749309190641
6.551825850953485	-0.008796675064427925
6.584733430006609	-0.008966132944600157
6.617641009059732	-0.0091361090566454
6.650548588112856	-0.009306601193836826
6.683456167165979	-0.009477602821661388
6.716363746219103	-0.00964910693263934
6.749271325272226	-0.009821106064297791
6.78217890432535	-0.009993592317165899
6.815086483378473	-0.01016655737269894
6.847994062431597	-0.01033999251104993
6.88090164148472	-0.01051388862861752
6.913809220537844	-0.01068844738379226
6.946716799590967	-0.01086321727718824
6.979624378644091	-0.01103840107932032
7.012531957697214	-0.0112139902945761
7.045439536750338	-0.01138997699723392
7.078347115803461	-0.01156635383317809
7.111254694856584	-0.01174311402178601
7.144162273909708	-0.01192025135797427
7.177069852962831	-0.01209776021439125
7.209977432015955	-0.01227563554374328
7.242885011069078	-0.01245362884283691
7.275792590122202	-0.01263224669201521
7.308700169175325	-0.01281123977743467
7.341607748228449	-0.01299060313430732
7.374515327281572	-0.01317033138088669
7.407422906334696	-0.01335041873486327
7.440330485387819	-0.01353085902899164
7.473238064440943	-0.01371164572596126
7.506145643494066	-0.01389277193252741
7.53905322254719	-0.01407423041292035
7.571960801600313	-0.01425612805723475
7.604868380653437	-0.01443821747565467
7.63777595970656	-0.01462060600136025
7.670683538759683	-0.01480328623174206
7.703591117812807	-0.01498625094576837
7.73649869686593	-0.01516949310563559
7.769406275919054	-0.01535300585839879
7.802313854972177	-0.01553678253757552
7.835221434025301	-0.01572081666471628
7.868129013078424	-0.0159051019509378
7.901036592131548	-0.01608959474430025
7.933944171184671	-0.01627436949369786
7.966851750237795	-0.01645938008726924
7.999759329290918	-0.01664462026434561
8.032666908344043	-0.01683008393147679
8.065574487397166	-0.0170157651949558
8.098482066450289	-0.01720165838972305
8.131389645503413	-0.01738775810499785
8.164297224556536	-0.01757405920696038
8.19720480360966	-0.01776055685878085
8.230112382662783	-0.01794716906508902
8.263019961715907	-0.01813405307769459
8.29592754076903	-0.0183211278015571
8.328835119822154	-0.01850838916130183
8.361742698875277	-0.01869583308588847
8.394650277928401	-0.01888345551156589
8.427557856981524	-0.01907125238418128
8.460465436034648	-0.01925921966091705
8.493373015087771	-0.01944735331153151
8.526280594140895	-0.01963564931917901
8.559188173194018	-0.01982409409869225
8.592095752247142	-0.02001270538236948
8.625003331300265	-0.02020146707381861
8.657910910353388	-0.02039037485823108
8.690818489406512	-0.02057942453997558
8.723726068459635	-0.02076861204191525
8.756633647512759	-0.02095793340121747
8.789541226565882	-0.02114738476326555
8.822448805619006	-0.02133696237473793
8.855356384672129	-0.02152666257653044
8.888263963725253	-0.02171645980708223
8.921171542778376	-0.02190640146574502
8.9540791218315	-0.02209645409170992
8.986986700884623	-0.02228661429068272
9.019894279937747	-0.02247687883356431
9.05280185899087	-0.02266724460360325
9.085709438043994	-0.02285770856876453
9.118617017097117	-0.02304826776653893
9.15152459615024	-0.02323891929523168
9.184432175203364	-0.02342966030878031
9.217339754256487	-0.0236203874478577
9.250247333309611	-0.02381132104001512
9.283154912362734	-0.02400233828241875
9.316062491415858	-0.02419343370900264
9.348970070468981	-0.02438460250057413
9.381877649522105	-0.02457584048818113
9.414785228575228	-0.02476714415120655
9.447692807628352	-0.02495851061213519
9.480600386681475	-0.02514993762930276
9.513507965734599	-0.02534142358851179
9.546415544787722	-0.02553280951084778
9.579323123840846	-0.02572442483779123
9.612230702893969	-0.02591611141382665
9.645138281947093	-0.02610786870788559
9.678045861000216	-0.0262996960704371
9.710953440053339	-0.02649159272622003
9.743861019106463	-0.02668355776853823
9.776768598159586	-0.02687559015521539
9.80967617721271	-0.02706768870639768
9.842583756265833	-0.02725985210451704
9.875491335318957	-0.02745209464109296
9.90839891437208	-0.0276443800064741
9.941306493425204	-0.02783672465354057
9.974214072478327	-0.02802912755388885
10.00712165153145	-0.02822158773002704
10.04002923058457	-0.0284141042543965
10.0729368096377	-0.02860667624848068
10.10584438869082	-0.02879930288199516
10.13875196774394	-0.02899198337215412
10.17165954679707	-0.02918471698300944
10.20456712585019	-0.02937750672901468
10.23747470490332	-0.02957034424605284
10.27038228395644	-0.02976323263248258
10.30328986300956	-0.02995617136034145
10.33619744206269	-0.03014915996232065
10.36910502111581	-0.03034219803223417
10.40201260016893	-0.03053528522568487
10.43492017922206	-0.03072842126093375
10.46782775827518	-0.03092160591997989
10.5007353373283	-0.03111483904986044
10.53364291638143	-0.0313081221187056
10.56655049543455	-0.03150145189390787
10.59945807448767	-0.0316948299452964
10.6323656535408	-0.03188825640151811
10.66527323259392	-0.03208173147415142
10.69818081164704	-0.03227525546173217
10.73108839070017	-0.03246882875431032
10.76399596975329	-0.03266245183859363
10.79690354880641	-0.03285612530374098
10.82981112785954	-0.03304984984787952
10.86271870691266	-0.03324361921503636
10.89562628596578	-0.03343744898713525
10.92853386501891	-0.03363133330556198
10.96144144407203	-0.03382527336367326
10.99434902312515	-0.03401927047662742
11.02725660217828	-0.03421332609052388
11.0601641812314	-0.03440744179251987
11.09307176028453	-0.0346016193220438
11.12597933933765	-0.0347958605832425
11.15888691839077	-0.03499016765881913
11.1917944974439	-0.03518439407692522
11.22470207649702	-0.03537884856691065
11.25760965555014	-0.03557339066966037
11.29051723460327	-0.03576802319848459
11.32342481365639	-0.03596274831571363
11.35633239270951	-0.03615756744536286
11.38923997176264	-0.03635248119968681
11.42214755081576	-0.03654748932360949
11.45505512986888	-0.03674259066043939
11.48796270892201	-0.03693778314141424
11.52087028797513	-0.03713403227475113
11.55377786702825	-0.03732923370507035
11.58668544608138	-0.03752447490067599
11.6195930251345	-0.03771976325030068
11.65250060418762	-0.03791510510466883
11.68540818324075	-0.03811050637912718
11.71831576229387	-0.03830597292555468
11.75122334134699	-0.03850151078871107
11.78413092040012	-0.03869712640525722
11.81703849945324	-0.03889282677761846
11.84994607850637	-0.03908917983837051
11.88285365755949	-0.03928509146765406
11.91576123661261	-0.03948105883186673
11.94866881566574	-0.03967706859206423
11.98157639471886	-0.03987309254937659
12.01448397377198	-0.04006906847139782
12.04739155282511	-0.04026484272156303
12.08029913187823	-0.04045994252563939
12.11320671093135	-0.04065201286102198
12.14611428998448	-0.04043982657116433
12.1790218690376	-0.04105535440736383
12.21192944809072	-0.04125319963971174
12.24483702714385	-0.04145128442549386
12.27774460619697	-0.04164961700158452
12.31065218525009	-0.04184820511487305
12.34355976430322	-0.04204705589481796
12.37646734335634	-0.04224617571672062
12.40937492240946	-0.04244557005690527
12.44228250146259	-0.04264524334142603
12.47519008051571	-0.04284519879039537
12.50809765956883	-0.04304594154628887
12.54100523862196	-0.04324642363025877
12.57391281767508	-0.0434471449401696
12.6068203967282	-0.04364810591730905
12.63972797578133	-0.04384930746090774
12.67263555483445	-0.04405075089882784
12.70554313388758	-0.04425243796302727
12.7384507129407	-0.04445437076917191
12.77135829199382	-0.04465655179987561
12.80426587104695	-0.0448589838911324
12.83717345010007	-0.04506163310204742
12.87008102915319	-0.04526458078375553
12.90298860820632	-0.04546779307349049
12.93589618725944	-0.04567127375993703
12.96880376631256	-0.04587502681799305
13.00171134536569	-0.04607905641147229
13.03461892441881	-0.04628336689651616
13.06752650347193	-0.04648796282570642
13.10043408252506	-0.04669284895287019
13.13334166157818	-0.04689803023857715
13.1662492406313	-0.04710338532069509
13.19915681968443	-0.04730918235396511
13.23206439873755	-0.04751530200527612
13.26497197779067	-0.04772174947321207
13.2978795568438	-0.04792852958852944
13.33078713589692	-0.04813564677785967
13.36369471495004	-0.04834310502406664
13.39660229400317	-0.04855090782308701
13.42950987305629	-0.04875905813708619
13.46241745210942	-0.04896755834377567
13.49532503116254	-0.04917620703525368
13.52823261021566	-0.04938542273104627
13.56114018926879	-0.04959501080931566
13.59404776832191	-0.04980497107759744
13.62695534737503	-0.05001530143425328
13.65986292642816	-0.05022599756367021
13.69277050548128	-0.0504370525757579
13.7256780845344	-0.05064845657974863
13.75858566358753	-0.05086019618049147
13.79149324264065	-0.05107225388330493
13.82440082169377	-0.05128523624528444
13.8573084007469	-0.05149771569863366
13.89021597980002	-0.05171039630180348
13.92312355885314	-0.05192327284913689
13.95603113790627	-0.05213633912426859
13.98893871695939	-0.05234958513474632
14.02184629601251	-0.05256299294277009
14.05475387506564	-0.05277653020000588
14.08766145411876	-0.05299013978391791
14.12056903317188	-0.05320372251575248
14.15347661222501	-0.05336861456331174
14.18638419127813	-0.05358487800728093
14.21929177033125	-0.05380292935383834
14.25219934938438	-0.05402294627488445
14.2851069284375	-0.05424514197922416
14.31801450749063	-0.05446976382042832
14.35092208654375	-0.05469709566879273
14.38382966559687	-0.054927462768495
14.41673724465	-0.05516123878177681
14.44964482370312	-0.05539885519220656
14.48255240275624	-0.05562476771275561
14.51545998180937	-0.05587238764702862
14.54836756086249	-0.05612713781798141
14.58127513991561	-0.05638998841203206
14.61418271896874	-0.05666206381903474
14.64709029802186	-0.05694467531654084
14.67999787707498	-0.05723935875565322
14.71290545612811	-0.05754791676712728
14.74581303518123	-0.05787246375909405
14.77872061423435	-0.05821546969143296
14.81162819328748	-0.05869324729729265
14.8445357723406	-0.05908459155114869
14.87744335139372	-0.05949128815357525
14.91035093044685	-0.05991361014584554
14.94325850949997	-0.06035181518441041
14.97616608855309	-0.06080614340656468
15.00907366760622	-0.06127681518175884
15.04198124665934	-0.06176402875330645
15.07488882571247	-0.06226795777685393
15.10779640476559	-0.06278874876373489
15.14070398381871	-0.06333022512632475
15.17361156287184	-0.06388476901386443
15.20651914192496	-0.06445609525764928
15.23942672097808	-0.06504423632019182
15.27233430003121	-0.06564920213365412
15.30524187908433	-0.06627097827834209
15.33814945813745	-0.06690952415221262
15.37105703719058	-0.06756477114133744
15.4039646162437	-0.06823662080224736
15.43687219529682	-0.06892494306803716
15.46977977434995	-0.06963220372225951
15.50268735340307	-0.07035273096348728
15.53559493245619	-0.07108890331715846
15.56850251150932	-0.07184046540766527
15.60141009056244	-0.07260713474625188
15.63431766961556	-0.07338860077705707
15.66722524866869	-0.07418452400492197
15.70013282772181	-0.07499453521450405
15.73304040677493	-0.075818234790289
15.76594798582806	-0.0766551921470439
15.79885556488118	-0.07750716981893617
15.8317631439343	-0.07836903357078123
15.86467072298743	-0.07924248250831945
15.89757830204055	-0.08012697687998833
15.93048588109368	-0.08102195524978947
15.9633934601468	-0.08192683486013733
15.99630103919992	-0.08284101212396701
16.02920861825305	-0.08376386324899826
16.06211619730617	-0.08469474499634487
16.09502377635929	-0.08563299557489032
16.12793135541242	-0.08657822297455489
16.16083893446554	-0.08752911814753837
16.19374651351866	-0.08848527685565717
16.22665409257179	-0.08944598085944903
16.25956167162491	-0.09041050050210682
16.29246925067804	-0.09137809600966453
16.32537682973116	-0.09234801888690909
16.35828440878428	-0.09331951340473077
16.39119198783741	-0.09429181817395026
16.42409956689053	-0.09526416779999773
16.45700714594365	-0.09623539780254541
16.48991472499678	-0.09720555004683389
16.5228223040499	-0.09817348526940116
16.55572988310302	-0.09913844140403576
16.58863746215615	-0.1000996588719453
16.62154504120927	-0.1010563820928806
16.65445262026239	-0.1020078610193666
16.68736019931552	-0.1029533526870028
16.72026777836864	-0.1038921227736631
16.75317535742176	-0.1048234471603308
16.78608293647489	-0.1057471767903852
16.81899051552801	-0.1066614256895388
16.85189809458113	-0.1075660894944823
16.88480567363426	-0.1084605076148611
16.91771325268738	-0.1093440390447294
16.9506208317405	-0.1102160635585131
16.98352841079363	-0.1110759828684293
17.01643598984675	-0.1119232217379206
17.04934356889988	-0.1127572290460092
17.082251147953	-0.1135774787978506
17.11515872700612	-0.1143829670137442
17.14806630605925	-0.1151742557796509
17.18097388511237	-0.11595041876516
17.21388146416549	-0.116711039238657
17.24678904321862	-0.1174557263724823
17.27969662227174	-0.1181841154935896
17.31260420132486	-0.1188958682827477
17.34551178037799	-0.1195906729209885
17.37841935943111	-0.1202682441824322
17.41132693848423	-0.1209283234730082
17.44423451753736	-0.1215701546621459
17.47714209659048	-0.1221946084719374
17.5100496756436	-0.1228010059368305
17.54295725469673	-0.1233891939708959
17.57586483374985	-0.1239590419560289
17.60877241280297	-0.1245104411446164
17.6416799918561	-0.1250433040477678
17.67458757090922	-0.1255575638087061
17.70749514996234	-0.1260531735613024
17.74040272901547	-0.1265301057740699
17.77331030806859	-0.1269894905106382
17.80621788712171	-0.1274289414838697
17.83912546617484	-0.127849652261649
17.87203304522796	-0.1282516786835138
17.90494062428109	-0.12863509608695
17.93784820333421	-0.128999998455387
17.97075578238733	-0.1293464975982311
18.00366336144046	-0.1296747223573291
18.03657094049358	-0.1299848178355497
18.0694785195467	-0.130276944644206
18.10238609859983	-0.1305508685416371
18.13529367765295	-0.1308075144314775
18.16820125670607	-0.1310468582526204
18.2011088357592	-0.131269120088314
18.23401641481232	-0.1314745222936405
18.26692399386544	-0.1316632897633818
18.29983157291857	-0.1318356498427523
18.33273915197169	-0.131991832043849
18.36564673102481	-0.1321320676534638
18.39855431007794	-0.1322565892797827
18.43146188913106	-0.1323668423170707
18.46436946818418	-0.132460526252925
18.49727704723731	-0.1325390957761812
18.53018462629043	-0.1326027944310891
18.56309220534355	-0.1326518695499042
18.59599978439668	-0.1326865718055899
18.6289073634498	-0.1327071547779584
18.66181494250293	-0.1327138745344856
18.69472252155605	-0.1327069892271379
18.72763010060917	-0.1326867587067237
18.7605376796623	-0.1326546146761981
18.79344525871542	-0.1326083737613006
18.82635283776854	-0.1325494745287911
18.85926041682167	-0.1324781906749848
18.89216799587479	-0.1323948012606338
18.92507557492791	-0.1322995904467741
18.95798315398104	-0.1321928472403451
18.99089073303416	-0.1320748652497631
19.02379831208728	-0.1319459424505897
19.05670589114041	-0.1318063809613959
19.08961347019353	-0.1316534370418232
19.12252104924665	-0.131493789383259
19.15542862829978	-0.1313246912496614
19.1883362073529	-0.1311464334188044
19.22124378640602	-0.1309592965368452
19.25415136545915	-0.1307635509247597
19.28705894451227	-0.1305594563996386
19.31996652356539	-0.1303472621103066
19.35287410261852	-0.1301272063867226
19.38578168167164	-0.129899516602619
19.41868926072476	-0.1296654389113423
19.45159683977789	-0.1294230201461232
19.48450441883101	-0.1291735026488155
19.51741199788414	-0.1289170722721649
19.55031957693726	-0.1286539119186965
19.58322715599038	-0.1283841980945248
19.61613473504351	-0.1281081004207567
19.64904231409663	-0.1278257814929815
19.68194989314975	-0.1275373968199607
19.71485747220288	-0.1272430947893375
19.747765051256	-0.126946491173718
19.78067263030912	-0.1266404629692157
19.81358020936225	-0.1263286249947787
19.84648778841537	-0.1260111267414481
19.87939536746849	-0.1256881256134489
19.91230294652162	-0.1253597869534173
19.94521052557474	-0.1250262840685937
19.97811810462786	-0.1246877982580817
20.01102568368099	-0.1243445188412699
20.04393326273411	-0.1239966431875188
20.07684084178723	-0.1236391725103187
20.10974842084036	-0.1232831897460137
20.14265599989348	-0.1229236930423656
20.1755635789466	-0.1225608678704008
20.20847115799973	-0.1221948853141558
20.24137873705285	-0.1218259020763588
20.27428631610598	-0.1214540604904408
20.3071938951591	-0.1210794885384689
20.34010147421222	-0.120702299874666
20.37300905326535	-0.1203225938542728
20.40591663231847	-0.1199443655445165
20.43882421137159	-0.1195595269663228
20.47173179042472	-0.119172050315457
20.50463936947784	-0.1187820086572944
20.53754694853096	-0.1183894772571391
20.57045452758409	-0.1179945336099425
20.60336210663721	-0.1175972574614274
20.63626968569033	-0.1171977308120936
20.66917726474346	-0.1167960378848683
20.70208484379658	-0.1163922650084085
20.7349924228497	-0.1159867491280076
20.76790000190283	-0.1155793469181617
20.80080758095595	-0.1151702010065423
20.83371516000907	-0.1147593981099613
20.8666227390622	-0.1143470235072738
20.89953031811532	-0.1139331609454729
20.93243789716844	-0.1135178925581466
20.96534547622157	-0.1131012987956941
20.99825305527469	-0.1126834583666774
21.03116063432782	-0.1122644481896639
21.06406821338094	-0.1118426800099927
21.09697579243406	-0.1114217010374656
21.12988337148719	-0.1109999131565214
21.16279095054031	-0.1105773716157546
21.19569852959343	-0.1101541225310141
21.22860610864656	-0.1097302028802338
21.26151368769968	-0.1093056405066317
21.2944212667528	-0.1088804541293469
21.32732884580593	-0.1084546533606403
21.36023642485905	-0.1080282387288431
21.39314400391217	-0.107605504060824
21.4260515829653	-0.1071774443990992
21.45895916201842	-0.1067483538601286
21.49186674107154	-0.1063182340824552
21.52477432012467	-0.1058870963891706
21.55768189917779	-0.1054549618260648
21.59058947823091	-0.1050218611981548
21.62349705728404	-0.1045878351039481
21.65640463633716	-0.1041529339666707
21.68931221539028	-0.1037172180614935
21.72221979444341	-0.103276154494475
21.75512737349653	-0.1028394351550417
21.78803495254965	-0.1024025318750433
21.82094253160278	-0.1019655061463037
21.8538501106559	-0.1015284097521487
21.88675768970903	-0.1010912847420243
21.91966526876215	-0.1006541633659085
21.95257284781527	-0.1002170679360278
21.9854804268684	-0.09978001055015191
22.01838800592152	-0.09934299253312666
22.05129558497464	-0.09890730390338981
22.08420316402777	-0.09847019320832733
22.11711074308089	-0.09803280217864958
22.15001832213401	-0.09759513328374199
22.18292590118714	-0.09715719364220818
22.21583348024026	-0.09671899588582344
22.24874105929338	-0.09628055856854577
22.28164863834651	-0.0958419063848837
22.31455621739963	-0.09540307029947395
22.34746379645275	-0.09496408763158885
22.38037137550588	-0.09452017955427372
22.413278954559	-0.0940814782772474
22.44618653361212	-0.09364318564606555
22.47909411266525	-0.09320532220215431
22.51200169171837	-0.09276789484130324
22.54490927077149	-0.09233089682251634
22.57781684982462	-0.09189430777724247
22.61072442887774	-0.09145809371883497
22.64363200793087	-0.09102220705212087
22.67653958698399	-0.09058658658298507
22.70944716603711	-0.09015952221314522
22.74235474509024	-0.08972344784574401
22.77526232414336	-0.08928666822231718
22.80816990319648	-0.08884914062083295
22.84107748224961	-0.08841084454554278
22.87398506130273	-0.08797178173411922
22.90689264035585	-0.08753197616420208
22.93980021940898	-0.08709147405934486
22.9727077984621	-0.08665034389436961
23.00561537751522	-0.08620867640015024
23.03852295656835	-0.08575706195790268
23.07143053562147	-0.08531552870757815
23.10433811467459	-0.08487467010520738
23.13724569372772	-0.08443458370283535
23.17015327278084	-0.08399534825379733
23.20306085183396	-0.08355702372132663
23.23596843088709	-0.08311965128684055
23.26887600994021	-0.08268325335791943
23.30178358899333	-0.08224783357599369
23.33469116804646	-0.08181337682375361
23.36759874709958	-0.08138460669302167
23.4005063261527	-0.08095153215405343
23.43341390520583	-0.08051886003382612
23.46632148425895	-0.0800865413369283
23.49922906331208	-0.07965452886116942
23.5321366423652	-0.07922277720023972
23.56504422141832	-0.07879124274616765
23.59795180047145	-0.07835988369158851
23.63085937952457	-0.07792866003183732
23.66376695857769	-0.07749753356687764
23.69667453763082	-0.07706997844854474
23.72958211668394	-0.07663862650007074
23.76248969573706	-0.07620697078173928
23.79539727479019	-0.07577501064765668
23.82830485384331	-0.07534276240466445
23.86121243289643	-0.0749102593109829
23.89412001194956	-0.07447755157474895
23.92702759100268	-0.07404470635245591
23.9599351700558	-0.07361180774730224
23.99284274910893	-0.07317895680745662
24.02575032816205	-0.07273885111932898
24.05865790721517	-0.07230712697442924
24.0915654862683	-0.07187648351495261
24.12447306532142	-0.07144702546239273
24.15738064437454	-0.07101884247037896
24.19028822342767	-0.07059200912788884
24.22319580248079	-0.07016658496241759
24.25610338153392	-0.06974261444310695
24.28901096058704	-0.06932012698383545
24.32191853964016	-0.06889913694627271
24.35482611869329	-0.06847923211833341
24.38773369774641	-0.06806125644855021
24.42064127679953	-0.06764476584262513
24.45354885585266	-0.06722971092905912
24.48645643490578	-0.06681602552410126
24.5193640139589	-0.0664036266349218
24.55227159301203	-0.06599241446276168
24.58517917206515	-0.06558227240605988
24.61808675111827	-0.06517306706355983
24.6509943301714	-0.06476464823739631
24.68390190922452	-0.06436919369435727
24.71680948827764	-0.06396073122812687
24.74971706733077	-0.0635514588084823
24.78262464638389	-0.06314126570010141
24.81553222543701	-0.06273007762708029
24.84843980449014	-0.06231785676701791
24.88134738354326	-0.06190460174508666
24.91425496259638	-0.06149034762809003
24.94716254164951	-0.06107516591850842
24.98007012070263	-0.06065916454853483
25.01297769975575	-0.0602339278521916
25.04588527880888	-0.05981751864500717
25.078792857862	-0.05940155679757288
25.11170043691513	-0.05898622197035778
25.14460801596825	-0.05857169330570031
25.17751559502137	-0.05815814942797748
25.2104231740745	-0.05774576844376843
25.24333075312762	-0.0573347279420132
25.27623833218074	-0.05692520499416682
25.30914591123387	-0.05651737615434892
25.34205349028699	-0.0561043991717305
25.37496106934011	-0.05570111089733826
25.40786864839324	-0.05530063747013654
25.44077622744636	-0.05490309276113826
25.47368380649948	-0.05450855985605892
25.50659138555261	-0.05411709106051011
25.53949896460573	-0.05372870790518981
25.57240654365885	-0.05334340115106976
25.60531412271198	-0.05296113079457943
25.6382217017651	-0.05258182607278734
25.67112928081822	-0.0522156054402864
25.70403685987135	-0.0518409869235642
25.73694443892447	-0.05146807200936449
25.76985201797759	-0.05109675521640141
25.80275959703072	-0.05072694440684518
25.83566717608384	-0.05035856078411166
25.86857475513697	-0.04999153889065075
25.90148233419009	-0.04962582660573363
25.93438991324321	-0.04926138514323888
25.96729749229634	-0.04889818904943767
26.00020507134946	-0.04853370246203929
26.03311265040258	-0.04817319872173603
26.06602022945571	-0.04781415762485034
26.09892780850883	-0.04745658522816194
26.13183538756195	-0.04710049002531512
26.16474296661508	-0.04674588294642141
26.1976505456682	-0.0463927773576619
26.23055812472132	-0.04604118906088859
26.26346570377445	-0.04569113629322544
26.29637328282757	-0.04534263972666883
26.32928086188069	-0.04499478270394314
26.36218844093382	-0.04464955394919656
26.39509601998694	-0.04430603757866513
26.42800359904006	-0.04396425588332817
26.46091117809319	-0.04362422953399665
26.49381875714631	-0.04328597758158926
26.52672633619943	-0.04294951745740828
26.55963391525256	-0.04261486497341484
26.59254149430568	-0.04228203432250408
26.6254490733588	-0.04195103807877981
26.65835665241193	-0.04162216319954897
26.69126423146505	-0.04129484244952245
26.72417181051818	-0.04096936075224705
26.7570793895713	-0.04064572659316049
26.78998696862442	-0.04032394803062517
26.82289454767755	-0.04000403269600206
26.85580212673067	-0.03968598779372431
26.88870970578379	-0.03936982010137077
26.92161728483692	-0.03905553596973933
26.95452486389004	-0.0387431413229201
26.98743244294316	-0.03843323270266609
27.02034002199629	-0.03812458047755941
27.05324760104941	-0.03781778291126792
27.08615518010253	-0.03751284932647754
27.11906275915566	-0.03720979116860155
27.15197033820878	-0.03690862200542702
27.1848779172619	-0.03660935752676096
27.21778549631503	-0.03631201554407661
27.25069307536815	-0.03601661599015975
27.28360065442127	-0.03572318091875498
27.3165082334744	-0.03543035346129982
27.34941581252752	-0.03514104493619302
27.38232339158064	-0.03485389669834359
27.41523097063377	-0.03456892735408541
27.44813854968689	-0.03428615167274348
27.48104612874002	-0.03400558058727577
27.51395370779314	-0.03372722119491464
27.54686128684626	-0.03345107675780824
27.57976886589939	-0.0331771467036617
27.61267644495251	-0.03290542662637821
27.64558402400563	-0.03263730497478161
27.67849160305876	-0.03236985197026628
27.71139918211188	-0.03210445448207296
27.744306761165	-0.03184110483813266
27.77721434021813	-0.03157979755945228
27.81012191927125	-0.03132052935974849
27.84302949832437	-0.03106329914508183
27.8759370773775	-0.03080810801349059
27.90884465643062	-0.03055495925462503
27.94175223548374	-0.03030385834938151
27.97465981453687	-0.03005394785020642
28.00756739358999	-0.02980704486941602
28.04047497264311	-0.02956229257114309
28.07338255169624	-0.02931969772580337
28.10629013074936	-0.02907926556211967
28.13919770980248	-0.0288409997673794
28.17210528885561	-0.02860490248769227
28.20501286790873	-0.02837097432824781
28.23792044696185	-0.02813921435357283
28.27082802601498	-0.02790962008778885
28.3037356050681	-0.02768269080498703
28.33664318412123	-0.02745736956703845
28.36955076317435	-0.02723415476113875
28.40245834222747	-0.02701304209914458
28.4353659212806	-0.02679402792439732
28.46827350033372	-0.02657710921161768
28.50118107938684	-0.02636228356680035
28.53408865843997	-0.02614954922710864
28.56699623749309	-0.02593890506076921
28.59990381654621	-0.02573035056696665
28.63281139559934	-0.02552365118960463
28.66571897465246	-0.02531929795306843
28.69862655370558	-0.02511705654022347
28.73153413275871	-0.02491692694611236
28.76444171181183	-0.02471890878404834
28.79734929086495	-0.02452300128567905
28.83025686991808	-0.02432920330105026
28.8631644489712	-0.02413751329866962
28.89607202802432	-0.02394792936557033
28.92897960707745	-0.02376044920737489
28.96188718613057	-0.02357495273146163
28.99479476518369	-0.02339168216685102
29.02770234423682	-0.02321051614688912
29.06060992328994	-0.02303144983809505
29.09351750234307	-0.02285447751949621
29.12642508139619	-0.02267959258277639
29.15933266044931	-0.02250678753242372
29.19224023950244	-0.02233605398587872
29.22514781855556	-0.02216738267368224
29.25805539760868	-0.02200076343962337
29.29096297666181	-0.02183647859485174
29.32387055571493	-0.02167390338834407
29.35677813476805	-0.02151331963648671
29.38968571382118	-0.02135471617115711
29.4225932928743	-0.02119808220340633
29.45550087192742	-0.02104340732339605
29.48840845098055	-0.02089068150033531
29.52131603003367	-0.02073989508241747
29.55422360908679	-0.02059103879675709
29.58713118813992	-0.02044410374932679
29.62003876719304	-0.02029886430715933
29.65294634624616	-0.02015576589663835
29.68585392529929	-0.02001458269632392
29.71876150435241	-0.01987530545180538
29.75166908340553	-0.01973792435082242
29.78457666245866	-0.01960242902335817
29.81748424151178	-0.01946880854173218
29.85039182056491	-0.01933705142069329
29.88329939961803	-0.01920714561751267
29.91620697867115	-0.01907907853207671
29.94911455772428	-0.01895289912345578
29.9820221367774	-0.01882846391460157
30.01492971583052	-0.01870582102088937
30.04783729488365	-0.01858495615007783
30.08074487393677	-0.0184658547209031
30.11365245298989	-0.0183485018631271
30.14656003204302	-0.01823288241758559
30.17946761109614	-0.01811898093623646
30.21237519014926	-0.01800678168220778
30.24528276920239	-0.01789626862984604
30.27819034825551	-0.01778756874735036
30.31109792730863	-0.01768036611172975
30.34400550636176	-0.01757478773806966
30.37691308541488	-0.01747081768356248
30.409820664468	-0.01736844033481339
30.44272824352113	-0.01726764040778544
30.47563582257425	-0.01716840294774482
30.50854340162737	-0.01707071332920592
30.5414509806805	-0.01697455725587655
30.57435855973362	-0.01687992076060314
30.60726613878674	-0.0167867080684764
30.64017371783987	-0.01669507745579757
30.67308129689299	-0.01660493344783804
30.70598887594612	-0.01651626268405913
30.73889645499924	-0.01642905177854412
30.77180403405236	-0.01634328732000248
30.80471161310549	-0.01625895587177404
30.83761919215861	-0.01617604397183318
30.87052677121173	-0.01609453813279295
30.90343435026486	-0.01601442484190932
30.93634192931798	-0.01593563785301867
30.9692495083711	-0.01585827371078604
31.00215708742423	-0.01578226588872613
31.03506466647735	-0.01570760031748256
31.06797224553047	-0.01563426267504204
31.1008798245836	-0.01556223838677646
31.13378740363672	-0.01549151262548503
31.16669498268984	-0.01542207031143644
31.19960256174297	-0.01535389611241094
31.23251014079609	-0.01528697444374241
31.26541771984921	-0.01522137401894529
31.29832529890234	-0.01515690212087142
31.33123287795546	-0.01509362732671346
31.36414045700858	-0.01503153377268299
31.39704803606171	-0.01497060570740727
31.42995561511483	-0.01491082749191035
31.46286319416796	-0.01485218359959409
31.49577077322108	-0.01479465861621923
31.5286783522742	-0.01473823723988655
31.56158593132733	-0.01468290428101794
31.59449351038045	-0.01462864466233752
31.62740108943357	-0.01457544341885282
31.6603086684867	-0.0145232856978359
31.69321624753982	-0.01447215675880455
31.72612382659294	-0.01442204197350342
31.75903140564607	-0.01437292682588528
31.79193898469919	-0.01432479691209217
31.82484656375231	-0.01427763794043664
31.85775414280544	-0.01423143573138295
31.89066172185856	-0.01418617621752836
31.92356930091168	-0.01414184544358429
31.95647687996481	-0.01409842956635767
31.98938445901793	-0.01405591485473212
32.02229203807106	-0.01401428768964929
32.05519961712418	-0.0139735345640901
32.0881071961773	-0.01393364208305607
32.12101477523043	-0.01389459696355054
32.15392235428355	-0.01385638603456007
32.18682993333667	-0.01381899623703571
32.2197375123898	-0.0137824146238743
