0
1000	1.0219978922	100000000000000.1
5	0	0	1
5	0	0	0
0.03786664528905326	5.6500099306123e-06
0.07008107716161713	1.565905893222312e-05
0.102295509034181	2.31554409412896e-05
0.1345099409067449	2.728707101209719e-05
0.1667243727793087	2.786642025223986e-05
0.1989388046518726	2.786744546923107e-05
0.2311532365244365	2.786840318458884e-05
0.2633676683970003	2.786884293368638e-05
0.2955821002695642	2.786592800454957e-05
0.3277965321421281	2.787153573892638e-05
0.360010964014692	2.787180346698188e-05
0.3922253958872559	2.787299667950106e-05
0.4244398277598198	2.787365128958552e-05
0.4566542596323837	2.786555323635381e-05
0.4888686915049476	2.874124592388431e-05
0.5210831233775115	4.916884578626148e-05
0.5532975552500754	0.0001023730376029882
0.5855119871226393	0.0001951756172431949
0.6177264189952032	0.0003354558374807449
0.6499408508677671	0.0005333987259348404
0.682155282740331	0.0007999926948942796
0.7143697146128949	0.001137109251390671
0.7465841464854588	0.001554363228443509
0.7787985783580227	0.002060140780539603
0.8110130102305866	0.002662233388553111
0.8432274421031505	0.003369356134624867
0.8754418739757144	0.004188842967164568
0.9076563058482783	0.005129663536097348
0.9398707377208422	0.006201946852486712
0.9720851695934061	0.007415793328458919
1.00429960146597	0.008788699662919402
1.036514033338534	0.01032358543760599
1.068728465211098	0.01202248683172032
1.100942897083662	0.01389778878044666
1.133157328956226	0.01594806490924613
1.165371760828789	0.018185196127855
1.197586192701353	0.02061290495014729
1.229800624573917	0.02325002712618278
1.262015056446481	0.02610247212809069
1.294229488319045	0.02916232584799253
1.326443920191609	0.03245990014204787
1.358658352064173	0.03598009518448239
1.390872783936737	0.03975679118092052
1.423087215809301	0.04377651946664757
1.455301647681865	0.04806943268292192
1.487516079554428	0.05263780807471775
1.519730511426992	0.05749316657316941
1.551944943299556	0.06264774117006593
1.58415937517212	0.06810548546992498
1.616373807044684	0.07388522812589055
1.648588238917248	0.08000326999553803
1.680802670789812	0.0864624011012813
1.713017102662376	0.09326331173228151
1.74523153453494	0.1004559927755993
1.777445966407504	0.1080300197735458
1.809660398280067	0.116006534390404
1.841874830152631	0.1243967563670239
1.874089262025195	0.1332138116818705
1.906303693897759	0.1424857443604284
1.938518125770323	0.1522213995763209
1.970732557642887	0.1624247419851735
2.002946989515451	0.1731447609495521
2.035161421388014	0.1843817197484876
2.067375853260578	0.1961393917087277
2.099590285133142	0.208467753269941
2.131804717005705	0.2213584410148756
2.164019148878269	0.23486197065804
2.196233580750833	0.2490003495562544
2.228448012623396	0.2637527858962201
2.26066244449596	0.2791831074479498
2.292876876368524	0.2953043823593601
2.325091308241087	0.312147348516899
2.357305740113651	0.329715126089644
2.389520171986215	0.348066732739243
2.421734603858778	0.3672183463614242
2.453949035731342	0.3871895873982781
2.486163467603906	0.4080262317848315
2.518377899476469	0.4297379978347302
2.550592331349033	0.4523611713003917
2.582806763221597	0.4759585049920979
2.61502119509416	0.5005296061205976
2.647235626966724	0.5261402633192884
2.679450058839288	0.5527816577520378
2.711664490711851	0.5805253480221683
2.743878922584415	0.609408274491737
2.776093354456979	0.639470136042542
2.808307786329542	0.6707385256695101
2.840522218202106	0.7032895164006938
2.87273665007467	0.7371186710819313
2.904951081947234	0.7723044886726735
2.937165513819797	0.8089201739010123
2.969379945692361	0.8469427572586684
3.001594377564925	0.886475977950089
3.033808809437488	0.9275573096573984
3.066023241310052	0.9702637799157197
3.098237673182616	1.014624374452836
3.130452105055179	1.060692019229148
3.162666536927743	1.108549073205209
3.194880968800307	1.15826931095477
3.22709540067287	1.209867003664175
3.259309832545434	1.263447636346403
3.291524264417998	1.31908750232121
3.323738696290561	1.376843655635138
3.355953128163125	1.436769136939706
3.388167560035689	1.498958295186792
3.420381991908252	1.563487919026616
3.452596423780816	1.630443473701652
3.48481085565338	1.699899547108767
3.517025287525943	1.771957483661502
3.549239719398507	1.846675182361036
3.581454151271071	1.924175713061419
3.613668583143634	2.004566078240608
3.645883015016198	2.087899151990533
3.678097446888762	2.174290541034799
3.710311878761325	2.263855613766069
3.742526310633889	2.356700963243381
3.774740742506453	2.452941182053435
3.806955174379016	2.552689851029041
3.83916960625158	2.656043626298123
3.871384038124144	2.763140809295227
3.903598469996707	2.874103998484495
3.935812901869271	2.989528266558621
3.968027333741835	3.108873740396523
4.000241765614398	3.232158912531196
4.032456197486963	3.360247695866145
4.064670629359527	3.492807164846406
4.096885061232091	3.629600260690921
4.129099493104655	3.771539893013329
4.161313924977219	3.918177724776766
4.193528356849783	4.070525322261966
4.225742788722347	4.228195360547065
4.257957220594911	4.388063918213458
4.290171652467476	4.554853070971159
4.32238608434004	4.728913546920425
4.354600516212604	4.907508943209587
4.386814948085168	5.095528848556842
4.419029379957732	5.291315512831344
4.451243811830296	5.500748174867436
4.48345824370286	5.723596921144847
4.515672675575424	5.963745730917521
4.547887107447989	6.233559417750313
4.580101539320553	6.784072443745381
4.612315971193117	7.20109057259651
4.644530403065681	7.846645992459522
4.676744834938245	8.668834595677751
4.708959266810809	9.435686448211706
4.741173698683373	10.56525036590803
4.773388130555937	11.68058467390158
4.805602562428501	13.13793762633179
4.837816994301066	14.69959950824113
4.87003142617363	16.7596064078788
4.902245858046194	20.04901338221305
4.934460289918758	22.37644743209037
4.966674721791322	26.0139012080015
4.998889153663886	28.82539461647687
5.03110358553645	33.45211042498776
5.063318017409014	37.44016578296
5.095532449281579	43.08479450810699
5.127746881154143	47.97425085390496
5.159961313026707	54.7747935724986
5.192175744899271	61.23740495445168
5.224390176771835	70.26962171768771
5.256604608644399	78.36929229797397
5.288819040516963	89.45615895959861
5.321033472389527	99.6456039766328
5.353247904262092	112.5402788654754
5.385462336134656	125.7325116657461
5.41767676800722	140.6735046284542
5.449891199879784	158.5189538231895
5.482105631752348	176.8529722107871
5.514320063624912	198.6381575038309
5.546534495497476	221.3974034950011
5.57874892737004	247.9116973267085
5.610963359242604	276.0304666715066
5.643177791115169	307.4884002111191
5.675392222987733	343.6179372317414
5.707606654860297	382.2029464105541
5.739821086732861	426.6797727768881
5.772035518605425	473.5109852703197
5.804249950477989	526.3629518730826
5.836464382350553	585.5149378235586
5.868678814223117	650.2242852957124
5.900893246095682	721.6389950727779
5.933107677968246	802.043819562232
5.96532210984081	889.5270531921088
5.997536541713374	988.2390273655723
6.029750973585938	1094.743975688833
6.061965405458502	1213.137830259212
6.094179837331066	1345.137494916707
6.12639426920363	1489.638311192961
6.158608701076195	1649.456770065427
6.190823132948759	1828.383586477266
6.223037564821323	2023.259200154431
6.255251996693887	2238.867825088024
6.287466428566451	2479.371666179113
6.319680860439015	2742.271027924156
6.351895292311579	3032.864546660106
6.384109724184143	3354.280186935713
6.416324156056707	3710.103288875337
6.448538587929272	4101.598068066425
6.480753019801836	4533.991459474875
6.5129674516744	5013.456243326598
6.545181883546964	5540.128548835517
6.577396315419528	6121.743316279148
6.609610747292092	6766.096365408557
6.641825179164656	7474.225397171541
6.67403961103722	8256.095705420707
6.706254042909785	9119.324063212527
6.738468474782349	10073.01565005569
6.770682906654913	11123.71114196784
6.802897338527477	12283.19951982216
6.835111770400041	13564.70873981019
6.867326202272605	14975.84831331967
6.899540634145169	16532.73455117524
6.931755066017733	18250.60870223172
6.963969497890298	20147.26965065747
6.996183929762862	22237.08129929976
7.028398361635426	24542.31160776262
7.06061279350799	27085.29096632865
7.092827225380554	29890.95456155978
7.125041657253118	32984.16254700288
7.157256089125682	36395.36863996359
7.189470520998246	40157.55573222322
7.22168495287081	44308.15288234639
7.253899384743375	48882.69433044332
7.286113816615939	53927.99015003123
7.318328248488503	59490.86816797716
7.350542680361067	65626.84332277175
7.382757112233631	72389.71466482838
7.414971544106195	79847.20330517682
7.447185975978759	88069.18290874794
7.479400407851323	97135.745419738
7.511614839723888	107129.6095774973
7.543829271596452	118147.936697756
7.576043703469016	130295.7884028449
7.60825813534158	143687.4609023925
7.640472567214144	158452.5004351452
7.672686999086708	174726.4811791009
7.704901430959272	192666.7810934476
7.737115862831836	212443.2932169444
7.769330294704401	234242.8584793381
7.801544726576965	258274.1652105408
7.833759158449529	284761.0942963791
7.865973590322093	313956.3044331656
7.898188022194657	346136.5786898443
7.930402454067221	381607.5672309506
7.962616885939785	420701.2639646617
7.994831317812349	463789.89502202
8.027045749684913	511280.3663707259
8.059260181557477	563622.1414881352
8.091474613430041	621308.9834192001
8.123689045302605	684888.0251422965
8.155903477175169	754955.8950942021
8.188117909047733	832176.0845383393
8.220332340920297	917277.6431312879
8.252546772792861	1011064.169274026
8.284761204665426	1114421.918401868
8.31697563653799	1228321.454019127
8.349190068410554	1353839.311837202
8.381404500283118	1492159.281156335
8.413618932155682	1644584.930785256
8.445833364028246	1812554.606492792
8.47804779590081	1997647.363356805
8.510262227773374	2201608.707454915
8.542476659645938	2426359.767511417
8.574691091518503	2674016.969122824
8.606905523391067	2946912.643078848
8.639119955263631	3247617.693322857
8.671334387136195	3578955.535446848
8.703548819008759	3944048.848063037
8.735763250881323	4346331.552770432
8.767977682753887	4789588.0098549
8.800192114626451	5277986.517084944
8.832406546499016	5816124.591247344
8.86462097837158	6409053.396588788
8.896835410244144	7062351.107052958
8.929049842116708	7782159.450278211
8.961264273989272	8575241.125127589
8.993478705861836	9449049.168607447
9.0256931377344	10411794.57213827
9.057907569606964	11472518.78113739
9.090122001479529	12641185.2541448
9.122336433352093	13928769.50070791
9.154550865224657	15347364.02071678
9.186765297097221	16910287.39681942
9.218979728969785	18632211.4732375
9.251194160842349	20529302.55083343
9.283408592714913	22619362.97074099
9.315623024587477	24922007.41285639
9.347837456460041	27458843.23419181
9.380051888332606	30253674.42084727
9.41226632020517	33332721.19639665
9.444480752077734	36724865.04392485
9.476695183950298	40461928.27487338
9.508909615822862	44578956.02498386
9.541124047695426	49114559.60490739
9.57333847956799	54111270.4650807
9.605552911440554	59615942.00962626
9.637767343313119	65680179.61801078
9.669981775185683	72360833.62055108
9.702196207058247	79720531.81772202
9.734410638930811	87828255.9803873
9.766625070803375	96759992.74676533
9.798839502675939	106599451.6859747
9.831053934548503	117438839.0686679
9.863268366421067	129379726.9646291
9.895482798293632	142533991.231294
9.927697230166196	157024886.0306209
9.95991166203876	172988159.7980697
9.992126093911324	190573348.3078012
10.02434052578389	209945181.3413757
10.05655495765645	231285114.347455
10.08876938952902	254793004.9591078
10.12098382140158	280689030.563725
10.15319825327414	309215699.3676999
10.18541268514671	340640158.920271
10.21762711701927	375256654.0353648
10.24984154889184	413389321.9714919
10.2820559807644	455395214.3624677
10.31427041263697	501667582.7516131
10.34648484450953	552639630.3637325
10.37869927638209	608788555.6761305
10.41091370825466	670639971.0274729
10.44312814012722	738772857.4725089
10.47534257199979	813824949.0869192
10.50755700387235	896498744.1775384
10.53977143574491	987568037.9754837
10.57198586761748	1087885143.271191
10.60420029949004	1198389576.583911
10.63641473136261	1320114162.082691
10.66862916323517	1454198618.649706
10.70084359510773	1601897630.385086
10.7330580269803	1764593690.367686
10.76527245885286	1943808349.331466
10.79748689072543	2141218852.93692
10.82970132259799	2358672260.020235
10.86191575447056	2598203782.361263
10.89413018634312	2862053223.603058
10.92634461821568	3152683913.686367
10.95855905008825	3472826419.853077
10.99077348196081	3825470769.029991
11.02298791383338	4213916930.518017
11.05520234570594	4641794075.089215
11.0874167775785	5113112941.460497
11.11963120945107	5632279718.551821
11.15184564132363	6204151756.351923
11.1840600731962	6834078085.183889
11.21627450506876	7527945912.737643
11.24848893694132	8292279523.555942
11.28070336881389	9134181452.476843
11.31291780068645	10061545829.5958
11.34513223255902	11083039128.2206
11.37734666443158	12208227856.67057
11.40956109630415	13447644562.58673
11.44177552817671	14812853384.71424
11.47398996004927	16316633570.56233
11.50620439192184	17973045114.66876
11.5384188237944	19797608223.23783
11.57063325566697	21807338417.26705
11.60284768753953	24021014991.49714
11.63506211941209	26459400201.89845
11.66727655128466	29145276229.08332
11.69949098315722	32103776522.28817
11.73170541502979	35362499226.77098
11.76391984690235	38951978527.53893
11.79613427877491	42905752075.94584
11.82834871064748	47260802364.46279
11.86056314252004	52057860368.90961
11.89277757439261	57341715157.30461
11.92499200626517	63161795193.81851
11.95720643813774	69572602944.71275
11.9894208700103	76634056441.95284
12.02163530188286	84412133162.98674
12.05384973375543	92979541619.49306
12.08606416562799	102416417178.3644
12.11827859750056	112811028328.0879
12.15049302937312	124260556869.4565
12.18270746124568	136871973031.4414
12.21492189311825	150763180271.4286
12.24713632499081	166064990009.9488
12.27935075686338	182918709029.3501
12.31156518873594	201482609976.8206
12.3437796206085	221930189927.9876
12.37599405248107	244452523311.8484
12.40820848435363	269260751927.5683
12.4404229162262	296585579247.6827
12.47263734809876	326682849845.4161
12.50485177997133	359833857926.5103
12.53706621184389	396348274745.4116
12.56928064371645	436565087077.1117
12.60149507558902	480864744890.704
12.63370950746158	529659256684.4128
12.66592393933415	583404724642.7268
12.69813837120671	642603403936.6519
12.73035280307927	707807611468.9506
12.76256723495184	779629110395.4766
12.7947816668244	858738257622.1995
12.82699609869697	945874563953.3523
12.85921053056953	1041852583469.243
12.89142496244209	1147566654370.029
12.92363939431466	1264016878244.668
12.95585382618722	1392276808584.433
12.98806825805979	1533551062670.664
13.02028268993235	1689160173074.501
13.05249712180492	1860559499392.717
13.08471155367748	2049349768526.026
13.11692598555004	2257295823203.335
13.14914041742261	2486341514744.605
13.18135484929517	2738627686729.537
13.21356928116774	3016512423242.557
13.2457837130403	3322593766837.52
13.27799814491286	3659730985177.485
13.31021257678543	4031075885357.897
13.34242700865799	4440099227970.388
13.37464144053056	4890623941168.729
13.40685587240312	5386861422904.813
13.43907030427568	5933448418923.155
13.47128473614825	6535494044795.045
13.50349916802081	7198625130636.632
13.53571359989338	7929039422243.485
13.56792803176594	8733559493530.717
13.60014246363851	9619713521944.822
13.63235689551107	10595777493051.87
13.66457132738363	11670874981644.58
13.6967857592562	12855053948450.86
13.72900019112876	14159381731015.36
13.76121462300133	15596050769559.07
13.79342905487389	17178482306585.37
13.82564348674645	18921470484382.1
13.85785791861902	20841303592250.75
13.89007235049158	22955924058405.43
13.92228678236415	25285092174256.4
13.95450121423671	27850583527214.68
13.98671564610927	30676366891786.73
14.01893007798184	33788852656419.64
14.0511445098544	37217129762968.38
14.08335894172697	40993237491608.09
14.11557337359953	45152461405955.25
14.1477878054721	49733684348041.98
14.18000223734466	54779705111501.27
14.21221666921722	60337691140338.99
14.24443110108979	66459581874872.56
14.27664553296235	73202588866816.92
14.30885996483492	80629723707760.92
14.34107439670748	88810411584535.27
14.37328882858004	97821083887822.62
14.40550326045261	107745960706725.3
14.43771769232517	118677788404428.1
14.46993212419774	130718728899655.3
14.5021465560703	143981304992964.5
14.53436098794286	158589470661224.9
14.56657541981543	174680031801825.1
14.59878985168799	192402757805198
14.63100428356056	211923534157874
14.66321871543312	233424778961411.1
14.69543314730569	257107413243889.8
14.72764757917825	283192762612515.4
14.75986201105081	311924783283803.7
14.79207644292338	343571579788296.6
14.82429087479594	378429091456583.8
14.85650530666851	416823072302966.1
14.88871973854107	459109091803498.8
14.92093417041363	505688719791774.1
14.9531486022862	556994892660874.2
14.98536303415876	613506558235510.6
15.01757746603133	675752311994203.5
15.04979189790389	744314058260627.6
15.08200632977645	819830646186345.9
15.11422076164902	903012170347565.2
15.14643519352158	994634768955239.8
15.17864962539415	1095554338951752
15.21086405726671	1206714611532378
15.24307848913928	1329168466465991
15.27529292101184	1464029333867154
15.3075073528844	1612576931378520
15.33972178475697	1776196614720894
15.37193621662953	1956416963142131
15.4041506485021	2154922254129303
15.43636508037466	2373576082306429
15.46857951224722	2614400482451619
15.50079394411979	2879660377871000
15.53300837599235	3171831491991098
15.56522280786492	3493618733337446
15.59743723973748	3848077582238356
15.62965167161004	4238512558176028
15.66186610348261	4668543869625841
15.69408053535517	5142200601947734
15.72629496722774	5663913399317361
15.7585093991003	6238540201297137
15.79072383097287	6871480340032844
15.82293826284543	7568649190355199
15.85515269471799	8336533565911661
15.88736712659056	9182334160826176
15.91958155846312	1.011392997807343e+16
15.95179599033569	1.114001255683073e+16
15.98401042220825	1.227021741286392e+16
16.01622485408081	1.351509314036144e+16
16.04843928595338	1.488625511898736e+16
16.08065371782594	1.639653379144849e+16
16.11286814969851	1.806001855620752e+16
16.14508258157107	1.989226949904393e+16
16.17729701344363	2.191037893906468e+16
16.2095114453162	2.413325571880509e+16
16.24172587718876	2.658166239710557e+16
16.27394030906133	2.927844908593871e+16
16.30615474093389	3.224884332309581e+16
16.33836917280646	3.552057173698842e+16
16.37058360467902	3.912420338038155e+16
16.40279803655158	4.309344333041706e+16
16.43501246842415	4.746536590915996e+16
16.46722690029671	5.228083832389002e+16
16.49944133216928	5.758484385426158e+16
16.53165576404184	6.342692117473238e+16
16.5638701959144	6.986168051155973e+16
16.59608462778697	7.694921896304563e+16
16.62829905965953	8.475581458726821e+16
16.6605134915321	9.335438817966387e+16
16.69272792340466	1.028252945630314e+17
16.72494235527722	1.132570217766723e+17
16.75715678714979	1.247470304139446e+17
16.78937121902235	1.374026882307739e+17
16.82158565089492	1.513422298174375e+17
16.85380008276748	1.666959541636063e+17
16.88601451464005	1.836073008019684e+17
16.91822894651261	2.022343018096946e+17
16.95044337838517	2.227509926122619e+17
16.98265781025774	2.453490566269625e+17
17.0148722421303	2.702396589632268e+17
17.04708667400287	2.976553597491306e+17
17.07930110587543	3.278523555143857e+17
17.11151553774799	3.611127841019974e+17
17.14372996962056	3.977474358796436e+17
17.17594440149312	4.380986018655114e+17
17.20815883336569	4.825432884437196e+17
17.24037326523825	5.314967828625011e+17
17.27258769711081	5.854164686985545e+17
17.30480212898338	6.448061991558597e+17
17.33701656085594	7.102208631031552e+17
17.36923099272851	7.822716670507579e+17
17.40144542460107	8.616318412225222e+17
17.43365985647364	9.490428479227599e+17
17.4658742883462	1.045321430706563e+18
17.49808872021876	1.151367162504063e+18
17.53030315209133	1.268170856854256e+18
17.56251758396389	1.397856269334346e+18
17.59473201583646	1.539676149093671e+18
17.62694644770902	1.695884315080665e+18
17.65916087958158	1.867940500809133e+18
17.69137531145415	2.057452532877366e+18
17.72358974332671	2.266191408954505e+18
17.75580417519928	2.496107721279161e+18
17.78801860707184	2.749350022122068e+18
17.82023303894441	3.028284820262664e+18
17.85244747081697	3.33551867259465e+18
17.88466190268953	3.673922656622055e+18
17.9168763345621	4.046659058827688e+18
17.94909076643466	4.457211012319223e+18
17.98130519830723	4.909415058333594e+18
18.01351963017979	5.407496892966081e+18
18.04573406205235	5.956110984463976e+18
18.07794849392492	6.560383972277609e+18
18.11016292579748	7.225962598457441e+18
18.14237735767005	7.959066525623226e+18
18.17459178954261	8.766546369474104e+18
18.20680622141517	9.655947754838424e+18
18.23902065328774	1.063558188016726e+19
18.2712350851603	1.171460304730838e+19
18.30344951703287	1.2903094354906e+19
18.33566394890543	1.421216180728953e+19
18.367878380778	1.565403812710881e+19
18.40009281265056	1.724219711196417e+19
18.43230724452312	1.899147945756176e+19
18.46452167639569	2.091823147007878e+19
18.49673610826825	2.304045785557185e+19
18.52895054014082	2.537798987446319e+19
18.56116497201338	2.795267070543123e+19
18.59337940388594	3.078855957482327e+19
18.62559383575851	3.39121565138119e+19
18.65780826763107	3.735265001080689e+19
18.69002269950364	4.11421897950719e+19
18.7222371313762	4.531618718313206e+19
18.75445156324876	4.991364600451489e+19
18.78666599512133	5.497752707950394e+19
18.81888042699389	6.055514962799724e+19
18.85109485886646	6.669863344214639e+19
18.88330929073902	7.346538588511105e+19
18.91552372261159	8.091863834747075e+19
18.94773815448415	8.912803708804283e+19
18.97995258635671	9.817029398116786e+19
19.01216701822928	1.081299033666667e+20
19.04438145010184	1.190999315810962e+20
19.07659588197441	1.311828865486042e+20
19.10881031384697	1.444916755606469e+20
19.14102474571953	1.591506605400076e+20
19.1732391775921	1.752968197813768e+20
19.20545360946466	1.930810280945294e+20
19.23766804133723	2.126694664865961e+20
19.26988247320979	2.342451750358524e+20
19.30209690508235	2.580097631657753e+20
19.33431133695492	2.841852935426004e+20
19.36652576882748	3.130163569741995e+20
19.39874020070005	3.447723579221116e+20
19.43095463257261	3.797500317715859e+20
19.46316906444518	4.18276217553662e+20
19.49538349631774	4.607109119221563e+20
19.5275979281903	5.074506328762834e+20
19.55981236006287	5.589321249004911e+20
19.59202679193543	6.156364398011247e+20
19.624241223808	6.780934316272813e+20
19.65645565568056	7.468867064332047e+20
19.68867008755312	8.22659082086761e+20
19.72088451942569	9.061185796608182e+20
19.75309895129825	9.980450569751497e+20
19.78531338317082	1.099297482001137e+21
19.81752781504338	1.210821966344819e+21
19.84974224691594	1.333660605766714e+21
19.88195667878851	1.468961207939643e+21
19.91417111066107	1.617988031674334e+21
19.94638554253364	1.78213358508806e+21
19.9785999744062	1.96293165057235e+21
20.01081440627877	2.162071608037639e+21
20.04302883815133	2.381414219112139e+21
20.07524327002389	2.623009029451851e+21
20.10745770189646	2.889113464249011e+21
20.13967213376902	3.182214022622717e+21
20.17188656564159	3.505049413480279e+21
20.20410099751415	3.860636187577011e+21
20.23631542938671	4.252296922159966e+21
20.26852986125928	4.68369126226564e+21
20.30074429313184	5.158850111055319e+21
20.33295872500441	5.682213304758119e+21
20.36517315687697	6.258671070957853e+21
20.39738758874953	6.893609763279553e+21
20.4296020206221	7.592962151629389e+21
20.46181645249466	8.363262867863709e+21
20.49403088436723	9.211709468735844e+21
20.52624531623979	1.014622968111456e+22
20.55845974811236	1.117555547236967e+22
20.59067417998492	1.230930464336316e+22
20.62288861185748	1.355807069659854e+22
20.65510304373005	1.493352179805517e+22
20.68731747560261	1.644850982423475e+22
20.71953190747518	1.811719041632879e+22
20.75174633934774	1.995515527194616e+22
20.7839607712203	2.197957780450535e+22
20.81617520309287	2.420937360502169e+22
20.84838963496543	2.666537718779546e+22
20.880604066838	2.937053664989064e+22
20.91281849871056	3.235012807987187e+22
20.94503293058312	3.563199173305429e+22
20.97724736245569	3.924679214589386e+22
21.00946179432825	4.322830467280522e+22
21.04167622620082	4.761373097470801e+22
21.07389065807338	5.244404672359251e+22
21.10610508994595	5.776438439976099e+22
21.13831952181851	6.362445492713135e+22
21.17053395369107	7.007901223259493e+22
21.20274838556364	7.718836480119822e+22
21.2349628174362	8.5018939036375e+22
21.26717724930877	9.364390014524937e+22
21.29939168118133	1.031438354450672e+23
21.33160611305389	1.136075075541846e+23
21.36382054492646	1.251326836098586e+23
21.39603497679902	1.378270487169319e+23
21.42824940867159	1.518092121190881e+23
21.46046384054415	1.672098153833963e+23
21.49267827241671	1.841727529275866e+23
21.52489270428928	2.02856516561447e+23
21.55710713616184	2.23435676266892e+23
21.58932156803441	2.461025111312446e+23
21.62153599990697	2.710688059760145e+23
21.65375043177954	2.985678300158294e+23
21.6859648636521	3.288565162888149e+23
21.71817929552466	3.622178622478596e+23
21.75039372739723	3.989635738876696e+23
21.78260815926979	4.394369777767945e+23
21.81482259114236	4.840162291039525e+23
21.84703702301492	5.331178445067327e+23
21.87925145488748	5.872005937006619e+23
21.91146588676005	6.467697854062353e+23
21.94368031863261	7.123819809218431e+23
21.97589475050518	7.846502414311569e+23
22.00810918237774	8.642497508981336e+23
22.0403236142503	9.519242118920118e+23
22.07253804612287	1.048492860923666e+24
22.10475247799543	1.154857876281096e+24
22.136966909868	1.272013119440385e+24
22.16918134174056	1.401053026969731e+24
22.20139577361313	1.543183442960345e+24
22.23361020548569	1.699732221994307e+24
22.26582463735825	1.872161968846093e+24
22.29803906923082	2.062083791676549e+24
22.33025350110338	2.27127211935046e+24
22.36246793297595	2.501681378701762e+24
22.39468236484851	2.755464350833855e+24
22.42689679672107	3.034992133472171e+24
22.45911122859364	3.342876310998308e+24
22.4913256604662	3.681993542573087e+24
22.52354009233877	4.05551213548661e+24
22.55575452421133	4.46692186523907e+24
22.58796895608389	4.920066587835035e+24
22.62018338795646	5.419179967940636e+24
22.65239781982902	5.968925195223626e+24
22.68461225170159	6.574438575520541e+24
22.71682668357415	7.241377319461171e+24
22.74904111544672	7.975972557308221e+24
22.78125554731928	8.785087631082594e+24
22.81346997919184	9.676281940772973e+24
22.84568441106441	1.065788180012055e+25
22.87789884293697	1.173905823038565e+25
22.91011327480954	1.292991244585853e+25
22.9423277066821	1.424157032490007e+25
22.97454213855466	1.568628663687223e+25
23.00675657042723	1.727755898255424e+25
23.03897100229979	1.903025422739779e+25
23.07118543417236	2.096074758800243e+25
23.10339986604492	2.308707511187619e+25
23.13561429791748	2.542910247589575e+25
23.16782872979005	2.80087108168951e+25
23.20004316166261	3.085000060984958e+25
23.23225759353518	3.397951710621392e+25
23.26447202540774	3.742649893526202e+25
23.29668645728031	4.122314971766442e+25
23.32890088915287	4.540494013517033e+25
23.36111532102543	5.001093988986187e+25
23.393329752898	5.508418069290845e+25
23.42554418477056	6.067206014894617e+25
23.45775861664313	6.682678412855041e+25
23.48997304851569	7.360585349269307e+25
23.52218748038825	8.107260440593836e+25
23.55440191226082	8.929677781241111e+25
23.58661634413338	9.835524348471223e+25
23.61883077600595	1.083326108527751e+26
23.65104520787851	1.193220820054914e+26
23.68325963975107	1.31426320905012e+26
23.71547407162364	1.447584809639127e+26
23.7476885034962	1.594430265679118e+26
23.77990293536877	1.756171827846029e+26
23.81211736724133	1.934321067421652e+26
23.8443317991139	2.130541436988464e+26
23.87654623098646	2.34666463631376e+26
23.90876066285902	2.58471598344903e+26
23.94097509473159	2.846912816396359e+26
23.97318952660415	3.135707735166704e+26
24.00540395847672	3.453797144591541e+26
24.03761839034928	3.804156179763327e+26
24.06983282222184	4.190051364079705e+26
24.10204725409441	4.615094003573814e+26
24.13426168596697	5.083253254500877e+26
24.16647611783954	5.598902249008044e+26
24.1986905497121	6.166858718928067e+26
24.23090498158466	6.792428774048044e+26
24.26311941345723	7.481456399680506e+26
24.29533384532979	8.240378738035917e+26
24.32754827720236	9.076286037195769e+26
24.35976270907492	9.996987199646722e+26
24.39197714094749	1.101108390391791e+27
24.42419157282005	1.212805003237138e+27
24.45640600469261	1.335832018703964e+27
24.48862043656518	1.471338778008495e+27
24.52083486843774	1.620591321313478e+27
24.55304930031031	1.784983891425667e+27
24.58526373218287	1.966052204432438e+27
24.61747816405543	2.165487903441003e+27
24.649692595928	2.385154156377543e+27
24.68190702780056	2.627103060802487e+27
24.71412145967313	2.893594952715304e+27
24.74633589154569	3.18711941607777e+27
24.77855032341825	3.510418550394688e+27
24.81076475529082	3.866512644382811e+27
24.84297918716338	4.258728370225558e+27
24.87519361903595	4.690731056383229e+27
24.90740805090851	5.166552663340344e+27
24.93962248278108	5.690642064905031e+27
24.97183691465364	6.267894115720808e+27
25.0040513465262	6.903701442532398e+27
25.03626577839877	7.604003753876363e+27
25.06848021027133	8.375343076776072e+27
25.1006946421439	9.224925437287647e+27
25.13290907401646	1.016068741470841e+28
25.16512350588902	1.119137079426789e+28
25.19733793776159	1.232660420896677e+28
25.22955236963415	1.357699279328048e+28
25.26176680150672	1.495421716929759e+28
25.29398123337928	1.647114379785674e+28
25.32619566525184	1.814194307883502e+28
25.35841009712441	1.998222346625263e+28
25.39062452899697	2.200917610505366e+28
25.42283896086954	2.424173694582488e+28
25.4550533927421	2.670076163979927e+28
25.48726782461467	2.940922181898812e+28
25.51948225648723	3.239241948946559e+28
25.55169668835979	3.567822271726132e+28
25.58391112023236	3.92973262124839e+28
25.61612555210492	4.328353904941461e+28
25.64833998397749	4.767409901438226e+28
25.68055441585005	5.251002117357116e+28
25.71276884772261	5.78361928017295e+28
25.74498327959518	6.370293652546884e+28
25.77719771146774	7.01648098339578e+28
25.80941214334031	7.72821834486616e+28
25.84162657521287	8.512136241484265e+28
25.87384100708543	9.37559498292641e+28
25.906055438958	1.03266509787363e+29
25.93826987083056	1.137414606495735e+29
25.97048430270313	1.252793177846822e+29
26.00269873457569	1.379876441357774e+29
26.03491316644826	1.519846409992845e+29
26.06712759832082	1.674049981982843e+29
26.09934203019338	1.843857412958045e+29
26.13155646206595	2.030885176733281e+29
26.16377089393851	2.236894655537373e+29
26.19598532581108	2.463772169689949e+29
26.22819975768364	2.713650964846899e+29
26.2604141895562	2.988888825308725e+29
26.29262862142877	3.291997366555131e+29
26.32484305330133	3.625824128349642e+29
26.3570574851739	3.993493345217479e+29
26.38927191704646	4.398322395243429e+29
26.42148634891903	4.844292704027633e+29
26.45370078079159	5.335475936440667e+29
26.48591521266415	5.876394988945771e+29
26.51812964453672	6.472221152460002e+29
26.55034407640928	7.12846769076285e+29
26.58255850828185	7.851258314685275e+29
26.61477294015441	8.647250544358092e+29
26.64698737202697	9.524085210501708e+29
26.67920180389954	1.048986325154762e+30
26.7114162357721	1.155374343986197e+30
26.74363066764467	1.272540483391136e+30
26.77584509951723	1.401591841313143e+30
26.80805953138979	1.543747510544661e+30
26.84027396326236	1.700302622898395e+30
26.87248839513492	1.872744920836036e+30
26.90470282700749	2.062679391865985e+30
26.93691725888005	2.271893839300855e+30
26.96913169075262	2.502315767040975e+30
27.00134612262518	2.756109761083291e+30
27.03356055449774	3.035653947549554e+30
27.06577498637031	3.343534802024778e+30
27.09798941824287	3.682655251128393e+30
27.13020385011544	4.056173305650283e+30
27.162418281988	4.467576908780714e+30
27.19463271386056	4.920710464274287e+30
27.22684714573313	5.419806092989037e+30
27.25906157760569	5.969532876608544e+30
27.29127600947826	6.575000696800647e+30
27.32349044135082	7.241891447668871e+30
27.35570487322338	7.976413017857124e+30
27.38791930509595	8.785475897641131e+30
27.42013373696851	9.676575878910549e+30
27.45234816884108	1.065806023785366e+31
27.48456260071364	1.173911360139077e+31
27.51677703258621	1.292979660379511e+31
27.54899146445877	1.424125816256362e+31
27.58120589633133	1.568573194082358e+31
27.6134203282039	1.727676707698603e+31
27.64563476007646	1.902912934152256e+31
27.67784919194903	2.095924793643584e+31
27.71006362382159	2.30852420849006e+31
27.74227805569415	2.542667422759419e+31
27.77449248756672	2.800570095805223e+31
27.80670691943928	3.084631239139266e+31
27.83892135131185	3.397506009204038e+31
27.87113578318441	3.742115096520441e+31
27.90335021505697	4.121677690783816e+31
27.93556464692954	4.539736240756361e+31
27.9677790788021	5.00020662569585e+31
27.99999351067467	5.507375486945064e+31
28.03220794254723	6.065987413693286e+31
28.0644223744198	6.681263808025074e+31
28.09663680629236	7.358940133082231e+31
28.12885123816492	8.105354384549561e+31
28.16106567003749	8.927477366902349e+31
28.19328010191005	9.832988954486754e+31
28.22549453378262	1.08303462216788e+32
28.25770896565518	1.192886246446971e+32
28.28992339752774	1.313879899309032e+32
28.32213782940031	1.447146181776189e+32
28.35435226127287	1.593929375635004e+32
28.38656669314544	1.755600616114896e+32
28.418781125018	1.933667084907389e+32
28.45099555689056	2.129800770447842e+32
28.48320998876313	2.345824900075918e+32
28.51542442063569	2.583759994929362e+32
28.54763885250826	2.845828955406859e+32
28.57985328438082	3.134478743986596e+32
28.61206771625339	3.452406605552131e+32
28.64428214812595	3.802582341095232e+32
28.67649657999851	4.188280286677173e+32
28.70871101187108	4.61314894236771e+32
28.74092544374364	5.080948557753891e+32
28.77313987561621	5.596332498700227e+32
28.80535430748877	6.163966414100327e+32
28.83756873936133	6.788902508469675e+32
28.8697831712339	7.477756576963572e+32
28.90199760310646	8.236228811698327e+32
28.93421203497903	9.071631383205095e+32
28.96642646685159	9.991659380631262e+32
28.99864089872415	1.100516165799908e+33
29.03085533059672	1.212139798173948e+33
29.06306976246928	1.335087845478364e+33
29.09528419434185	1.470494416862538e+33
29.12749862621441	1.619647437329628e+33
29.15971305808698	1.783925139925881e+33
29.19192748995954	1.964869874567901e+33
29.2241419218321	2.164153722069059e+33
29.25635635370467	2.383660919526438e+33
29.28857078557723	2.625430952327543e+33
29.3207852174498	2.89184338294455e+33
29.35299964932236	3.185018250413327e+33
29.38521408119492	3.508069404495829e+33
29.41742851306749	3.863883424419319e+33
29.44964294494005	4.255769829671368e+33
29.48185737681262	4.687437811944377e+33
29.51407180868518	5.162872873459146e+33
29.54628624055774	5.686530122602915e+33
29.57850067243031	6.263295548520969e+33
29.61071510430287	6.898578354601007e+33
29.64292953617544	7.598315923930247e+33
29.675143968048	8.368481137308265e+33
29.70735839992057	9.217680575630148e+33
29.73957283179313	1.015266069780164e+34
29.77178726366569	1.118244743449164e+34
29.80400169553826	1.231646623141147e+34
29.83621612741082	1.356578019522324e+34
29.86843055928339	1.494175410560474e+34
29.90064499115595	1.64573237566155e+34
29.93285942302851	1.812626381268982e+34
29.96507385490108	1.996484294222851e+34
29.99728828677364	2.198985430310932e+34
30.02950271864621	2.422031843802948e+34
30.06171715051877	2.667657995957731e+34
30.09393158239133	2.93823721877724e+34
30.1261460142639	3.236252844382912e+34
30.15836044613646	3.564503944511275e+34
30.19057487800903	3.92601485944741e+34
30.22278930988159	4.324221310593149e+34
30.25500374175416	4.762819394849524e+34
30.28721817362672	5.246184135485117e+34
30.31943260549928	5.777899963693792e+34
30.35164703737185	6.363949318926609e+34
30.38386146924441	7.009443734725513e+34
30.41607590111698	7.720095301113932e+34
30.44829033298954	8.503376956778243e+34
30.4805047648621	9.365849980839083e+34
30.51271919673467	1.031580821610529e+35
30.54493362860723	1.136191336883923e+35
30.5771480604798	1.25144353702603e+35
30.60936249235236	1.378368667431012e+35
30.64157692422492	1.51817763878477e+35
30.67379135609749	1.672145806918058e+35
30.70600578797005	1.841748464773843e+35
30.73822021984262	2.028549010849893e+35
30.77043465171518	2.234296318507998e+35
30.80264908358775	2.4609015743564e+35
30.83486351546031	2.710503126919761e+35
30.86707794733287	2.985374509197455e+35
30.89929237920544	3.288193370322065e+35
30.931506811078	3.621682564012078e+35
30.96372124295057	3.989019859970035e+35
30.99593567482313	4.393579329103718e+35
31.02815010669569	4.83922924882448e+35
31.06036453856826	5.330013845548654e+35
31.09257897044082	5.870616715565176e+35
31.12479340231339	6.465991549222458e+35
31.15700783418595	7.121822277896177e+35
31.18922226605851	7.843847101379525e+35
31.22143669793108	8.639691604162504e+35
31.25365112980364	9.515903901668159e+35
31.28586556167621	1.048106999756554e+36
31.31807999354877	1.154408875109616e+36
31.35029442542134	1.271487846109654e+36
31.3825088572939	1.40044419186742e+36
31.41472328916646	1.542483876444057e+36
31.44693772103903	1.698924654273994e+36
31.47915215291159	1.871231703839207e+36
31.51136658478416	2.06100113402972e+36
31.54358101665672	2.270038228289347e+36
31.57579544852928	2.500257488345547e+36
31.60800988040185	2.753799310251808e+36
31.64022431227441	3.031209508610631e+36
31.67243874414698	3.340937429314229e+36
31.70465317601954	3.679712386811082e+36
31.7368676078921	4.052874116567115e+36
31.76908203976467	4.463428270272201e+36
31.80129647163723	4.91679022886853e+36
31.8335109035098	5.415407734057828e+36
31.86572533538236	5.964595543094392e+36
31.89793976725493	6.569164463345323e+36
31.93015419912749	7.236078532751073e+36
31.96236863100005	7.969896356305962e+36
31.99458306287262	8.778185828378348e+36
32.02679749474518	9.668282455045489e+36
32.05901192661774	1.064935770424021e+37
32.0912263584903	1.172935452019045e+37
32.12344079036286	1.291896230771994e+37
32.15565522223542	1.422918120151071e+37
32.18786965410798	1.567264624842073e+37
32.22008408598055	1.726215754774704e+37
0
1000	1.0219978922	100000000000000.1
5	0	0	1
5	0	0	0
0.03786664528905326	-0.0003273460503774141
0.07008107716161713	-0.0002577275298819173
0.102295509034181	-0.0001665897411394956
0.1345099409067449	-5.975042241420353e-05
0.1667243727793087	-0
0.1989388046518726	-0
0.2311532365244365	-0
0.2633676683970003	-0
0.2955821002695642	-0
0.3277965321421281	-0
0.360010964014692	-0
0.3922253958872559	-0
0.4244398277598198	-0
0.4566542596323837	-0
0.4888686915049476	-0.0001245847137921088
0.5210831233775115	-0.0006566950392583586
0.5532975552500754	-0.001280711315561224
0.5855119871226393	-0.001993003695962637
0.6177264189952032	-0.002789149042764077
0.6499408508677671	-0.003790791112757858
0.682155282740331	-0.004729082545363889
0.7143697146128949	-0.005724494670277891
0.7465841464854588	-0.006771684626724434
0.7787985783580227	-0.007865266063656531
0.8110130102305866	-0.008999825939595371
0.8432274421031505	-0.01016993904413849
0.8754418739757144	-0.01137018047839943
0.9076563058482783	-0.01259513630962217
0.9398707377208422	-0.01383941259505621
0.9720851695934061	-0.01509764295174534
1.00429960146597	-0.01653389581443314
1.036514033338534	-0.01778007399309149
1.068728465211098	-0.01901206451896102
1.100942897083662	-0.02022693956816405
1.133157328956226	-0.02142230380821854
1.165371760828789	-0.0225962496464632
1.197586192701353	-0.02374731613804375
1.229800624573917	-0.02487445126545117
1.262015056446481	-0.02597697732327312
1.294229488319045	-0.02705455916200435
1.326443920191609	-0.02805222220485108
1.358658352064173	-0.02908674486039592
1.390872783936737	-0.03010117710595967
1.423087215809301	-0.03109561840037593
1.455301647681865	-0.03207022245309448
1.487516079554428	-0.0330251921496329
1.519730511426992	-0.03396077491404124
1.551944943299556	-0.03487725847245413
1.58415937517212	-0.03577496698466837
1.616373807044684	-0.03665425751332636
1.648588238917248	-0.03750733453527445
1.680802670789812	-0.03835179276426257
1.713017102662376	-0.03917969330448622
1.74523153453494	-0.0399914055943961
1.777445966407504	-0.04078729284051777
1.809660398280067	-0.04156771188322127
1.841874830152631	-0.0423330131020464
1.874089262025195	-0.04308354035565436
1.906303693897759	-0.04381963095202107
1.938518125770323	-0.0445416156449763
1.970732557642887	-0.04524897655635283
2.002946989515451	-0.0459437894255376
2.035161421388014	-0.04662551418313786
2.067375853260578	-0.04729444660218256
2.099590285133142	-0.04795087360660538
2.131804717005705	-0.04859507358299582
2.164019148878269	-0.0492273166818762
2.196233580750833	-0.04984786510873269
2.228448012623396	-0.05045697340503624
2.26066244449596	-0.05105488871951306
2.292876876368524	-0.05164125689315381
2.325091308241087	-0.05221761079693675
2.357305740113651	-0.05278348988829327
2.389520171986215	-0.05333910478177416
2.421734603858778	-0.05388466139085961
2.453949035731342	-0.0544203606993101
2.486163467603906	-0.05494639869842964
2.518377899476469	-0.05546296641467168
2.550592331349033	-0.05597024998773686
2.582806763221597	-0.05646843077714198
2.61502119509416	-0.05695758842755258
2.647235626966724	-0.05743817029644466
2.679450058839288	-0.05791009380515924
2.711664490711851	-0.05837359549360392
2.743878922584415	-0.05882883431943325
2.776093354456979	-0.05927596525829867
2.808307786329542	-0.05971513939683738
2.840522218202106	-0.06014650401394803
2.87273665007467	-0.06057020264839175
2.904951081947234	-0.06098637515006293
2.937165513819797	-0.06139536332982173
2.969379945692361	-0.06179629500734657
3.001594377564925	-0.06219072551327687
3.033808809437488	-0.0625781760851795
3.066023241310052	-0.0629587613023888
3.098237673182616	-0.06333259081969199
3.130452105055179	-0.06369976954208112
3.162666536927743	-0.06406039779031987
3.194880968800307	-0.06441457145769736
3.22709540067287	-0.06476238215830525
3.259309832545434	-0.06510398217924833
3.291524264417998	-0.06543832978166236
3.323738696290561	-0.06576763659828176
3.355953128163125	-0.06609097918025571
3.388167560035689	-0.06640842097542203
3.420381991908252	-0.06672001875890743
3.452596423780816	-0.06702582289772452
3.48481085565338	-0.06732587760262577
3.517025287525943	-0.06762022116789894
3.549239719398507	-0.06790888619975181
3.581454151271071	-0.06819193270422684
3.613668583143634	-0.06846911891629577
3.645883015016198	-0.06874089803890887
3.678097446888762	-0.06900708936518937
3.710311878761325	-0.06926769888152574
3.742526310633889	-0.06952272750799408
3.774740742506453	-0.06977217129093984
3.806955174379016	-0.07001602158687292
3.83916960625158	-0.07025426523813072
3.871384038124144	-0.07048688474073653
3.903598469996707	-0.07088581964436332
3.935812901869271	-0.07109187193533381
3.968027333741835	-0.07127682194631249
4.000241765614398	-0.07144361393150248
4.032456197486963	-0.07159465731922593
4.064670629359527	-0.0717635430640652
4.096885061232091	-0.07195580822363026
4.129099493104655	-0.07214215733716717
4.161313924977219	-0.07232255116930214
4.193528356849783	-0.07249694462145927
4.225742788722347	-0.07197992042805139
4.257957220594911	-0.07208437810020206
4.290171652467476	-0.07226097510707336
4.32238608434004	-0.07255099469793395
4.354600516212604	-0.07301872951724596
4.386814948085168	-0.07395967035754418
4.419029379957732	-0.07557446126502113
4.451243811830296	-0.07789190105123535
4.48345824370286	-0.08124438012003965
4.515672675575424	-0.08616905590881986
4.547887107447989	-0.133100575636284
4.580101539320553	-0.1517886958066783
4.612315971193117	-0.1736686255685443
4.644530403065681	-0.1990803152044402
4.676744834938245	-0.2283548472223366
4.708959266810809	-0.2618043660695
4.741173698683373	-0.2997092717336449
4.773388130555937	-0.3423066631295941
4.805602562428501	-0.3897804807330201
4.837816994301066	-0.4422542431162688
4.87003142617363	-0.6290560631887255
4.902245858046194	-0.6389034014179547
4.934460289918758	-0.6767592981056703
4.966674721791322	-0.7275891669658624
4.998889153663886	-0.7872251229599592
5.03110358553645	-0.8542027271055878
5.063318017409014	-0.9279974855008901
5.095532449281579	-1.008488582841148
5.127746881154143	-1.095756706249297
5.159961313026707	-1.18999594061223
5.192175744899271	-1.304238783258758
5.224390176771835	-1.411616224200829
5.256604608644399	-1.526087012142081
5.288819040516963	-1.648162767428093
5.321033472389527	-1.778404955652064
5.353247904262092	-1.917406667479342
5.385462336134656	-2.065799980118173
5.41767676800722	-2.224258447239715
5.449891199879784	-2.393499641417463
5.482105631752348	-2.574287744039248
5.514320063624912	-2.76830605803537
5.546534495497476	-2.97465730351657
5.57874892737004	-3.19506252485591
5.610963359242604	-3.430505590411816
5.643177791115169	-3.681987127240108
5.675392222987733	-3.950624586568438
5.707606654860297	-4.237594275905789
5.739821086732861	-4.544151621645873
5.772035518605425	-4.87163650420248
5.804249950477989	-5.221478932481803
5.836464382350553	-5.595215082004006
5.868678814223117	-5.994460136470415
5.900893246095682	-6.420952587160623
5.933107677968246	-6.876515449046862
5.96532210984081	-7.363186602929333
5.997536541713374	-7.88304841272517
6.029750973585938	-8.438353426217738
6.061965405458502	-9.031505644759765
6.094179837331066	-9.665070717739816
6.12639426920363	-10.34178681527747
6.158608701076195	-11.06451544105597
6.190823132948759	-11.83650403796685
6.223037564821323	-12.66101779141544
6.255251996693887	-13.54154092463546
6.287466428566451	-14.48199845116658
6.319680860439015	-15.48637279826452
6.351895292311579	-16.55898053130367
6.384109724184143	-17.70442787897737
6.416324156056707	-18.92763014453876
6.448538587929272	-20.23383241203753
6.480753019801836	-21.62856033586806
6.5129674516744	-23.11793529126998
6.545181883546964	-24.70825858922849
6.577396315419528	-26.40629611078035
6.609610747292092	-28.21937083230405
6.641825179164656	-30.15519360623797
6.67403961103722	-32.22202494781622
6.706254042909785	-34.42867865159914
6.738468474782349	-36.78455879328015
6.770682906654913	-39.29969920270646
6.802897338527477	-41.98472957023296
6.835111770400041	-44.851230288327
6.867326202272605	-47.91131339490941
6.899540634145169	-51.17794424533152
6.931755066017733	-54.66506934023791
6.963969497890298	-58.38745636446451
6.996183929762862	-62.36089673467142
7.028398361635426	-66.60223812419609
7.06061279350799	-71.1294550344541
7.092827225380554	-75.961724081323
7.125041657253118	-81.11941969691722
7.157256089125682	-86.62454403647232
7.189470520998246	-92.50030120085727
7.22168495287081	-98.77153470231177
7.253899384743375	-105.4646297541082
7.286113816615939	-112.6081069693484
7.318328248488503	-120.2320185847987
7.350542680361067	-128.3685475778624
7.382757112233631	-137.0520272301354
7.414971544106195	-146.3190846389553
7.447185975978759	-156.2086931989039
7.479400407851323	-166.7627442827577
7.511614839723888	-178.0256094542582
7.543829271596452	-190.0447275201099
7.576043703469016	-202.8706009707076
7.60825813534158	-216.5574280617827
7.640472567214144	-231.1627019041667
7.672686999086708	-246.7478592439659
7.704901430959272	-263.3784379518763
7.737115862831836	-281.1243504553576
7.769330294704401	-300.0600483909224
7.801544726576965	-320.2653481953154
7.833759158449529	-341.8249936393013
7.865973590322093	-364.8295129383278
7.898188022194657	-389.3755757017008
7.930402454067221	-415.5659868898433
7.962616885939785	-443.5107212463629
7.994831317812349	-473.3269883032455
8.027045749684913	-505.1398154706198
8.059260181557477	-539.0825689397357
8.091474613430041	-575.2973414244678
8.123689045302605	-613.9362236796682
8.155903477175169	-655.1609233372724
8.188117909047733	-699.1441005581164
8.220332340920297	-746.0702787882494
8.252546772792861	-796.1352031726941
8.284761204665426	-849.5487345683937
8.31697563653799	-906.5343799373931
8.349190068410554	-967.3305447880947
8.381404500283118	-1032.19152551406
8.413618932155682	-1101.38833874967
8.445833364028246	-1175.210775667136
8.47804779590081	-1253.967227009953
8.510262227773374	-1337.986866402766
8.542476659645938	-1427.620802122218
8.574691091518503	-1523.244031472687
8.606905523391067	-1625.254986903348
8.639119955263631	-1734.080215795434
8.671334387136195	-1850.174169950324
8.703548819008759	-1974.021579291761
8.735763250881323	-2106.139148898375
8.767977682753887	-2247.078998111479
8.800192114626451	-2397.429036097671
8.832406546499016	-2557.816657556082
8.86462097837158	-2728.911049402467
8.896835410244144	-2911.426523962989
8.929049842116708	-3106.123255020795
8.961264273989272	-3313.813775117616
8.993478705861836	-3535.36417254676
9.0256931377344	-3771.698221342892
9.057907569606964	-4023.800771217512
9.090122001479529	-4292.723662710656
9.122336433352093	-4579.587391313526
9.154550865224657	-4885.587528056862
9.186765297097221	-5211.999263602494
9.218979728969785	-5560.183446947151
9.251194160842349	-5931.589262019536
9.283408592714913	-6327.764680242641
9.315623024587477	-6750.360011757245
9.347837456460041	-7201.135460821582
9.380051888332606	-7681.967799890445
9.41226632020517	-8194.860760453439
9.444480752077734	-8741.949508174288
9.476695183950298	-9325.512021628736
9.508909615822862	-9947.977953776284
9.541124047695426	-10611.94006366258
9.57333847956799	-11320.15962679572
9.605552911440554	-12075.58584352204
9.637767343313119	-12881.36295266712
9.669981775185683	-13740.84453279409
9.702196207058247	-14657.60651901423
9.734410638930811	-15635.46576532139
9.766625070803375	-16678.49039762575
9.798839502675939	-17791.02029536042
9.831053934548503	-18977.68425805457
9.863268366421067	-20243.42184553598
9.895482798293632	-21593.4934689601
9.927697230166196	-23033.51760143757
9.95991166203876	-24569.48421443998
9.992126093911324	-26207.78203364187
10.02434052578389	-27955.22376384501
10.05655495765645	-29819.07969991341
10.08876938952902	-31807.10003889565
10.12098382140158	-33927.55220230096
10.15319825327414	-36189.25394035943
10.18541268514671	-38601.60995768551
10.21762711701927	-41174.65593667835
10.24984154889184	-43919.08003526855
10.2820559807644	-46846.29752707364
10.31427041263697	-49968.47838572753
10.34648484450953	-53298.60076814723
10.37869927638209	-56850.51253931717
10.41091370825466	-60638.97747035633
10.44312814012722	-64679.74391418341
10.47534257199979	-68989.6084381852
10.50755700387235	-73586.48558213664
10.53977143574491	-78489.59825007753
10.57198586761748	-83719.08804916497
10.60420029949004	-89296.79913653064
10.63641473136261	-95245.91207402862
10.66862916323517	-101591.14821704
10.70084359510773	-108358.883526934
10.7330580269803	-115577.2421117701
10.76527245885286	-123276.2238662394
10.79748689072543	-131487.8268460442
10.82970132259799	-140246.180537173
10.86191575447056	-149586.9627854925
10.89413018634312	-159550.4692238381
10.92634461821568	-170177.4459478061
10.95855905008825	-181512.0754209117
10.99077348196081	-193601.4765285298
11.02298791383338	-206495.915466467
11.05520234570594	-220248.9905787234
11.0874167775785	-234917.8693319735
11.11963120945107	-250563.5211474497
11.15184564132363	-267250.9694760792
11.1840600731962	-285051.4531495521
11.21627450506876	-304035.1359855051
11.24848893694132	-324282.6007249746
11.28070336881389	-345877.9361457531
11.31291780068645	-368910.8208319008
11.34513223255902	-393476.9184767523
11.37734666443158	-419678.2422719643
11.40956109630415	-447623.6009496881
11.44177552817671	-477429.0462927949
11.47398996004927	-509218.3561804055
11.50620439192184	-543121.5481363613
11.5384188237944	-579283.4039989733
11.57063325566697	-617852.3362869597
11.60284768753953	-658988.5617507315
11.63506211941209	-702862.952530285
11.66727655128466	-749657.7778252218
11.69949098315722	-799567.4127358951
11.73170541502979	-852799.1762605507
11.76391984690235	-909574.1843570679
11.79613427877491	-970128.2676891909
11.82834871064748	-1034712.950355908
11.86056314252004	-1103593.918565174
11.89277757439261	-1177062.580894164
11.92499200626517	-1255421.631498859
11.95720643813774	-1338996.532139213
11.9894208700103	-1428134.417628118
12.02163530188286	-1523205.461929352
12.05384973375543	-1624604.451691994
12.08606416562799	-1732752.405341173
12.11827859750056	-1848098.310219222
12.15049302937312	-1971120.97404856
12.18270746124568	-2102356.808003376
12.21492189311825	-2242297.756102569
12.24713632499081	-2391548.580184407
12.27935075686338	-2550728.18764735
12.31156518873594	-2720496.743742703
12.3437796206085	-2901558.334126024
12.37599405248107	-3094663.976035152
12.40820848435363	-3300614.750800308
12.4404229162262	-3520265.165823371
12.47263734809876	-3754526.745579783
12.50485177997133	-4004300.102923786
12.53706621184389	-4270767.246496296
12.56928064371645	-4554969.047080767
12.60149507558902	-4858086.877941131
12.63370950746158	-5181380.832089354
12.66592393933415	-5526194.795062191
12.69813837120671	-5893962.089908306
12.73035280307927	-6286211.373180061
12.76256723495184	-6704572.939852786
12.7947816668244	-7150785.44003523
12.82699609869697	-7626792.156846341
12.85921053056953	-8134392.462411401
12.89142496244209	-8675775.006245479
12.92363939431466	-9253187.190783514
12.95585382618722	-9869026.03143199
12.98806825805979	-10525847.914171
13.02028268993235	-11226379.3469689
13.05249712180492	-11973528.26001865
13.08471155367748	-12770396.09451898
13.11692598555004	-13620290.69964839
13.14914041742261	-14526740.09208493
13.18135484929517	-15493465.30596082
13.21356928116774	-16524566.34473978
13.2457837130403	-17624283.36708425
13.27799814491286	-18797182.43252063
13.31021257678543	-20048133.28847814
13.34242700865799	-21382329.77176267
13.37464144053056	-22805311.32603273
13.40685587240312	-24322985.99850832
13.43907030427568	-25941654.96683243
13.47128473614825	-27668038.69788965
13.50349916802081	-29509305.21717742
13.53571359989338	-31473098.36610767
13.56792803176594	-33567571.70695587
13.60014246363851	-35801421.18041325
13.63235689551107	-38183921.15568154
13.66457132738363	-40724963.19517967
13.6967857592562	-43435097.05464739
13.72900019112876	-46325574.47895996
13.76121462300133	-49408395.91200437
13.79342905487389	-52696360.31451111
13.82564348674645	-56203118.83247678
13.85785791861902	-59943229.306022
13.89007235049158	-63932219.81936163
13.92228678236415	-68186651.46087587
13.95450121423671	-72724187.00150397
13.98671564610927	-77563664.59261243
14.01893007798184	-82725175.87826684
14.0511445098544	-88230149.40113391
14.08335894172697	-94101439.55796622
14.11557337359953	-100363421.4739255
14.1477878054721	-107042092.9605064
14.18000223734466	-114165179.3442663
14.21221666921722	-121762253.0009637
14.24443110108979	-129864853.7042267
14.27664553296235	-138506619.4477658
14.30885996483492	-147723426.6159694
14.34107439670748	-157553538.7857396
14.37328882858004	-168037765.565909
14.40550326045261	-179219632.0052992
14.43771769232517	-191145559.2726053
14.46993212419774	-203865830.4966324
14.5021465560703	-217431711.8929208
14.53436098794286	-231900211.2724658
14.56657541981543	-247331385.3626342
14.59878985168799	-263789290.5242184
14.63100428356056	-281342250.7865962
14.66321871543312	-300063142.9120307
14.69543314730569	-320029700.8297274
14.72764757917825	-341324840.560981
14.75986201105081	-364037007.0289497
14.79207644292338	-388260544.2427542
14.82429087479594	-414090154.5981629
14.85650530666851	-441645439.7147696
14.88871973854107	-471035229.2912655
14.92093417041363	-502381737.6727433
14.9531486022862	-535815305.2079301
14.98536303415876	-571474934.1879874
15.01757746603133	-609508859.8515892
15.04979189790389	-650075158.3907511
15.08200632977645	-693342394.2818166
15.11422076164902	-739490309.4041631
15.14643519352158	-788727432.5005562
15.17864962539415	-841223642.4833933
15.21086405726671	-897212673.2925286
15.24307848913928	-956926647.2850544
15.27529292101184	-1020613125.758119
15.3075073528844	-1088536141.123646
15.33972178475697	-1160977299.40086
15.37193621662953	-1238236957.504683
15.4041506485021	-1320635480.520334
15.43636508037466	-1408514584.526071
15.46857951224722	-1502217547.102278
15.50079394411979	-1602176099.648674
15.53300837599235	-1708785448.33704
15.56522280786492	-1822488279.640873
15.59743723973748	-1943756745.134675
15.62965167161004	-2073094419.301089
15.66186610348261	-2211038387.607405
15.69408053535517	-2358161472.801109
15.72629496722774	-2515074608.509211
15.7585093991003	-2682429369.815349
15.79072383097287	-2860930651.262191
15.82293826284543	-3051299600.557008
15.85515269471799	-3254335653.969404
15.88736712659056	-3470881663.550377
15.91958155846312	-3701836563.61389
15.95179599033569	-3948159101.470231
15.98401042220825	-4210871817.183999
16.01622485408081	-4491065288.128291
16.04843928595338	-4789902655.953968
16.08065371782594	-5108624454.77386
16.11286814969851	-5448553767.547915
16.14508258157107	-5811101688.483548
16.17729701344363	-6197773228.313311
16.2095114453162	-6610173525.139584
16.24172587718876	-7050014519.946662
16.27394030906133	-7519122061.230042
16.30615474093389	-8019443483.951975
16.33836917280646	-8553055692.763896
16.37058360467902	-9122173783.045172
16.40279803655158	-9729160235.540491
16.43501246842415	-10376534722.76108
16.46722690029671	-11066984576.20075
16.49944133216928	-11803375907.17279
16.53165576404184	-12588765554.48839
16.5638701959144	-13426413739.66769
16.59608462778697	-14319797607.74068
16.62829905965953	-15272625660.34742
16.6605134915321	-16288853149.13157
16.69272792340466	-17372698493.32472
16.72494235527722	-18528660789.66248
16.75715678714979	-19761538487.30426
16.78937121902235	-21076449317.26354
16.82158565089492	-22478851486.6493
16.85380008276748	-23974566406.67443
16.88601451464005	-25569802809.07476
16.91822894651261	-27271182528.55236
16.95044337838517	-29085767988.49341
16.98265781025774	-31021091515.41383
17.0148722421303	-33085186603.8042
17.04708667400287	-35286621261.13335
17.07930110587543	-37634533571.4157
17.11151553774799	-40138669642.14291
17.14372996962056	-42809423988.60544
17.17594440149312	-45657882780.83416
17.20815883336569	-48695869792.77012
17.24037326523825	-51935995495.17387
17.27258769711081	-55391709397.84013
17.30480212898338	-59077355874.30707
17.33701656085594	-63008233700.81847
17.36923099272851	-67200659556.82687
17.40144542460107	-71672035752.32736
17.43365985647364	-76440922454.65497
17.4658742883462	-81527114704.23688
17.49808872021876	-86951724630.74327
17.53030315209133	-92737269043.13617
17.56251758396389	-98907762850.50209
17.59473201583646	-105488818891.579
17.62694644770902	-112507754024.3672
17.65916087958158	-119993702667.7446
17.69137531145415	-127977737671.4726
17.72358974332671	-136492999292.013
17.75580417519928	-145574832720.8479
17.78801860707184	-155260934911.6159
17.82023303894441	-165591510575.4212
17.85244747081697	-176609440382.0782
17.88466190268953	-188360456600.4971
17.9168763345621	-200893335253.3447
17.94909076643466	-214260097324.7729
17.98130519830723	-228516224952.3959
18.01351963017979	-243720891701.8157
18.04573406205235	-259937208166.0728
18.07794849392492	-277232483900.6298
18.11016292579748	-295678506870.5423
18.14237735767005	-315351841133.5386
18.17459178954261	-336334144997.1467
18.20680622141517	-358712509697.501
18.23902065328774	-382579820925.0068
18.2712350851603	-408035144341.4341
18.30344951703287	-435184136745.8902
18.33566394890543	-464139484595.9738
18.367878380778	-495021371704.1817
18.40009281265056	-527957978039.5914
18.43230724452312	-563086011856.2861
18.46452167639569	-600551276676.3373
18.49673610826825	-640509276986.7958
18.52895054014082	-683125863298.5674
18.56116497201338	-728577920568.5521
18.59337940388594	-777054102336.7432
18.62559383575851	-828755613705.8115
18.65780826763107	-883897046412.3766
18.69002269950364	-942707269455.7362
18.7222371313762	-1005430379022.792
18.75445156324876	-1072326711517.752
18.78666599512133	-1143673923803.615
18.81888042699389	-1219768146121.921
18.85109485886646	-1300925210693.438
18.88330929073902	-1387481962626.263
18.91552372261159	-1479797657917.987
18.94773815448415	-1578255454466.766
18.97995258635671	-1683264002278.269
19.01216701822928	-1795259139468.393
19.04438145010184	-1914705701081.96
19.07659588197441	-2042099448515.422
19.10881031384697	-2177969126243.669
19.14102474571953	-2322878657314.042
19.1732391775921	-2477429483076.619
19.20545360946466	-2642263059447.206
19.23766804133723	-2818063519076.833
19.26988247320979	-3005560510632.67
19.30209690508235	-3205532226972.583
19.33431133695492	-3418808634780.644
19.36652576882748	-3646274919250.858
19.39874020070005	-3888875157045.289
19.43095463257261	-4147616235573.946
19.46316906444518	-4423572030086.326
19.49538349631774	-4717887862051.988
19.5275979281903	-5031785251332.689
19.55981236006287	-5366566985674.226
19.59202679193543	-5723622525863.442
19.624241223808	-6104433854187.59
19.65645565568056	-6510581263527.062
19.68867008755312	-6943750577343.387
19.72088451942569	-7405739545369.382
19.75309895129825	-7898465559791.189
19.78531338317082	-8423973583306.363
19.81752781504338	-8984444630686.441
19.84974224691594	-9582204818648.363
19.88195667878851	-10219735019649.23
19.91417111066107	-10899681157557.95
19.94638554253364	-11624865188269.37
19.9785999744062	-12398296810830.84
20.01081440627877	-13223185957244.54
20.04302883815133	-14102956115361.86
20.07524327002389	-15041258534261.07
20.10745770189646	-16041987376376.84
20.13967213376902	-17109295880802.24
20.17188656564159	-18247613597030.25
20.20410099751415	-19461664767810.37
20.23631542938671	-20756487934443.68
20.26852986125928	-22137456846349.46
20.30074429313184	-23610302761673.41
20.33295872500441	-25181138226911.7
20.36517315687697	-26856482460807.4
20.39738758874953	-28643288384405.93
20.4296020206221	-30548971487420.37
20.46181645249466	-32581440602279.45
20.49403088436723	-34749130721904.42
20.52624531623979	-37061038004388.43
20.55845974811236	-39526757105678.05
20.59067417998492	-42156520995848.5
20.62288861185748	-44961243424185.36
20.65510304373005	-47952564216082.66
20.68731747560261	-51142897549524.77
20.71953190747518	-54545483510811.75
20.75174633934774	-58174443009732.2
20.7839607712203	-62044836390068.54
20.81617520309287	-66172725922637.97
20.84838963496543	-70575242460662.88
20.880604066838	-75270656528013.11
20.91281849871056	-80278454135286.75
20.94503293058312	-85619417633318
20.97724736245569	-91315712245055.84
21.00946179432825	-97390977109287.83
21.04167622620082	-103870424589874.9
21.07389065807338	-110780944182110.9
21.10610508994595	-118151214252054.9
21.13831952181851	-126011821051987.2
21.17053395369107	-134395385637544
21.20274838556364	-143336699235804.1
21.2349628174362	-152872867617102
21.26717724930877	-163043465071092.6
21.29939168118133	-173890698602123.9
21.33160611305389	-185459583167966.6
21.36382054492646	-197798128335546.2
21.39603497679902	-210957537594193.6
21.42824940867159	-224992420799804
21.46046384054415	-239961020796806
21.49267827241671	-255925455093566.4
21.52489270428928	-272951973625944.1
21.55710713616184	-291111233665990.9
21.58932156803441	-310478593018402.7
21.62153599990697	-331134422691748.2
21.65375043177954	-353164440511124.3
21.6859648636521	-376660066651416.1
21.71817929552466	-401718803082462.9
21.75039372739723	-428444638112344.1
21.78260815926979	-456948477883536.8
21.81482259114236	-487348606497157.9
21.84703702301492	-519771176540852.1
21.87925145488748	-554350730199930.8
21.91146588676005	-591230853614491
21.94368031863261	-630564353255724.2
21.97589475050518	-672514673524885.8
22.00810918237774	-717255825591272.9
22.0403236142503	-764973472205129.5
22.07253804612287	-815865627676778.9
22.10475247799543	-870143483838905.5
22.136966909868	-928032240137259.9
22.16918134174056	-989772175528090.4
22.20139577361313	-1055619454394412
22.23361020548569	-1125847324962969
22.26582463735825	-1200747217621835
22.29803906923082	-1280629921052119
22.33025350110338	-1365826927751011
22.36246793297595	-1456691772295774
22.39468236484851	-1553601506771536
22.42689679672107	-1656958240950252
22.45911122859364	-1767190972376156
22.4913256604662	-1884756984785450
22.52354009233877	-2010144185975249
22.55575452421133	-2143872874668899
22.58796895608389	-2286497951168984
22.62018338795646	-2438611273248576
22.65239781982902	-2600844025982954
22.68461225170159	-2773869398743267
22.71682668357415	-2958405363691877
22.74904111544672	-3155217654834291
22.78125554731928	-3365122945369842
22.81346997919184	-3588992236447684
22.84568441106441	-3827754471782326
22.87789884293697	-4082400394293562
22.91011327480954	-4353986554471729
22.9423277066821	-4643640026751030
22.97454213855466	-4952562655213147
23.00675657042723	-5282036294564434
23.03897100229979	-5633428071492040
23.07118543417236	-6008196056889259
23.10339986604492	-6407895315349443
23.13561429791748	-6834184356598486
23.16782872979005	-7288832015017073
23.20004316166261	-7773724782681186
23.23225759353518	-8290874957083007
23.26447202540774	-8842427943030962
23.29668645728031	-9430672514267686
23.32890088915287	-1.005804950721887e+16
23.36111532102543	-1.072716213174034e+16
23.393329752898	-1.144078678004372e+16
23.42554418477056	-1.220188457703538e+16
23.45775861664313	-1.301361385982404e+16
23.48997304851569	-1.387935176642808e+16
23.52218748038825	-1.480265746534939e+16
23.55440191226082	-1.578740192874704e+16
23.58661634413338	-1.683765238062507e+16
23.61883077600595	-1.79577715203074e+16
23.65104520787851	-1.915239506243981e+16
23.68325963975107	-2.042649713078259e+16
23.71547407162364	-2.178535528153838e+16
23.7476885034962	-2.323460863705398e+16
23.77990293536877	-2.478027059227946e+16
23.81211736724133	-2.642875446069032e+16
23.8443317991139	-2.818690014900399e+16
23.87654623098646	-3.0062002480721e+16
23.90876066285902	-3.206184175708847e+16
23.94097509473159	-3.41947155786276e+16
23.97318952660415	-3.646947359273936e+16
24.00540395847672	-3.889555412674725e+16
24.03761839034928	-4.14830233464159e+16
24.06983282222184	-4.424261701915259e+16
24.10204725409441	-4.718578505518638e+16
24.13426168596697	-5.032473901148209e+16
24.16647611783954	-5.36725027554955e+16
24.1986905497121	-5.72429665695693e+16
24.23090498158466	-6.105094449193091e+16
24.26311941345723	-6.511223620852436e+16
24.29533384532979	-6.944369231950712e+16
24.32754827720236	-7.406328431778134e+16
24.35976270907492	-7.899017914880928e+16
24.39197714094749	-8.424481873010458e+16
24.42419157282005	-8.984900475978541e+16
24.45640600469261	-9.582598916668341e+16
24.48862043656518	-1.02200570576744e+17
24.52083486843774	-1.089991974435233e+17
24.55304930031031	-1.162500768038467e+17
24.58526373218287	-1.239832927027852e+17
24.61747816405543	-1.322309301120303e+17
24.649692595928	-1.410272082506217e+17
24.68190702780056	-1.504086225477723e+17
24.71412145967313	-1.604140960471923e+17
24.74633589154569	-1.710851408771296e+17
24.77855032341825	-1.824660304504556e+17
24.81076475529082	-1.946039830824976e+17
24.84297918716338	-2.075493615566335e+17
24.87519361903595	-2.213558699889607e+17
24.90740805090851	-2.360807923398575e+17
24.93962248278108	-2.517852208674992e+17
24.97183691465364	-2.685343123522206e+17
25.0040513465262	-2.863975371047526e+17
25.03626577839877	-3.054490534616456e+17
25.06848021027133	-3.257678651090664e+17
25.1006946421439	-3.474382813706714e+17
25.13290907401646	-3.705502096809902e+17
25.16512350588902	-3.95199544345087e+17
25.19733793776159	-4.214885361562752e+17
25.22955236963415	-4.495262608815846e+17
25.26176680150672	-4.794290414239707e+17
25.29398123337928	-5.11320938166586e+17
25.32619566525184	-5.45334263640454e+17
25.35841009712441	-5.81610131428692e+17
25.39062452899697	-6.202990415755325e+17
25.42283896086954	-6.615615049402186e+17
25.4550533927421	-7.055687090774607e+17
25.48726782461467	-7.525032381858006e+17
25.51948225648723	-8.025597923173605e+17
25.55169668835979	-8.559460500052965e+17
25.58391112023236	-9.128834949583397e+17
25.61612555210492	-9.736083430115839e+17
25.64833998397749	-1.038372521889866e+18
25.68055441585005	-1.107427330696996e+18
25.71276884772261	-1.181095022835855e+18
25.74498327959518	-1.259664693132198e+18
25.77719771146774	-1.343462415120922e+18
25.80941214334031	-1.432835584865071e+18
25.84162657521287	-1.528161889653104e+18
25.87384100708543	-1.629818290615805e+18
25.906055438958	-1.738242420072332e+18
25.93826987083056	-1.853878529726244e+18
25.97048430270313	-1.97720507896715e+18
26.00269873457569	-2.108865732246615e+18
26.03491316644826	-2.24913241781907e+18
26.06712759832082	-2.398708864932858e+18
26.09934203019338	-2.558211011273432e+18
26.13155646206595	-2.728296108628192e+18
26.16377089393851	-2.909664677784996e+18
26.19598532581108	-3.10306482180192e+18
26.22819975768364	-3.309294656323522e+18
26.2604141895562	-3.529205990109454e+18
26.29262862142877	-3.763707883424581e+18
26.32484305330133	-4.013390612159196e+18
26.3570574851739	-4.280056928648648e+18
26.38927191704646	-4.564467935028703e+18
26.42148634891903	-4.867809649320528e+18
26.45370078079159	-5.191347603076307e+18
26.48591521266415	-5.53643290533086e+18
26.51812964453672	-5.904505079566597e+18
26.55034407640928	-6.297099654246657e+18
26.58255850828185	-6.71585383108666e+18
26.61477294015441	-7.162512994258902e+18
26.64698737202697	-7.639424844173633e+18
26.67920180389954	-8.147601163090911e+18
26.7114162357721	-8.689591366834628e+18
26.74363066764467	-9.267641136437389e+18
26.77584509951723	-9.884145116392235e+18
26.80805953138979	-1.05416575933153e+19
26.84027396326236	-1.124290209609842e+19
26.87248839513492	-1.199078342916517e+19
26.90470282700749	-1.27883996528527e+19
26.93691725888005	-1.363905505186575e+19
26.96913169075262	-1.45462739906627e+19
27.00134612262518	-1.551357844181894e+19
27.03356055449774	-1.654546886336803e+19
27.06577498637031	-1.76459944990355e+19
27.09798941824287	-1.881972284225816e+19
27.13020385011544	-2.007151844215991e+19
27.162418281988	-2.140657541512669e+19
27.19463271386056	-2.28304311465336e+19
27.22684714573313	-2.434899038857524e+19
27.25906157760569	-2.59685466263295e+19
27.29127600947826	-2.769577143537217e+19
27.32349044135082	-2.953820562200876e+19
27.35570487322338	-3.150282352537399e+19
27.38791930509595	-3.359820099839875e+19
27.42013373696851	-3.583294214929619e+19
27.45234816884108	-3.821635351015476e+19
27.48456260071364	-4.075829323154978e+19
27.51677703258621	-4.34693054415281e+19
27.54899146445877	-4.636063554618204e+19
27.58120589633133	-4.944427688046219e+19
27.6134203282039	-5.273302045771982e+19
27.64563476007646	-5.624050802584429e+19
27.67784919194903	-5.99812886516093e+19
27.71006362382159	-6.397087906642468e+19
27.74227805569415	-6.822583262336469e+19
27.77449248756672	-7.276378925972193e+19
27.80670691943928	-7.760357673242652e+19
27.83892135131185	-8.27652702692074e+19
27.87113578318441	-8.827028032525656e+19
27.90335021505697	-9.414144139263217e+19
27.93556464692954	-1.004031067171639e+20
27.9677790788021	-1.070812493156784e+20
27.99999351067467	-1.142035697142489e+20
28.03220794254723	-1.217996108511645e+20
28.0644223744198	-1.29900891216093e+20
28.09663680629236	-1.385409938432375e+20
28.12885123816492	-1.477557660543166e+20
28.16106567003749	-1.575834296709417e+20
28.19328010191005	-1.68064748695098e+20
28.22549453378262	-1.792431984175225e+20
28.25770896565518	-1.911651457927846e+20
28.28992339752774	-2.038800418454299e+20
28.32213782940031	-2.174406269407924e+20
28.35435226127287	-2.319031498353771e+20
28.38656669314544	-2.473276896369231e+20
28.418781125018	-2.637780813766405e+20
28.45099555689056	-2.813226294448685e+20
28.48320998876313	-3.000341187084715e+20
28.51542442063569	-3.199901866023115e+20
28.54763885250826	-3.412736634471012e+20
28.57985328438082	-3.639729796563139e+20
28.61206771625339	-3.881828638109836e+20
28.64428214812595	-4.140096914118526e+20
28.67649657999851	-4.415246213523981e+20
28.70871101187108	-4.709005817838031e+20
28.74092544374364	-5.022208136082351e+20
28.77313987561621	-5.356241977577077e+20
28.80535430748877	-5.712492828994375e+20
28.83756873936133	-6.092438334344802e+20
28.8697831712339	-6.497654421267718e+20
28.90199760310646	-6.929821835996049e+20
28.93421203497903	-7.390733113638916e+20
28.96642646685159	-7.882300012438803e+20
28.99864089872415	-8.406561442797296e+20
29.03085533059672	-8.96568999045576e+20
29.06306976246928	-9.562008759732356e+20
29.09528419434185	-1.019798930479192e+21
29.12749862621441	-1.087626953569235e+21
29.15971305808698	-1.159966280139937e+21
29.19192748995954	-1.237116955542149e+21
29.2241419218321	-1.319398979650583e+21
29.25635635370467	-1.407153633568673e+21
29.28857078557723	-1.500744894426194e+21
29.3207852174498	-1.6005609440995e+21
29.35299964932236	-1.707013469389474e+21
29.38521408119492	-1.820548229646824e+21
29.41742851306749	-1.941634401919424e+21
29.44964294494005	-2.070774420433826e+21
29.48185737681262	-2.208504351489655e+21
29.51407180868518	-2.355396506722664e+21
29.54628624055774	-2.512063404496113e+21
29.57850067243031	-2.679171849904468e+21
29.61071510430287	-2.855760130708131e+21
29.64292953617544	-3.047271504464855e+21
29.675143968048	-3.249993764212054e+21
29.70735839992057	-3.466153177452555e+21
29.73957283179313	-3.696687889466016e+21
29.77178726366569	-3.942554504038155e+21
29.80400169553826	-4.204772961825542e+21
29.83621612741082	-4.484430919660382e+21
29.86843055928339	-4.782688315341397e+21
29.90064499115595	-5.100782201005753e+21
29.93285942302851	-5.440031884269829e+21
29.96507385490108	-5.801844405318628e+21
29.99728828677364	-6.18770640643771e+21
30.02950271864621	-6.599245511934548e+21
30.06171715051877	-7.038156558429666e+21
30.09393158239133	-7.50626064887373e+21
30.1261460142639	-8.005500810629168e+21
30.15836044613646	-8.537952031835756e+21
30.19057487800903	-9.105842323481356e+21
30.22278930988159	-9.712130998286911e+21
30.25500374175416	-1.035714241997419e+22
30.28721817362672	-1.104605839032252e+22
30.31943260549928	-1.178081108630003e+22
30.35164703737185	-1.256433490604636e+22
30.38386146924441	-1.339996907779426e+22
30.41607590111698	-1.429117938104667e+22
30.44829033298954	-1.524166213423624e+22
30.4805047648621	-1.625535954830241e+22
30.51271919673467	-1.733647611395076e+22
30.54493362860723	-1.848949610055643e+22
30.5771480604798	-1.971920225832427e+22
30.60936249235236	-2.103069583968606e+22
30.64157692422492	-2.242933577233954e+22
30.67379135609749	-2.39210554524476e+22
30.70600578797005	-2.551198923695502e+22
30.73822021984262	-2.720874756310036e+22
30.77043465171518	-2.901844356992262e+22
30.80264908358775	-3.094706708008164e+22
30.83486351546031	-3.300618364036711e+22
30.86707794733287	-3.520139402135833e+22
30.89929237920544	-3.754254277957014e+22
30.931506811078	-4.003937251391181e+22
30.96372124295057	-4.270273550604902e+22
30.99593567482313	-4.554260485409252e+22
31.02815010669569	-4.857132922832161e+22
31.06036453856826	-5.180147069137335e+22
31.09257897044082	-5.524642729011655e+22
31.12479340231339	-5.892048872698522e+22
31.15700783418595	-6.283889574189478e+22
31.18922226605851	-6.701790345234353e+22
31.22143669793108	-7.147484891578733e+22
31.25365112980364	-7.622822319591435e+22
31.28586556167621	-8.129826283842825e+22
31.31807999354877	-8.670502018809221e+22
31.35029442542134	-9.247134276528916e+22
31.3825088572939	-9.862112468549329e+22
31.41472328916646	-1.051798309493645e+23
31.44693772103903	-1.121745782408311e+23
31.47915215291159	-1.196341731832051e+23
31.51136658478416	-1.275889375761169e+23
31.54358101665672	-1.360688228977168e+23
31.57579544852928	-1.447035295185195e+23
31.60800988040185	-1.547978900842954e+23
31.64022431227441	-1.65085587669297e+23
31.67243874414698	-1.760625860394762e+23
31.70465317601954	-1.87770963286243e+23
31.7368676078921	-2.002586173174048e+23
31.76908203976467	-2.135771304234832e+23
31.80129647163723	-2.277816591007892e+23
31.8335109035098	-2.429310829499171e+23
31.86572533538236	-2.590882225759031e+23
31.89793976725493	-2.763200897653077e+23
31.93015419912749	-2.946981608057022e+23
31.96236863100005	-3.142986707135712e+23
31.99458306287262	-3.35202928303382e+23
32.02679749474518	-3.574976528559683e+23
32.05901192661774	-3.812753335282221e+23
32.0912263584903	-4.06634612868709e+23
32.12344079036286	-4.336806959638862e+23
32.15565522223542	-4.625257868760929e+23
32.18786965410798	-4.932895541631068e+23
32.22008408598055	-5.260996273989236e+23
