0
1000	1.0219978922	100000000000000.1
5	0	0	1
5	0	0	0
0.03786664528905326	7.939808358191284e-06
0.07008107716161713	2.200525813553765e-05
0.102295509034181	3.253972396174734e-05
0.1345099409067449	3.834579357437144e-05
0.1667243727793087	3.915993761937103e-05
0.1989388046518726	3.916137832948228e-05
0.2311532365244365	3.916272418134727e-05
0.2633676683970003	3.916334214903284e-05
0.2955821002695642	3.915924587681241e-05
0.3277965321421281	3.916712627646165e-05
0.360010964014692	3.916750250756193e-05
0.3922253958872559	3.916917929731083e-05
0.4244398277598198	3.917009920341434e-05
0.4566542596323837	3.915871922505609e-05
0.4888686915049476	4.038124244141618e-05
0.5210831233775115	6.890946847823423e-05
0.5532975552500754	0.000143250239566136
0.5855119871226393	0.0002729936403616976
0.6177264189952032	0.0004692297750546419
0.6499408508677671	0.0007458218899181651
0.682155282740331	0.00111758159868265
0.7143697146128949	0.001588768340831204
0.7465841464854588	0.002172860531804704
0.7787985783580227	0.002881945280077452
0.8110130102305866	0.003727327748667392
0.8432274421031505	0.00472160511413127
0.8754418739757144	0.005875872682290006
0.9076563058482783	0.007202996273553999
0.9398707377208422	0.008717386938486905
0.9720851695934061	0.01043336231718126
1.00429960146597	0.0123775335316079
1.036514033338534	0.01455424094178507
1.068728465211098	0.01696451655598541
1.100942897083662	0.01962792886448824
1.133157328956226	0.02254052356775472
1.165371760828789	0.02572101884673265
1.197586192701353	0.02917419069403506
1.229800624573917	0.03292707700921739
1.262015056446481	0.03698838241224576
1.294229488319045	0.04134610375148495
1.326443920191609	0.04604459018290737
1.358658352064173	0.05106087389674027
1.390872783936737	0.05644573317456762
1.423087215809301	0.06217716245496634
1.455301647681865	0.06829986694811424
1.487516079554428	0.07481747117881028
1.519730511426992	0.08174721501326494
1.551944943299556	0.08910358873983998
1.58415937517212	0.09689363477767025
1.616373807044684	0.1051462859646094
1.648588238917248	0.1138822026601825
1.680802670789812	0.1231055790321021
1.713017102662376	0.1328188895754445
1.74523153453494	0.1430925216255561
1.777445966407504	0.1539132263326213
1.809660398280067	0.165308869487144
1.841874830152631	0.1772978569343858
1.874089262025195	0.1898949950498802
1.906303693897759	0.2031456997764391
1.938518125770323	0.2170579395057217
1.970732557642887	0.2316403773617848
2.002946989515451	0.2469620216966744
2.035161421388014	0.2630242754385957
2.067375853260578	0.2798302860219959
2.099590285133142	0.2974513808331865
2.131804717005705	0.3158779321019822
2.164019148878269	0.3351818773886838
2.196233580750833	0.3553917005417279
2.228448012623396	0.3764802212928838
2.26066244449596	0.3985386322550347
2.292876876368524	0.4215827136742809
2.325091308241087	0.4456608686058413
2.357305740113651	0.4707735244410442
2.389520171986215	0.4970043370066091
2.421734603858778	0.5243813481138455
2.453949035731342	0.5529280056177891
2.486163467603906	0.5827093662505149
2.518377899476469	0.6137420074806779
2.550592331349033	0.6460761969969822
2.582806763221597	0.67980260639748
2.61502119509416	0.7149162851888486
2.647235626966724	0.751516711612834
2.679450058839288	0.7895868697371944
2.711664490711851	0.8292300600209066
2.743878922584415	0.8704997767353414
2.776093354456979	0.9134484038771841
2.808307786329542	0.9581208173899857
2.840522218202106	1.004623997061537
2.87273665007467	1.052948747849574
2.904951081947234	1.103208187489707
2.937165513819797	1.155505755206663
2.969379945692361	1.209809493207086
3.001594377564925	1.266267537299695
3.033808809437488	1.324931744056024
3.066023241310052	1.385913193087275
3.098237673182616	1.449249095391334
3.130452105055179	1.515019610736153
3.162666536927743	1.583339441567556
3.194880968800307	1.654315517431538
3.22709540067287	1.727964105239055
3.259309832545434	1.804436640660182
3.291524264417998	1.883839429576443
3.323738696290561	1.966259560111968
3.355953128163125	2.051765833265231
3.388167560035689	2.140494692854703
3.420381991908252	2.23255414489766
3.452596423780816	2.328066218890932
3.48481085565338	2.427134632513421
3.517025287525943	2.529900685512008
3.549239719398507	2.636451557055697
3.581454151271071	2.746958998758969
3.613668583143634	2.861575242596901
3.645883015016198	2.980372539973334
3.678097446888762	3.103514522644041
3.710311878761325	3.231161616234635
3.742526310633889	3.36346832277517
3.774740742506453	3.500590342704512
3.806955174379016	3.642692856062363
3.83916960625158	3.789907414225462
3.871384038124144	3.942430453359739
3.903598469996707	4.100430714139745
3.935812901869271	4.26455848614964
3.968027333741835	4.434324991350406
4.000241765614398	4.609817742486503
4.032456197486963	4.791937267219349
4.064670629359527	4.98041670648505
4.096885061232091	5.175071896875722
4.129099493104655	5.376886525915364
4.161313924977219	5.585469058075748
4.193528356849783	5.801911254564287
4.225742788722347	6.02586800233368
4.257957220594911	6.253074045299384
4.290171652467476	6.489947085789153
4.32238608434004	6.737212248409481
4.354600516212604	6.99064311117256
4.386814948085168	7.257594225641242
4.419029379957732	7.534685676709136
4.451243811830296	7.830792536110181
4.48345824370286	8.14486782508612
4.515672675575424	8.482827687390923
4.547887107447989	8.861014499311283
4.580101539320553	9.627821254110989
4.612315971193117	10.20802674077295
4.644530403065681	11.10397743633883
4.676744834938245	12.24332695494391
4.708959266810809	13.30353479595139
4.741173698683373	14.86431498322187
4.773388130555937	16.40225776410106
4.805602562428501	18.41140694501143
4.837816994301066	20.56197149370338
4.87003142617363	23.40060257295752
4.902245858046194	27.94051020201182
4.934460289918758	31.1468814442682
4.966674721791322	36.16362327858221
4.998889153663886	40.03567603513277
5.03110358553645	46.42006083051073
5.063318017409014	51.91731698434502
5.095532449281579	59.70797943187902
5.127746881154143	66.44929035852057
5.159961313026707	75.8362796324741
5.192175744899271	84.75164534425218
5.224390176771835	97.22200500121082
5.256604608644399	108.4022785139468
5.288819040516963	123.7164075096959
5.321033472389527	137.7891963249751
5.353247904262092	155.6021949754391
5.385462336134656	173.8308263871644
5.41767676800722	194.4753516602356
5.449891199879784	219.1473683137384
5.482105631752348	244.4917742203775
5.514320063624912	274.6182992589549
5.546534495497476	306.0878548603447
5.57874892737004	342.7578738046354
5.610963359242604	381.6513971144491
5.643177791115169	425.1672529985751
5.675392222987733	475.1523404476162
5.707606654860297	528.542405696226
5.739821086732861	590.0934966594723
5.772035518605425	654.9033619340761
5.804249950477989	728.0546917589666
5.836464382350553	809.9311631214676
5.868678814223117	899.5064334248825
5.900893246095682	998.3666564972225
5.933107677968246	1109.687776892564
5.96532210984081	1230.814040242957
5.997536541713374	1367.486637321553
6.029750973585938	1514.963149511242
6.061965405458502	1678.908088770889
6.094179837331066	1861.699785833378
6.12639426920363	2061.810334859514
6.158608701076195	2283.134100514834
6.190823132948759	2530.929410054237
6.223037564821323	2800.821600519403
6.255251996693887	3099.422457349651
6.287466428566451	3432.513582342752
6.319680860439015	3796.620691621985
6.351895292311579	4199.085297979742
6.384109724184143	4644.242225056445
6.416324156056707	5137.038328665913
6.448538587929272	5679.245237994315
6.480753019801836	6278.087907918043
6.5129674516744	6942.100478939627
6.545181883546964	7671.494809107345
6.577396315419528	8476.960359841811
6.609610747292092	9369.278868570063
6.641825179164656	10349.90578319273
6.67403961103722	11432.61763582452
6.706254042909785	12627.94385166786
6.738468474782349	13948.50901099506
6.770682906654913	15403.33993303849
6.802897338527477	17008.74493138294
6.835111770400041	18783.03538404251
6.867326202272605	20736.73144361605
6.899540634145169	22892.11348408063
6.931755066017733	25270.26919427635
6.963969497890298	27895.81483891199
6.996183929762862	30788.61506275036
7.028398361635426	33979.44066536042
7.06061279350799	37499.19073033274
7.092827225380554	41382.33918048967
7.125041657253118	45663.23692964923
7.157256089125682	50384.00361689323
7.189470520998246	55590.22546024599
7.22168495287081	61333.64030652409
7.253899384743375	67663.35910499266
7.286113816615939	74644.090723566
7.318328248488503	82340.53345738558
7.350542680361067	90829.42309342224
7.382757112233631	100185.086943507
7.414971544106195	110501.1051098224
7.447185975978759	121874.0257092857
7.479400407851323	134414.5085200391
7.511614839723888	148236.827861518
7.543829271596452	163475.2081463843
7.576043703469016	180274.7944312606
7.60825813534158	198793.4643519087
7.640472567214144	219210.1336807882
7.672686999086708	241712.0573862277
7.704901430959272	266516.5945370319
7.737115862831836	293858.3509652831
7.769330294704401	323995.3675925333
7.801544726576965	357215.83237961
7.833759158449529	393828.806071098
7.865973590322093	434183.1943935078
7.898188022194657	478661.1340621274
7.930402454067221	527684.5727969137
7.962616885939785	581711.8552852373
7.994831317812349	641256.7911884689
8.027045749684913	706881.0958166005
8.059260181557477	779205.1348404094
8.091474613430041	858910.4413847236
8.123689045302605	946752.182173267
8.155903477175169	1043553.705285165
8.188117909047733	1150230.678656522
8.220332340920297	1267789.224028091
8.252546772792861	1397338.212110837
8.284761204665426	1540100.493562498
8.31697563653799	1697415.386846796
8.349190068410554	1870768.238949658
8.381404500283118	2061792.210561984
8.413618932155682	2272285.872453256
8.445833364028246	2504233.590122268
8.47804779590081	2759813.575193683
8.510262227773374	3041433.848724898
8.542476659645938	3351744.465243502
8.574691091518503	3693664.854369574
8.606905523391067	4070411.808115534
8.639119955263631	4485531.749125985
8.671334387136195	4942918.742501489
8.703548819008759	5446879.459479794
8.735763250881323	6002150.008283833
8.767977682753887	6613949.399637949
8.800192114626451	7288026.143879452
8.832406546499016	8030720.029202559
8.86462097837158	8848996.940263636
8.896835410244144	9750548.883807039
8.929049842116708	10743844.59143231
8.961264273989272	11838209.30239619
8.993478705861836	13043919.43285683
9.0256931377344	14372296.56188242
9.057907569606964	15835806.52386852
9.090122001479529	17448186.60886397
9.122336433352093	19224568.99905062
9.154550865224657	21181625.06054439
9.186765297097221	23337716.2509833
9.218979728969785	25713070.00300747
9.251194160842349	28329972.64121661
9.283408592714913	31212966.44439597
9.315623024587477	34389089.38960699
9.347837456460041	37888128.49552147
9.380051888332606	41742896.94321706
9.41226632020517	45989537.33201931
9.444480752077734	50667861.41112235
9.476695183950298	55821732.72309428
9.508909615822862	61499457.3302812
9.541124047695426	67754254.48374531
9.57333847956799	74644746.61229478
9.605552911440554	82235514.16297647
9.637767343313119	90597682.03533746
9.669981775185683	99809605.61221717
9.702196207058247	109957601.3748431
9.734410638930811	121136743.0411681
9.766625070803375	133451755.6457549
9.798839502675939	147018005.718369
9.831053934548503	161962569.6637047
9.863268366421067	178425431.0889601
9.895482798293632	196560768.5271682
9.927697230166196	216538442.6649152
9.95991166203876	238545526.1412336
9.992126093911324	262788092.0754994
10.02434052578389	289493152.1913632
10.05655495765645	318910761.6529442
10.08876938952902	351316331.6130548
10.12098382140158	387013272.2776428
10.15319825327414	426335763.4740986
10.18541268514671	469651936.1245131
10.21762711701927	517367252.0946804
10.24984154889184	569928366.0995312
10.2820559807644	627827282.6958258
10.31427041263697	691605879.0512156
10.34648484450953	761861082.3311526
10.37869927638209	839250436.5608466
10.41091370825466	924498194.5184615
10.44312814012722	1018402128.74956
10.47534257199979	1121840970.96635
10.50755700387235	1235782680.323569
10.53977143574491	1361293452.960324
10.57198586761748	1499547649.009408
10.60420029949004	1651839908.261494
10.63641473136261	1819593061.451085
10.66862916323517	2004377566.609173
10.70084359510773	2207922144.209465
10.7330580269803	2432131703.278358
10.76527245885286	2679102486.754277
10.79748689072543	2951145481.750549
10.82970132259799	3250805543.792427
10.86191575447056	3580886886.603579
10.89413018634312	3944475236.315086
10.92634461821568	4344963244.940043
10.95855905008825	4786115717.218187
10.99077348196081	5272051009.649147
11.02298791383338	5807315865.667923
11.05520234570594	6396909343.705221
11.0874167775785	7046359048.212005
11.11963120945107	7761734919.232725
11.15184564132363	8549729294.627418
11.1840600731962	9417711657.829033
11.21627450506876	10373791715.28127
11.24848893694132	11426966981.42121
11.28070336881389	12587010100.85784
11.31291780068645	13864802171.39892
11.34513223255902	15272281395.81628
11.37734666443158	16822630418.90997
11.40956109630415	18530362433.5531
11.44177552817671	20411401597.07026
11.47398996004927	22483356873.83906
11.50620439192184	24765597424.22961
11.5384188237944	27279512811.66748
11.57063325566697	30048531781.4477
11.60284768753953	33098518682.32367
11.63506211941209	36458099908.07169
11.66727655128466	40158652663.72183
11.69949098315722	44234807072.95696
11.73170541502979	48724563284.71142
11.76391984690235	53670007310.5378
11.79613427877491	59117333406.65208
11.82834871064748	65117492915.12621
11.86056314252004	71726600988.08882
11.89277757439261	79006339415.85829
11.92499200626517	87024840027.194
11.95720643813774	95857156938.74529
11.9894208700103	105585850521.6427
12.02163530188286	116301799637.7205
12.05384973375543	128105161022.7575
12.08606416562799	141106361868.7835
12.11827859750056	155426977007.707
12.15049302937312	171200899334.8228
12.18270746124568	188575470135.9342
12.21492189311825	207713143093.1149
12.24713632499081	228794103230.9979
12.27935075686338	252013016700.6618
12.31156518873594	277587919789.1038
12.3437796206085	305757815882.9173
12.37599405248107	336785950171.826
12.40820848435363	370963167015.6779
12.4404229162262	408607284852.2342
12.47263734809876	450070751628.9042
12.50485177997133	495741082265.1225
12.53706621184389	546044851482.4977
12.56928064371645	601449050121.0397
12.60149507558902	662477794158.3761
12.63370950746158	729698646358.4982
12.66592393933415	803739927266.6428
12.69813837120671	885293519708.9564
12.73035280307927	975120277678.1493
12.76256723495184	1074062961613.839
12.7947816668244	1183045028815.799
12.82699609869697	1303085205057.05
12.85921053056953	1435305585496.253
12.89142496244209	1580938191783.684
12.92363939431466	1741360754918.18
12.95585382618722	1918052107050.587
12.98806825805979	2112671708487.966
13.02028268993235	2327038668373.463
13.05249712180492	2563157836176.188
13.08471155367748	2823234300920.22
13.11692598555004	3109699237425.056
13.14914041742261	3425230408939.351
13.18135484929517	3772776946737.9
13.21356928116774	4155587241166.913
13.2457837130403	4577240216994.631
13.27799814491286	5041674683936.286
13.31021257678543	5553232410817.4
13.34242700865799	6116694548463.02
13.37464144053056	6737327362175.188
13.40685587240312	7420932254864.694
13.43907030427568	8173896574296.837
13.47128473614825	9003258365426.84
13.50349916802081	9916768847888.836
13.53571359989338	10922965693170.95
13.56792803176594	12031247264379.68
13.60014246363851	13251984029735.95
13.63235689551107	14596576499201.51
13.66457132738363	16077592776553.96
13.6967857592562	17708874346331.71
13.72900019112876	19505666928461.16
13.76121462300133	21484766098434.26
13.79342905487389	23664660180209.61
13.82564348674645	26065728680438.27
13.85785791861902	28710409357087.21
13.89007235049158	31623418595544.73
13.92228678236415	34831976891018.39
13.95450121423671	38366081060429.54
13.98671564610927	42258748918518.2
14.01893007798184	46546361722006.12
14.0511445098544	51268990561128.53
14.08335894172697	56470770659724.65
14.11557337359953	62200309118685.23
14.1477878054721	68511168497033.07
14.18000223734466	75462305509516.75
14.21221666921722	83118694964844.91
14.24443110108979	91551885086128.25
14.27664553296235	100840686806503.1
14.30885996483492	111071900639454.8
14.34107439670748	122341162072872.2
14.37328882858004	134753757706255.4
14.40550326045261	148425703410140.3
14.43771769232517	163484760246716.2
14.46993212419774	180071659429404.2
14.5021465560703	198341404590631
14.53436098794286	218464746131597
14.56657541981543	240630138528387.5
14.59878985168799	265043893010008.2
14.63100428356056	291934522119524.6
14.66321871543312	321553312040339.5
14.69543314730569	354177037301168.3
14.72764757917825	390110580400094.2
14.75986201105081	429689998102138.8
14.79207644292338	473284611571047.6
14.82429087479594	521302085817086.8
14.85650530666851	574191156095325.9
14.88871973854107	632441624599243.4
14.92093417041363	696606673695966.9
14.9531486022862	767282681747802.1
14.98536303415876	845129411684273.6
15.01757746603133	930875018527964.1
15.04979189790389	1025321091364450
15.08200632977645	1129347659091122
15.11422076164902	1243932901836750
15.14643519352158	1370145968427669
15.17864962539415	1509165878903385
15.21086405726671	1662292648146148
15.24307848913928	1830976663421576
15.27529292101184	2016751662907788
15.3075073528844	2221380515949699
15.33972178475697	2446771581156541
15.37193621662953	2695030514319126
15.4041506485021	2968477450000726
15.43636508037466	3269679547255307
15.46857951224722	3601422181149944
15.50079394411979	3966825358574950
15.53300837599235	4369299444770980
15.56522280786492	4812570482027327
15.59743723973748	5300847535522169
15.62965167161004	5838682647894164
15.66186610348261	6431062706671259
15.69408053535517	7083537886369155
15.72629496722774	7802211510935734
15.7585093991003	8593775482660296
15.79072383097287	9465667549967106
15.82293826284543	1.042603627955012e+16
15.85515269471799	1.148381737266381e+16
15.88736712659056	1.264892998326996e+16
15.91958155846312	1.39322275923018e+16
15.95179599033569	1.534568297254658e+16
15.98401042220825	1.690256933408548e+16
16.01622485408081	1.861741758760099e+16
16.04843928595338	2.050622816080852e+16
16.08065371782594	2.2586675301704e+16
16.11286814969851	2.487816744609101e+16
16.14508258157107	2.740213898257506e+16
16.17729701344363	3.018213492387508e+16
16.2095114453162	3.32442026941316e+16
16.24172587718876	3.66169431631766e+16
16.27394030906133	4.033183283798773e+16
16.30615474093389	4.442362324153972e+16
16.33836917280646	4.893050838183102e+16
16.37058360467902	5.389459779397369e+16
16.40279803655158	5.936232100529178e+16
16.43501246842415	6.538474868181277e+16
16.46722690029671	7.201817631664018e+16
16.49944133216928	7.93245693346028e+16
16.53165576404184	8.737216830683285e+16
16.5638701959144	9.623620001934912e+16
16.59608462778697	1.059994494935478e+17
16.62829905965953	1.167532162397373e+17
16.6605134915321	1.285979501923598e+17
16.69272792340466	1.416443418450208e+17
16.72494235527722	1.560142853487599e+17
16.75715678714979	1.718420347240184e+17
16.78937121902235	1.892754913508783e+17
16.82158565089492	2.084775258474604e+17
16.85380008276748	2.296276279075209e+17
16.88601451464005	2.529233884159753e+17
16.91822894651261	2.785824999794749e+17
16.95044337838517	3.068446999996758e+17
16.98265781025774	3.379740363653229e+17
17.0148722421303	3.722613934546056e+17
17.04708667400287	4.100271276680785e+17
17.07930110587543	4.516241550943651e+17
17.11151553774799	4.974411264420976e+17
17.14372996962056	5.479061619156873e+17
17.17594440149312	6.034907744427407e+17
17.20815883336569	6.647142980340224e+17
17.24037326523825	7.321487995077225e+17
17.27258769711081	8.064243340820184e+17
17.30480212898338	8.882349699263128e+17
17.33701656085594	9.783450778303395e+17
17.36923099272851	1.077596607225883e+18
17.40144542460107	1.186916946508897e+18
17.43365985647364	1.307327475026231e+18
17.4658742883462	1.439953273694686e+18
17.49808872021876	1.586033522451317e+18
17.53030315209133	1.746933086983704e+18
17.56251758396389	1.925577482835954e+18
17.59473201583646	2.120937358211612e+18
17.62694644770902	2.336117393531891e+18
17.65916087958158	2.573128401094049e+18
17.69137531145415	2.83418519427833e+18
17.72358974332671	3.121727357966214e+18
17.75580417519928	3.438441871970456e+18
17.78801860707184	3.787288410007195e+18
17.82023303894441	4.171526885103593e+18
17.85244747081697	4.59474788138047e+18
17.88466190268953	5.060906365220349e+18
17.9168763345621	5.574358449075693e+18
17.94909076643466	6.139902217855328e+18
17.98130519830723	6.762822583221518e+18
18.01351963017979	7.448940525009774e+18
18.04573406205235	8.204667665147237e+18
18.07794849392492	9.037066050652049e+18
18.11016292579748	9.953914179827915e+18
18.14237735767005	1.096377976015941e+19
18.17459178954261	1.207609964945807e+19
18.20680622141517	1.330126809372917e+19
18.23902065328774	1.465073393171078e+19
18.2712350851603	1.613710739305713e+19
18.30344951703287	1.777427814297673e+19
18.33566394890543	1.95775449191729e+19
18.367878380778	2.156375853504329e+19
18.40009281265056	2.375147940892742e+19
18.43230724452312	2.61611508873284e+19
18.46452167639569	2.881529032371553e+19
18.49673610826825	3.173869954974618e+19
18.52895054014082	3.495869650992511e+19
18.56116497201338	3.850537060468496e+19
18.59337940388594	4.241186388256054e+19
18.62559383575851	4.671468064664539e+19
18.65780826763107	5.145402860158878e+19
18.69002269950364	5.667419461656318e+19
18.7222371313762	6.242395845995821e+19
18.75445156324876	6.875704865405995e+19
18.78666599512133	7.573264455022951e+19
18.81888042699389	8.341592927934015e+19
18.85109485886646	9.187869884888074e+19
18.88330929073902	1.012000329960262e+20
18.91552372261159	1.114670341653653e+20
18.94773815448415	1.22775641401393e+20
18.97995258635671	1.352315267688423e+20
19.01216701822928	1.489510828219699e+20
19.04438145010184	1.640625102018815e+20
19.07659588197441	1.80707015510837e+20
19.10881031384697	1.990401306822976e+20
19.14102474571953	2.192331666030897e+20
19.1732391775921	2.414748134583765e+20
19.20545360946466	2.659729041355588e+20
19.23766804133723	2.929563560978205e+20
19.26988247320979	3.226773104850995e+20
19.30209690508235	3.554134880577698e+20
19.33431133695492	3.914707842961707e+20
19.36652576882748	4.311861276090845e+20
19.39874020070005	4.749306276747267e+20
19.43095463257261	5.231130430165798e+20
19.46316906444518	5.761836004854062e+20
19.49538349631774	6.346382021728506e+20
19.5275979281903	6.990230589810766e+20
19.55981236006287	7.699397945453927e+20
19.59202679193543	8.480510666371046e+20
19.624241223808	9.340867590113456e+20
19.65645565568056	1.028850799798689e+21
19.68867008755312	1.133228682463185e+21
19.72088451942569	1.248195719093981e+21
19.75309895129825	1.374826178185638e+21
19.78531338317082	1.514303303902633e+21
19.81752781504338	1.667930382365223e+21
19.84974224691594	1.837142919577604e+21
19.88195667878851	2.023522041628077e+21
19.91417111066107	2.228809288151551e+21
19.94638554253364	2.454922864496156e+21
19.9785999744062	2.70397558389513e+21
20.01081440627877	2.978294597935042e+21
20.04302883815133	3.280443139599559e+21
20.07524327002389	3.61324449535389e+21
20.10745770189646	3.979808309082481e+21
20.13967213376902	4.383559778641808e+21
20.17188656564159	4.828271525004615e+21
20.20410099751415	5.318098901327252e+21
20.23631542938671	5.857618817738317e+21
20.26852986125928	6.451872501204881e+21
20.30074429313184	7.106412593353026e+21
20.33295872500441	7.827355048406631e+21
20.36517315687697	8.621436242558756e+21
20.39738758874953	9.496075974507038e+21
20.4296020206221	1.045944674094832e+22
20.46181645249466	1.152055011401997e+22
20.49403088436723	1.268930085664424e+22
20.52624531623979	1.397661955382799e+22
20.55845974811236	1.539453464605002e+22
20.59067417998492	1.695629482491444e+22
20.62288861185748	1.867649282808457e+22
20.65510304373005	2.05712017610262e+22
20.68731747560261	2.265812531102778e+22
20.71953190747518	2.495676312398157e+22
20.75174633934774	2.748859303848752e+22
20.7839607712203	3.02772717341034e+22
20.81617520309287	3.334885577034335e+22
20.84838963496543	3.673204505669253e+22
20.880604066838	4.045845099949164e+22
20.91281849871056	4.456289185357006e+22
20.94503293058312	4.90837180576298e+22
20.97724736245569	5.406317054632208e+22
21.00946179432825	5.954777545950515e+22
21.04167622620082	6.558877873297421e+22
21.07389065807338	7.224262506757533e+22
21.10610508994595	7.957148523859068e+22
21.13831952181851	8.76438369057516e+22
21.17053395369107	9.653510455131853e+22
21.20274838556364	1.063283641559605e+23
21.2349628174362	1.171151192371936e+23
21.26717724930877	1.289961561284816e+23
21.29939168118133	1.420824852464846e+23
21.33160611305389	1.564963786231127e+23
21.36382054492646	1.723725121670387e+23
21.39603497679902	1.898592239550056e+23
21.42824940867159	2.091199002486123e+23
21.46046384054415	2.303345020375512e+23
21.49267827241671	2.537012463355967e+23
21.52489270428928	2.7943845830871e+23
21.55710713616184	3.077866110740458e+23
21.58932156803441	3.390105723373013e+23
21.62153599990697	3.734020792782018e+23
21.65375043177954	4.112824641857731e+23
21.6859648636521	4.530056566592839e+23
21.71817929552466	4.989614904616039e+23
21.75039372739723	5.495793458476868e+23
21.78260815926979	6.053321609356666e+23
21.81482259114236	6.667408508435649e+23
21.84703702301492	7.343791742166631e+23
21.87925145488748	8.088790940107143e+23
21.91146588676005	8.909366814250549e+23
21.94368031863261	9.813186089247921e+23
21.97589475050518	1.080869378493801e+24
22.00810918237774	1.190519067257937e+24
22.0403236142503	1.311292137837906e+24
22.07253804612287	1.444317102100853e+24
22.10475247799543	1.590836725540878e+24
22.136966909868	1.752220068740622e+24
22.16918134174056	1.929974736112427e+24
22.20139577361313	2.12576179770873e+24
22.23361020548569	2.341410395017675e+24
22.26582463735825	2.578935290085293e+24
22.29803906923082	2.840555810757722e+24
22.33025350110338	3.128716261771937e+24
22.36246793297595	3.446108897951487e+24
22.39468236484851	3.795699210297195e+24
22.42689679672107	4.180753424438925e+24
22.45911122859364	4.604869040209598e+24
22.4913256604662	5.072008702161993e+24
22.52354009233877	5.586536804774605e+24
22.55575452421133	6.15326057007933e+24
22.58796895608389	6.777474971598977e+24
22.62018338795646	7.465011950436607e+24
22.65239781982902	8.222295125152023e+24
22.68461225170159	9.056399839262168e+24
22.71682668357415	9.975118990806801e+24
22.74904111544672	1.098703606110647e+25
22.78125554731928	1.210160541306091e+25
22.81346997919184	1.332924024026968e+25
22.84568441106441	1.468141017196494e+25
22.87789884293697	1.617074843511037e+25
22.91011327480954	1.781116961198301e+25
22.9423277066821	1.961799977547275e+25
22.97454213855466	2.160812006325631e+25
23.00675657042723	2.380012363243146e+25
23.03897100229979	2.621448982324218e+25
23.07118543417236	2.887377575278319e+25
23.10339986604492	3.180282635816606e+25
23.13561429791748	3.502900691891254e+25
23.16782872979005	3.8582459041374e+25
23.20004316166261	4.249638150397215e+25
23.23225759353518	4.680734080185556e+25
23.26447202540774	5.155561359893713e+25
23.29668645728031	5.678556087959518e+25
23.32890088915287	6.254604405425532e+25
23.36111532102543	6.889088223788155e+25
23.393329752898	7.587935227260743e+25
23.42554418477056	8.357674508424387e+25
23.45775861664313	9.205497505688864e+25
23.48997304851569	1.013932505029471e+26
23.52218748038825	1.116788179524424e+26
23.55440191226082	1.230077466144359e+26
23.58661634413338	1.354859257650458e+26
23.61883077600595	1.492299061727159e+26
23.65104520787851	1.643680751205747e+26
23.68325963975107	1.81041853761491e+26
23.71547407162364	1.994071126208523e+26
23.7476885034962	2.196353032546833e+26
23.77990293536877	2.419154552455762e+26
23.81211736724133	2.664557897931953e+26
23.8443317991139	2.934854499666223e+26
23.87654623098646	3.232567551221788e+26
23.90876066285902	3.560486958469571e+26
23.94097509473159	3.921667137058183e+26
23.97318952660415	4.31948657977577e+26
24.00540395847672	4.757659623976626e+26
24.03761839034928	5.240284561787496e+26
24.06983282222184	5.771861077546292e+26
24.10204725409441	6.357363797640063e+26
24.13426168596697	7.002260292875387e+26
24.16647611783954	7.712574616441001e+26
24.1986905497121	8.49494326389708e+26
24.23090498158466	9.356675478351616e+26
24.26311941345723	1.030582143404352e+27
24.29533384532979	1.135124838719424e+27
24.32754827720236	1.250272325653925e+27
24.35976270907492	1.377100291732901e+27
24.39197714094749	1.516793630489832e+27
24.42419157282005	1.670657382752493e+27
24.45640600469261	1.84012892981946e+27
24.48862043656518	2.026791505553898e+27
24.52083486843774	2.232389098234134e+27
24.55304930031031	2.458842297047111e+27
24.58526373218287	2.708266572576846e+27
24.61747816405543	2.982992187013845e+27
24.649692595928	3.285585680338063e+27
24.68190702780056	3.618873845681911e+27
24.71412145967313	3.985970327464723e+27
24.74633589154569	4.390304562289206e+27
24.77855032341825	4.83565383034126e+27
24.81076475529082	5.32617862120641e+27
24.84297918716338	5.866461471825942e+27
24.87519361903595	6.461551421778651e+27
24.90740805090851	7.117002554919579e+27
24.93962248278108	7.838943253161687e+27
24.97183691465364	8.634116246712196e+27
25.0040513465262	9.509949952530594e+27
25.03626577839877	1.047462639999925e+28
25.06848021027133	1.153715732018159e+28
25.1006946421439	1.270746911156519e+28
25.13290907401646	1.399649451933366e+28
25.16512350588902	1.541627547040115e+28
25.19733793776159	1.698007553608233e+28
25.22955236963415	1.870250343120505e+28
25.26176680150672	2.059964936876578e+28
25.29398123337928	2.268923707001336e+28
25.32619566525184	2.499078644907387e+28
25.35841009712441	2.752579835818947e+28
25.39062452899697	3.031795382668611e+28
25.42283896086954	3.339333737602088e+28
25.4550533927421	3.678067793980803e+28
25.48726782461467	4.051161924213501e+28
25.51948225648723	4.46210151269515e+28
25.55169668835979	4.914725421827898e+28
25.58391112023236	5.41326188780323e+28
25.61612555210492	5.962368154396159e+28
25.64833998397749	6.567173774767223e+28
25.68055441585005	7.233328627100433e+28
25.71276884772261	7.96701595416435e+28
25.74498327959518	8.77516783461048e+28
25.77719771146774	9.665299600517755e+28
25.80941214334031	1.064572739643909e+29
25.84162657521287	1.172558480313745e+29
25.87384100708543	1.291501078962373e+29
25.906055438958	1.422510313983199e+29
25.93826987083056	1.566804155599591e+29
25.97048430270313	1.725739672911635e+29
26.00269873457569	1.900798555313645e+29
26.03491316644826	2.093609036353013e+29
26.06712759832082	2.306026533520078e+29
26.09934203019338	2.539938502147997e+29
26.13155646206595	2.797571691890302e+29
26.16377089393851	3.08135244913823e+29
26.19598532581108	3.393879153410351e+29
26.22819975768364	3.738090393563765e+29
26.2604141895562	4.117234077791496e+29
26.29262862142877	4.534769909013343e+29
26.32484305330133	4.99462043266261e+29
26.3570574851739	5.501089311187991e+29
26.38927191704646	6.05874613382033e+29
26.42148634891903	6.673075613214948e+29
26.45370078079159	7.349686389913924e+29
26.48591521266415	8.094808721082303e+29
26.51812964453672	8.915566269888211e+29
26.55034407640928	9.81955354608314e+29
26.58255850828185	1.081520602777708e+30
26.61477294015441	1.191169438966137e+30
26.64698737202697	1.31195442276008e+30
26.67920180389954	1.444991455303917e+30
26.7114162357721	1.591542184915175e+30
26.74363066764467	1.752939879189504e+30
26.77584509951723	1.930709593033087e+30
26.80805953138979	2.12653065833777e+30
26.84027396326236	2.342187089289784e+30
26.87248839513492	2.579728300210075e+30
26.90470282700749	2.841365170386472e+30
26.93691725888005	3.129560435113263e+30
26.96913169075262	3.446969216767616e+30
27.00134612262518	3.796573270677864e+30
27.03356055449774	4.181648499531847e+30
27.06577498637031	4.60575776794196e+30
27.09798941824287	5.072899922200493e+30
27.13020385011544	5.587425141462176e+30
27.162418281988	6.154138101328824e+30
27.19463271386056	6.778334509120346e+30
27.22684714573313	7.465844152870737e+30
27.25906157760569	8.223098748311834e+30
27.29127600947826	9.057137176570367e+30
27.32349044135082	9.975786337963392e+30
27.35570487322338	1.098759764748577e+31
27.38791930509595	1.210209036622949e+31
27.42013373696851	1.332959003847619e+31
27.45234816884108	1.468159510389472e+31
27.48456260071364	1.617075746569515e+31
27.51677703258621	1.781093578110322e+31
27.54899146445877	1.961748775607018e+31
27.58120589633133	2.160726538956145e+31
27.6134203282039	2.379893275781336e+31
27.64563476007646	2.621282981706244e+31
27.67784919194903	2.887158798329049e+31
27.71006362382159	3.180016664317789e+31
27.74227805569415	3.502551323382542e+31
27.77449248756672	3.857814868660533e+31
27.80670691943928	4.249111959198113e+31
27.83892135131185	4.68010009646642e+31
27.87113578318441	5.154802561770988e+31
27.90335021505697	5.677653815516676e+31
27.93556464692954	6.253533613279747e+31
27.9677790788021	6.887836115215366e+31
27.99999351067467	7.586466205058755e+31
28.03220794254723	8.355959600146359e+31
28.0644223744198	9.203508827014087e+31
28.09663680629236	1.013701453770142e+32
28.12885123816492	1.116520737373782e+32
28.16106567003749	1.229768968269047e+32
28.19328010191005	1.354504055572998e+32
28.22549453378262	1.491890969046411e+32
28.25770896565518	1.643212622619099e+32
28.28992339752774	1.809882520911154e+32
28.32213782940031	1.993458076164522e+32
28.35435226127287	2.195653297634675e+32
28.38656669314544	2.418356935191906e+32
28.418781125018	2.663645144277621e+32
28.45099555689056	2.933821102752886e+32
28.48320998876313	3.231396321911203e+32
28.51542442063569	3.55915408580747e+32
28.54763885250826	3.920156457999732e+32
28.57985328438082	4.317774149130882e+32
28.61206771625339	4.755722636232174e+32
28.64428214812595	5.238092843775564e+32
28.67649657999851	5.769395195925717e+32
28.70871101187108	6.354655530715762e+32
28.74092544374364	6.999053621146585e+32
28.77313987561621	7.70899951602311e+32
28.80535430748877	8.490920182749659e+32
28.83756873936133	9.351775072076499e+32
28.8697831712339	1.030067749368876e+33
28.90199760310646	1.134547950531388e+33
28.93421203497903	1.249625367760354e+33
28.96642646685159	1.376360005453458e+33
28.99864089872415	1.515970799890461e+33
29.03085533059672	1.669733290839774e+33
29.06306976246928	1.839095252771489e+33
29.09528419434185	2.025618929473033e+33
29.12749862621441	2.231078447046606e+33
29.15971305808698	2.457372331550543e+33
29.19192748995954	2.706625181203988e+33
29.2241419218321	2.981140299346443e+33
29.25635635370467	3.283513236109721e+33
29.28857078557723	3.616553396993169e+33
29.3207852174498	3.983538646275701e+33
29.35299964932236	4.387389352167795e+33
29.38521408119492	4.832394864836475e+33
29.41742851306749	5.32253146689041e+33
29.44964294494005	5.862358044140145e+33
29.48185737681262	6.456984033474506e+33
29.51407180868518	7.111899491134243e+33
29.54628624055774	7.8332413587619e+33
29.57850067243031	8.627740119028837e+33
29.61071510430287	9.502846985389803e+33
29.64292953617544	1.046674074210421e+34
29.675143968048	1.152764907077546e+34
29.70735839992057	1.269742759371142e+34
29.73957283179313	1.398536960016527e+34
29.77178726366569	1.540390836746029e+34
29.80400169553826	1.69660275063789e+34
29.83621612741082	1.868696651631248e+34
29.86843055928339	2.05823804516416e+34
29.90064499115595	2.267008844869078e+34
29.93285942302851	2.496906519146014e+34
29.96507385490108	2.750172087047942e+34
29.99728828677364	3.029118816136915e+34
30.02950271864621	3.336366797550999e+34
30.06171715051877	3.674718513651942e+34
30.09393158239133	4.047443243334158e+34
30.1261460142639	4.457961790997148e+34
30.15836044613646	4.910129894143169e+34
30.19057487800903	5.408113598756875e+34
30.22278930988159	5.956645630666164e+34
30.25500374175416	6.560817384095487e+34
30.28721817362672	7.22665547831856e+34
30.31943260549928	7.959097485928194e+34
30.35164703737185	8.76638425135012e+34
30.38386146924441	9.655556939238525e+34
30.41607590111698	1.063448398396858e+35
30.44829033298954	1.171345939918213e+35
30.4805047648621	1.29015213806853e+35
30.51271919673467	1.421009474046543e+35
30.54493362860723	1.565111102337544e+35
30.5771480604798	1.723871711288079e+35
30.60936249235236	1.898711846569452e+35
30.64157692422492	2.09129954382754e+35
30.67379135609749	2.303391611932837e+35
30.70600578797005	2.537020274238081e+35
30.73822021984262	2.794339119745438e+35
30.77043465171518	3.077757229922632e+35
30.80264908358775	3.389907273396292e+35
30.83486351546031	3.733734835353569e+35
30.86707794733287	4.11237171801786e+35
30.89929237920544	4.529506395512691e+35
30.931506811078	4.988889611084267e+35
30.96372124295057	5.49489875690055e+35
30.99593567482313	6.052181630542448e+35
31.02815010669569	6.666066801259958e+35
31.06036453856826	7.342125208324677e+35
31.09257897044082	8.08680852590089e+35
31.12479340231339	8.906940483254875e+35
31.15700783418595	9.810350719830318e+35
31.18922226605851	1.080494362912446e+36
31.22143669793108	1.190122348579982e+36
31.25365112980364	1.310821034425374e+36
31.28586556167621	1.443773145917947e+36
31.31807999354877	1.590204504389617e+36
31.35029442542134	1.751481359330111e+36
31.3825088572939	1.929119349444177e+36
31.41472328916646	2.1247796947543e+36
31.44693772103903	2.340277606868881e+36
31.47915215291159	2.577631374510297e+36
31.51136658478416	2.839039643402476e+36
31.54358101665672	3.126989197971634e+36
31.57579544852928	3.444117270963255e+36
31.60800988040185	3.793372265313888e+36
31.64022431227441	4.175506040417697e+36
31.67243874414698	4.602157605373662e+36
31.70465317601954	5.068821572475374e+36
31.7368676078921	5.582853447380578e+36
31.76908203976467	6.148393524198937e+36
31.80129647163723	6.772901509272518e+36
31.8335109035098	7.45974917173637e+36
31.86572533538236	8.216257606688046e+36
31.89793976725493	9.049053715085475e+36
31.93015419912749	9.967730481461782e+36
31.96236863100005	1.097856739447833e+37
31.99458306287262	1.209198925100751e+37
32.02679749474518	1.33181007304134e+37
32.05901192661774	1.466953555598573e+37
32.0912263584903	1.615723515206631e+37
32.12344079036286	1.779592420251738e+37
32.15565522223542	1.96007554204259e+37
32.18786965410798	2.158913361485246e+37
32.22008408598055	2.377869095211777e+37
0
1000	1.0219978922	100000000000000.1
5	0	0	1
5	0	0	0
0.03786664528905326	-0.0004600106794017325
0.07008107716161713	-0.0003621776281852793
0.102295509034181	-0.0002341041228833633
0.1345099409067449	-8.396567601047362e-05
0.1667243727793087	-0
0.1989388046518726	-0
0.2311532365244365	-0
0.2633676683970003	-0
0.2955821002695642	-0
0.3277965321421281	-0
0.360010964014692	-0
0.3922253958872559	-0
0.4244398277598198	-0
0.4566542596323837	-0
0.4888686915049476	-0.0001739317066744151
0.5210831233775115	-0.0009172985026909103
0.5532975552500754	-0.001789950469850113
0.5855119871226393	-0.002787091317077615
0.6177264189952032	-0.003902827444092392
0.6499408508677671	-0.005279452708888084
0.682155282740331	-0.006599677983473082
0.7143697146128949	-0.008004180174739924
0.7465841464854588	-0.009485505177320936
0.7787985783580227	-0.01103606385490098
0.8110130102305866	-0.01264816319174478
0.8432274421031505	-0.01431403354186238
0.8754418739757144	-0.01602585236937134
0.9076563058482783	-0.01777576483782361
0.9398707377208422	-0.01955590157344941
0.9720851695934061	-0.02135839389721537
1.00429960146597	-0.02343055516555905
1.036514033338534	-0.02521806511971574
1.068728465211098	-0.02698597357215618
1.100942897083662	-0.02872995407502903
1.133157328956226	-0.03044645638073593
1.165371760828789	-0.03213264131435315
1.197586192701353	-0.03378632096580406
1.229800624573917	-0.03540590378347746
1.262015056446481	-0.03699034418243626
1.294229488319045	-0.038539096309652
1.326443920191609	-0.03997317752436508
1.358658352064173	-0.0414601924004827
1.390872783936737	-0.04291833528466699
1.423087215809301	-0.04434771050454425
1.455301647681865	-0.0457485056499534
1.487516079554428	-0.04712098388589667
1.519730511426992	-0.04846547692345532
1.551944943299556	-0.04978237859480115
1.58415937517212	-0.05107213898270594
1.616373807044684	-0.05233525905890447
1.648588238917248	-0.05355974462154144
1.680802670789812	-0.05477251823751994
1.713017102662376	-0.05596136702767796
1.74523153453494	-0.05712681313649486
1.777445966407504	-0.05826936977080972
1.809660398280067	-0.05938954100691003
1.841874830152631	-0.06048782165423644
1.874089262025195	-0.06156469716864961
1.906303693897759	-0.06262064360898682
1.938518125770323	-0.06365612763133346
1.970732557642887	-0.06467061658995914
2.002946989515451	-0.06566662671479455
2.035161421388014	-0.06664359407792328
2.067375853260578	-0.06760193729140022
2.099590285133142	-0.06854206297159454
2.131804717005705	-0.06946436613970895
2.164019148878269	-0.07036923061060978
2.196233580750833	-0.07125702937003517
2.228448012623396	-0.0721281249402977
2.26066244449596	-0.07298286973463232
2.292876876368524	-0.07382097585842906
2.325091308241087	-0.07464418357713054
2.357305740113651	-0.07545204960018731
2.389520171986215	-0.0762448775750549
2.421734603858778	-0.07702296548451736
2.453949035731342	-0.07778660525651658
2.486163467603906	-0.07853608261535179
2.518377899476469	-0.07927167706594944
2.550592331349033	-0.07999366195396999
2.582806763221597	-0.08070230457002765
2.61502119509416	-0.08139772757607629
2.647235626966724	-0.08208023907440828
2.679450058839288	-0.08275045618629591
2.711664490711851	-0.08340836950757982
2.743878922584415	-0.08405421360430464
2.776093354456979	-0.08468821674139079
2.808307786329542	-0.08531060104537724
2.840522218202106	-0.08592158264878777
2.87273665007467	-0.08652137181342759
2.904951081947234	-0.08711017302892329
2.937165513819797	-0.08768847875791524
2.969379945692361	-0.08825450482025016
3.001594377564925	-0.08881161872850558
3.033808809437488	-0.08935858119181919
3.066023241310052	-0.08989555272104119
3.098237673182616	-0.09042268454897798
3.130452105055179	-0.09094011898418625
3.162666536927743	-0.09144798974591298
3.194880968800307	-0.09194642228105836
3.22709540067287	-0.09243553406397419
3.259309832545434	-0.09291552737880457
3.291524264417998	-0.09338502723078236
3.323738696290561	-0.09384690332647029
3.355953128163125	-0.09429994749187434
3.388167560035689	-0.09474423006245086
3.420381991908252	-0.09517981087182346
3.452596423780816	-0.09560673967050518
3.48481085565338	-0.09602505652431273
3.517025287525943	-0.09643479219357819
3.549239719398507	-0.09683596849420094
3.581454151271071	-0.09722864550832734
3.613668583143634	-0.09761336456581267
3.645883015016198	-0.09798885768165089
3.678097446888762	-0.09835574170746375
3.710311878761325	-0.09871400455030292
3.742526310633889	-0.09906362946196839
3.774740742506453	-0.09940459521270457
3.806955174379016	-0.09973687625732124
3.83916960625158	-0.1000604428941303
3.871384038124144	-0.1003752614170696
3.903598469996707	-0.1008530647413042
3.935812901869271	-0.1011360928852064
3.968027333741835	-0.1013937514412192
4.000241765614398	-0.1016299991739699
4.032456197486963	-0.1018472384732981
4.064670629359527	-0.102079056275177
4.096885061232091	-0.102330988228568
4.129099493104655	-0.1025737395816026
4.161313924977219	-0.1028072733121183
4.193528356849783	-0.1030315472472659
4.225742788722347	-0.1022727108638639
4.257957220594911	-0.1023964802764269
4.290171652467476	-0.1026214598852576
4.32238608434004	-0.103007547872898
4.354600516212604	-0.1036452542262612
4.386814948085168	-0.1048682847152709
4.419029379957732	-0.1069336796951356
4.451243811830296	-0.1099552115493152
4.48345824370286	-0.1143965724859445
4.515672675575424	-0.1210039931964857
4.547887107447989	-0.1858222913871259
4.580101539320553	-0.2113794411754708
4.612315971193117	-0.2412954797467461
4.644530403065681	-0.2760405462103369
4.676744834938245	-0.3160720412621783
4.708959266810809	-0.361827135005183
4.741173698683373	-0.4137046583384833
4.773388130555937	-0.4720497201966761
4.805602562428501	-0.5371402320812773
4.837816994301066	-0.6091764368270274
4.87003142617363	-0.8675201761517055
4.902245858046194	-0.8809816827525347
4.934460289918758	-0.933132154314642
4.966674721791322	-1.003227264728703
4.998889153663886	-1.08552448545386
5.03110358553645	-1.178007394313716
5.063318017409014	-1.279955681779114
5.095532449281579	-1.391205213621061
5.127746881154143	-1.511869057481631
5.159961313026707	-1.642215926561327
5.192175744899271	-1.800075267997248
5.224390176771835	-1.94868355495654
5.256604608644399	-2.107162575182529
5.288819040516963	-2.276208595890687
5.321033472389527	-2.456600364071693
5.353247904262092	-2.64915513399465
5.385462336134656	-2.854743417826522
5.41767676800722	-3.074292529438731
5.449891199879784	-3.308790239125379
5.482105631752348	-3.559288540422982
5.514320063624912	-3.827791148183062
5.546534495497476	-4.113699138984966
5.57874892737004	-4.419095562845646
5.610963359242604	-4.74532242611202
5.643177791115169	-5.093804520583214
5.675392222987733	-5.466069253716125
5.707606654860297	-5.863744196488406
5.739821086732861	-6.28856621359936
5.772035518605425	-6.742388858224216
5.804249950477989	-7.227190244776883
5.836464382350553	-7.745029228092582
5.868678814223117	-8.29827378204768
5.900893246095682	-8.889267826042877
5.933107677968246	-9.520524596175063
5.96532210984081	-10.19488244246855
5.997536541713374	-10.91521354050556
6.029750973585938	-11.68463403365702
6.061965405458502	-12.50646930346776
6.094179837331066	-13.38426804391176
6.12639426920363	-14.3218172729882
6.158608701076195	-15.32304099837382
6.190823132948759	-16.39249742686352
6.223037564821323	-17.53467075034908
6.255251996693887	-18.75441533506573
6.287466428566451	-20.05708398643291
6.319680860439015	-21.44821600206623
6.351895292311579	-22.93377787922004
6.384109724184143	-24.52013600715055
6.416324156056707	-26.21408345149511
6.448538587929272	-28.02286852731292
6.480753019801836	-29.95410472220917
6.5129674516744	-32.01629491855671
6.545181883546964	-34.21812499691691
6.577396315419528	-36.56894705386405
6.609610747292092	-39.07886933772774
6.641825179164656	-41.75854770811124
6.67403961103722	-44.61939269936954
6.706254042909785	-47.67357838219358
6.738468474782349	-50.93409340748848
6.770682906654913	-54.41479546103475
6.802897338527477	-58.13034919687168
6.835111770400041	-62.09677746071085
6.867326202272605	-66.33079155244704
6.899540634145169	-70.85025856881609
6.931755066017733	-75.67450679081824
6.963969497890298	-80.82389416181385
6.996183929762862	-86.32022350696114
7.028398361635426	-92.18675484200287
7.06061279350799	-98.44830266452553
7.092827225380554	-105.1313397395153
7.125041657253118	-112.2639824316017
7.157256089125682	-119.8766185514899
7.189470520998246	-128.0012680536088
7.22168495287081	-136.6722200930692
7.253899384743375	-145.9259374042899
7.286113816615939	-155.801682493918
7.318328248488503	-166.3409726704174
7.350542680361067	-177.5882176093594
7.382757112233631	-189.590792015438
7.414971544106195	-202.3992333692126
7.447185975978759	-216.0673137539732
7.479400407851323	-230.6528294968797
7.511614839723888	-246.2169949669704
7.543829271596452	-262.825253346173
7.576043703469016	-280.5473962785991
7.60825813534158	-299.4579295929806
7.640472567214144	-319.6362727101532
7.672686999086708	-341.1671622344419
7.704901430959272	-364.1409876271883
7.737115862831836	-388.6541679373673
7.769330294704401	-414.809389678066
7.801544726576965	-442.7166999027413
7.833759158449529	-472.4929693287535
7.865973590322093	-504.2630304479755
7.898188022194657	-538.160206549912
7.930402454067221	-574.3261952279955
7.962616885939785	-612.9126538176444
7.994831317812349	-654.0811849393338
8.027045749684913	-698.0041649495053
8.059260181557477	-744.8654616413062
8.091474613430041	-794.8609960102455
8.123689045302605	-848.2003832739308
8.155903477175169	-905.1065723125098
8.188117909047733	-965.8175790342744
8.220332340920297	-1030.587624512564
8.252546772792861	-1099.686821064765
8.284761204665426	-1173.404319281634
8.31697563653799	-1252.048204151565
8.349190068410554	-1335.947090315563
8.381404500283118	-1425.4514893012
8.413618932155682	-1520.935003603676
8.445833364028246	-1622.796950014192
8.47804779590081	-1731.462425925836
8.510262227773374	-1847.38511777731
8.542476659645938	-1971.048936213132
8.574691091518503	-2102.970551843174
8.606905523391067	-2243.699409563961
8.639119955263631	-2393.823216672157
8.671334387136195	-2553.968283241479
8.703548819008759	-2724.802638826418
8.735763250881323	-2907.038456502429
8.767977682753887	-3101.436444641764
8.800192114626451	-3308.8068784722
8.832406546499016	-3530.014357592155
8.86462097837158	-3765.98106455946
8.896835410244144	-4017.691429699918
8.929049842116708	-4286.19285099569
8.961264273989272	-4572.605084695268
8.993478705861836	-4878.121607120312
9.0256931377344	-5204.015374246806
9.057907569606964	-5551.643627980714
9.090122001479529	-5922.455497200038
9.122336433352093	-6317.99510383976
9.154550865224657	-6739.909879501045
9.186765297097221	-7189.956953135273
9.218979728969785	-7670.011908383707
9.251194160842349	-8182.070704597939
9.283408592714913	-8728.266701371387
9.315623024587477	-9310.873841899669
9.347837456460041	-9932.317474697145
9.380051888332606	-10595.18375642566
9.41226632020517	-11302.23312693203
9.444480752077734	-12056.40772053196
9.476695183950298	-12860.8462314525
9.508909615822862	-13718.89631681984
9.541124047695426	-14634.13109711857
9.57333847956799	-15610.35359258655
9.605552911440554	-16651.62792190333
9.637767343313119	-17762.28620992283
9.669981775185683	-18946.94898523496
9.702196207058247	-20210.5434249422
9.734410638930811	-21558.32766567705
9.766625070803375	-22995.90693659307
9.798839502675939	-24529.26055860611
9.831053934548503	-26164.76588608922
9.863268366421067	-27909.22924422972
9.895482798293632	-29769.89643457576
9.927697230166196	-31754.50899359203
9.95991166203876	-33871.31947744852
9.992126093911324	-36129.12978189701
10.02434052578389	-38537.32635476846
10.05655495765645	-41105.92463115996
10.08876938952902	-43845.60254028279
10.12098382140158	-46767.75011891617
10.15319825327414	-49884.51554921873
10.18541268514671	-53208.85561299896
10.21762711701927	-56754.59697650468
10.24984154889184	-60536.46320384122
10.2820559807644	-64570.18147409593
10.31427041263697	-68872.51802509667
10.34648484450953	-73461.35313128654
10.37869927638209	-78355.76311998774
10.41091370825466	-83576.08807575078
10.44312814012722	-89144.02380377628
10.47534257199979	-95082.71012495193
10.50755700387235	-101416.8269714879
10.53977143574491	-108172.8773678069
10.57198586761748	-115378.5669293173
10.60420029949004	-123064.0084696623
10.63641473136261	-131261.136143907
10.66862916323517	-140004.0077799646
10.70084359510773	-149328.9577116783
10.7330580269803	-159274.7316040795
10.76527245885286	-169882.6584920404
10.79748689072543	-181196.8203527585
10.82970132259799	-193264.2357700891
10.86191575447056	-206133.8854283517
10.89413018634312	-219861.6300271229
10.92634461821568	-234503.4466473269
10.95855905008825	-250120.2069536854
10.99077348196081	-266776.8293367004
11.02298791383338	-284542.5635200134
11.05520234570594	-303491.2536139667
11.0874167775785	-323701.6587898682
11.11963120945107	-345257.7751273516
11.15184564132363	-368249.1825719231
11.1840600731962	-392774.5438928628
11.21627450506876	-418929.4719393582
11.24848893694132	-446825.4481121413
11.28070336881389	-476578.3028526763
11.31291780068645	-508311.5680830139
11.34513223255902	-542157.0135129045
11.37734666443158	-578255.1611531789
11.40956109630415	-616755.8919179883
11.44177552817671	-657819.0643170286
11.47398996004927	-701615.1802364332
11.50620439192184	-748322.6085303021
11.5384188237944	-798142.2336796089
11.57063325566697	-851277.8500037722
11.60284768753953	-907950.171259388
11.63506211941209	-968394.5931129794
11.66727655128466	-1032862.202764826
11.69949098315722	-1101620.773188142
11.73170541502979	-1174955.905817391
11.76391984690235	-1253172.208348649
11.79613427877491	-1336594.558805341
11.82834871064748	-1425569.453560271
11.86056314252004	-1520463.263747565
11.89277757439261	-1621676.674152829
11.92499200626517	-1729627.017083431
11.95720643813774	-1844762.638815167
11.9894208700103	-1967561.72804302
12.02163530188286	-2098534.223317331
12.05384973375543	-2238223.963950871
12.08606416562799	-2387210.924348253
12.11827859750056	-2546113.60693018
12.15049302937312	-2715591.592532844
12.18270746124568	-2896383.898457736
12.21492189311825	-3089168.025616696
12.24713632499081	-3294777.140380186
12.27935075686338	-3514063.819608201
12.31156518873594	-3747937.455544489
12.3437796206085	-3997367.960341912
12.37599405248107	-4263389.890267767
12.40820848435363	-4547106.766696873
12.4404229162262	-4849695.707476154
12.47263734809876	-5172412.373808096
12.50485177997133	-5516497.058642955
12.53706621184389	-5883578.70658364
12.56928064371645	-6275090.850722613
12.60149507558902	-6692660.894370852
12.63370950746158	-7138024.653561134
12.66592393933415	-7613033.397386686
12.69813837120671	-8119661.589875601
12.73035280307927	-8660015.019980656
12.76256723495184	-9236339.486602917
12.7947816668244	-9851030.050823579
12.82699609869697	-10506764.03722997
12.85921053056953	-11206019.40130207
12.89142496244209	-11951811.42693
12.92363939431466	-12747236.00048135
12.95585382618722	-13595595.06598358
12.98806825805979	-14500410.1415059
13.02028268993235	-15465437.08075156
13.05249712180492	-16494681.65122544
13.08471155367748	-17592416.18689935
13.11692598555004	-18763197.3542109
13.14914041742261	-20011885.10627285
13.18135484929517	-21343605.00270193
13.21356928116774	-22764005.50499142
13.2457837130403	-24278927.30925059
13.27799814491286	-25894660.2683253
13.31021257678543	-27617912.62575473
13.34242700865799	-29455839.04969354
13.37464144053056	-31416070.29052058
13.40685587240312	-33506744.85934609
13.43907030427568	-35736542.81434262
13.47128473614825	-38114721.7951438
13.50349916802081	-40651155.8707812
13.53571359989338	-43356374.84468021
13.56792803176594	-46241610.41794074
13.60014246363851	-49318841.44386627
13.63235689551107	-52600843.65030132
13.66457132738363	-56101242.93973649
13.6967857592562	-59834571.89178478
13.72900019112876	-63816330.09290057
13.76121462300133	-68063048.48029438
13.79342905487389	-72592357.96713044
13.82564348674645	-77423063.23371951
13.85785791861902	-82575218.37193181
13.89007235049158	-88070213.63518295
13.92228678236415	-93930862.28438665
13.95450121423671	-100181495.2807776
13.98671564610927	-106848062.665204
14.01893007798184	-113958241.1935184
14.0511445098544	-121541549.2300152
14.08335894172697	-129629469.2855611
14.11557337359953	-138255578.7090574
14.1477878054721	-147455689.9349008
14.18000223734466	-157267995.6960616
14.21221666921722	-167733232.5400807
14.24443110108979	-178894847.1792716
14.27664553296235	-190799176.8231716
14.30885996483492	-203495642.0658352
14.34107439670748	-217036951.9119096
14.37328882858004	-231479322.5812904
14.40550326045261	-246882710.8723184
14.43771769232517	-263311063.0521713
14.46993212419774	-280833646.0623118
14.5021465560703	-299521078.8572502
14.53436098794286	-319451891.7695553
14.56657541981543	-340708814.1902907
14.59878985168799	-363380085.3131043
14.63100428356056	-387559823.0749444
14.66321871543312	-413348416.908946
14.69543314730569	-440852947.1112446
14.72764757917825	-470187632.4351847
14.75986201105081	-501474307.8326194
14.79207644292338	-534842934.3945308
14.82429087479594	-570423958.5407474
14.85650530666851	-608382151.7218863
14.88871973854107	-648867421.2254796
14.92093417041363	-692048120.4345124
14.9531486022862	-738103796.3859252
14.98536303415876	-787225928.1294875
15.01757746603133	-839618713.2920805
15.04979189790389	-895499905.6094756
15.08200632977645	-955101706.627281
15.11422076164902	-1018671714.962875
15.14643519352158	-1086497205.714737
15.17864962539415	-1158812146.101156
15.21086405726671	-1235938530.125571
15.24307848913928	-1318196111.212884
15.27529292101184	-1405925910.079307
15.3075073528844	-1499491636.717341
15.33972178475697	-1599281209.108521
15.37193621662953	-1705708374.971465
15.4041506485021	-1819214443.695386
15.43636508037466	-1940270136.121302
15.46857951224722	-2069348294.642022
15.50079394411979	-2207043697.990067
15.53300837599235	-2353900723.291859
15.56522280786492	-2510529180.991602
15.59743723973748	-2677579470.141789
15.62965167161004	-2855745275.516256
15.66186610348261	-3045766443.975173
15.69408053535517	-3248432051.228279
15.72629496722774	-3464583671.510705
15.7585093991003	-3695118863.497432
15.79072383097287	-3941008646.676166
15.82293826284543	-4203246393.329253
15.85515269471799	-4482933354.287066
15.88736712659056	-4781230576.191812
15.91958155846312	-5099376359.86081
15.95179599033569	-5438691399.723144
15.98401042220825	-5800584266.015059
16.01622485408081	-6186557251.737261
16.04843928595338	-6598212608.64462
16.08065371782594	-7037259198.165477
16.11286814969851	-7505519592.566949
16.14508258157107	-8004937607.329167
16.17729701344363	-8537586423.248227
16.2095114453162	-9105677151.470287
16.24172587718876	-9711568025.856668
16.27394030906133	-10357774190.137
16.30615474093389	-11046978138.06978
16.33836917280646	-11782040848.23832
16.37058360467902	-12566013659.69981
16.40279803655158	-13402150937.77841
16.43501246842415	-14293923582.57409
16.46722690029671	-15245033445.6108
16.49944133216928	-16259428657.72789
16.53165576404184	-17341320074.17702
16.5638701959144	-18495198715.98761
16.59608462778697	-19725854420.59866
16.62829905965953	-21038395723.72944
16.6605134915321	-22438271064.07914
16.69272792340466	-23931291398.86484
16.72494235527722	-25523654324.06707
16.75715678714979	-27221969799.4954
16.78937121902235	-29033287598.85447
16.82158565089492	-30965126517.754
16.85380008276748	-33025505663.32087
16.88601451464005	-35222977687.19682
16.91822894651261	-37566664298.39862
16.95044337838517	-40066294125.42043
16.98265781025774	-42732243097.44199
17.0148722421303	-45575577512.24632
17.04708667400287	-48608099969.59979
17.07930110587543	-51842398360.74182
17.11151553774799	-55291898136.54787
17.14372996962056	-58970917955.5856
17.17594440149312	-62894729231.13155
17.20815883336569	-67079619444.18583
17.24037326523825	-71542959765.75278
17.27258769711081	-76303277159.21999
17.30480212898338	-81380331279.95847
17.33701656085594	-86795196491.35596
17.36923099272851	-92570349337.95988
17.40144542460107	-98729761841.14645
17.43365985647364	-105299000986.5576
17.4658742883462	-112305334840.0543
17.49808872021876	-119777845764.7562
17.53030315209133	-127747551101.9948
17.56251758396389	-136247531854.5034
17.59473201583646	-145313070203.4598
17.62694644770902	-154981795648.8813
17.65916087958158	-165293841415.3281
17.69137531145415	-176292010952.5832
17.72358974332671	-188021955602.2297
17.75580417519928	-200532364047.8277
17.78801860707184	-213875164550.8482
17.82023303894441	-228105739897.0759
17.85244747081697	-243283159024.6847
17.88466190268953	-259470419004.7781
17.9168763345621	-276734709742.8861
17.94909076643466	-295147691138.1947
17.98130519830723	-314785790893.5625
18.01351963017979	-335730521722.9286
18.04573406205235	-358068819669.0424
18.07794849392492	-381893404927.0565
18.11016292579748	-407303166757.9417
18.14237735767005	-434403573640.126
18.17459178954261	-463307111422.5593
18.20680622141517	-494133749930.2601
18.23902065328774	-527011440956.4146
18.2712350851603	-562076649319.2086
18.30344951703287	-599474919250.3881
18.33566394890543	-639361478466.1315
18.367878380778	-681901882427.2938
18.40009281265056	-727272701452.4508
18.43230724452312	-775662253691.5753
18.46452167639569	-827271386279.8726
18.49673610826825	-882314309534.7375
18.52895054014082	-941019485633.6591
18.56116497201338	-1003630576905.495
18.59337940388594	-1070407457117.579
18.62559383575851	-1141627290044.014
18.65780826763107	-1217585679791.367
18.69002269950364	-1298597897655.663
18.7222371313762	-1385000190667.55
18.75445156324876	-1477151176997.921
18.78666599512133	-1575433334186.113
18.81888042699389	-1680254587079.694
18.85109485886646	-1792050000390.672
18.88330929073902	-1911283584463.102
18.91552372261159	-2038450221046.097
18.94773815448415	-2174077717187.562
18.97995258635671	-2318728995772.564
19.01216701822928	-2473004431796.859
19.04438145010184	-2637544344055.889
19.07659588197441	-2813031652872.665
19.10881031384697	-3000194713523.067
19.14102474571953	-3199810340248.29
19.1732391775921	-3412707029465.298
19.20545360946466	-3639768398369.146
19.23766804133723	-3881936852117.91
19.26988247320979	-4140217494991.396
19.30209690508235	-4415682301754.577
19.33431133695492	-4709474566536.443
19.36652576882748	-5022813647954.583
19.39874020070005	-5357000028626.243
19.43095463257261	-5713420714052.083
19.46316906444518	-6093554986865.771
19.49538349631774	-6498980547916.342
19.5275979281903	-6931380062746.548
19.55981236006287	-7392548144836.894
19.59202679193543	-7884398801303.117
19.624241223808	-8408973489347.925
19.65645565568056	-8968449090329.25
19.68867008755312	-9565147856453.639
19.72088451942569	-10201546219857.22
19.75309895129825	-10880285422291.97
19.78531338317082	-11604182436396.33
19.81752781504338	-12376241648604.98
19.84974224691594	-13199667325893.12
19.88195667878851	-14077876913947.72
19.91417111066107	-15014515219628.21
19.94638554253364	-16013469536948.68
19.9785999744062	-17078885779350.66
20.01081440627877	-18215185684643.54
20.04302883815133	-19427085167409.2
20.07524327002389	-20719613887162.02
20.10745770189646	-22098136121130.82
20.13967213376902	-23568373028655.23
20.17188656564159	-25136426391502.17
20.20410099751415	-26808803936423.88
20.23631542938671	-28592446341778.18
20.26852986125928	-30494756040803.48
20.30074429313184	-32523627941075.73
20.33295872500441	-34687482181372.01
20.36517315687697	-36995299098256.34
20.39738758874953	-39456656460447.73
20.4296020206221	-42081769233375.55
20.46181645249466	-44881531969781.04
20.49403088436723	-47867564017512.91
20.52624531623979	-51052257738861.23
20.55845974811236	-54448829936936.87
20.59067417998492	-58071376703238.06
20.62288861185748	-61934931913996.07
20.65510304373005	-66055529627435.92
20.68731747560261	-70450270585208.8
20.71953190747518	-75137393231262.31
20.75174633934774	-80136349359307.86
20.7839607712203	-85467884848127.98
20.81617520309287	-91154125747816.38
20.84838963496543	-97218670098362.55
20.880604066838	-103686685854856.5
20.91281849871056	-110585015325334.2
20.94503293058312	-117942286547806
20.97724736245569	-125789032489360.6
21.00946179432825	-134157816460029.5
21.04167622620082	-143083368913313.8
21.07389065807338	-152602730578121
21.10610508994595	-162755406383213.1
21.13831952181851	-173583529400384.3
21.17053395369107	-185132035676446.1
21.20274838556364	-197448850704504
21.2349628174362	-210585088298407
21.26717724930877	-224595262697177.8
21.29939168118133	-239537514746827.5
21.33160611305389	-255473853294018.4
21.36382054492646	-272470412307883.5
21.39603497679902	-290597725436106.9
21.42824940867159	-309931018652559.4
21.46046384054415	-330550522429027.9
21.49267827241671	-352541804649128.8
21.52489270428928	-375996125681028.6
21.55710713616184	-401010817068418.9
21.58932156803441	-427689685413128.8
21.62153599990697	-456143443084683.2
21.65375043177954	-486490167776303.8
21.6859648636521	-518855792258212.4
21.71817929552466	-553374627067798.5
21.75039372739723	-590189917777572.1
21.78260815926979	-629454439382783.4
21.81482259114236	-671331130132735.5
21.84703702301492	-715993767239562.5
21.87925145488748	-763627684716679
21.91146588676005	-814430674762300
21.94368031863261	-868613230737962.5
21.97589475050518	-926400499896081.9
22.00810918237774	-988032185390392.5
22.0403236142503	-1053764040601786
22.07253804612287	-1123868833378560
22.10475247799543	-1198637483804798
22.136966909868	-1278380207667057
22.16918134174056	-1363427993008140
22.20139577361313	-1454133710288210
22.23361020548569	-1550873763222163
22.26582463735825	-1654049601728418
22.29803906923082	-1764089342066450
22.33025350110338	-1881449620316241
22.36246793297595	-2006617435855317
22.39468236484851	-2140112183780558
22.42689679672107	-2282487776534044
22.45911122859364	-2434335164862230
22.4913256604662	-2596284264165342
22.52354009233877	-2769007174944700
22.55575452421133	-2953220616684853
22.58796895608389	-3149688973060235
22.62018338795646	-3359227537207428
22.65239781982902	-3582705776204833
22.68461225170159	-3821051018667861
22.71682668357415	-4075252282163892
22.74904111544672	-4346364376908276
22.78125554731928	-4635512282595382
22.81346997919184	-4943895816467302
22.84568441106441	-5272794612495405
22.87789884293697	-5623573433956006
22.91011327480954	-5997687695009989
22.9423277066821	-6396689957571732
22.97454213855466	-6822235779827122
23.00675657042723	-7276090935750982
23.03897100229979	-7760138662695321
23.07118543417236	-8276387474972057
23.10339986604492	-8826979497093524
23.13561429791748	-9414199350723366
23.16782872979005	-1.00404836313095e+16
23.20004316166261	-1.070843100944755e+16
23.23225759353518	-1.142081345447995e+16
23.26447202540774	-1.218058629295639e+16
23.29668645728031	-1.299090234416046e+16
23.32890088915287	-1.385512389586093e+16
23.36111532102543	-1.477683690750258e+16
23.393329752898	-1.575986589966537e+16
23.42554418477056	-1.680828986478354e+16
23.45775861664313	-1.792645945785337e+16
23.48997304851569	-1.91190267350982e+16
23.52218748038825	-2.039089450251498e+16
23.55440191226082	-2.17473950795907e+16
23.58661634413338	-2.31941311256426e+16
23.61883077600595	-2.47371123212802e+16
23.65104520787851	-2.638272442944501e+16
23.68325963975107	-2.813781937629515e+16
23.71547407162364	-3.000966707029754e+16
23.7476885034962	-3.200603548220856e+16
23.77990293536877	-3.413520814838017e+16
23.81211736724133	-3.640601949835133e+16
23.8443317991139	-3.882789159961315e+16
23.87654623098646	-4.141087317365423e+16
23.90876066285902	-4.416568169407992e+16
23.94097509473159	-4.71037472211779e+16
23.97318952660415	-5.023726026718951e+16
24.00540395847672	-5.357922225879145e+16
24.03761839034928	-5.714349947844979e+16
24.06983282222184	-6.094488059379292e+16
24.10204725409441	-6.499913801359385e+16
24.13426168596697	-6.932309332505191e+16
24.16647611783954	-7.393468708373912e+16
24.1986905497121	-7.885305334309122e+16
24.23090498158466	-8.409859864233414e+16
24.26311941345723	-8.969308726327285e+16
24.29533384532979	-9.565973113569014e+16
24.32754827720236	-1.020232862336429e+17
24.35976270907492	-1.088101552825137e+17
24.39197714094749	-1.160484972981489e+17
24.42419157282005	-1.237683444115907e+17
24.45640600469261	-1.320017264652647e+17
24.48862043656518	-1.407828038966203e+17
24.52083486843774	-1.501480098016245e+17
24.55304930031031	-1.601361997470071e+17
24.58526373218287	-1.707888149021036e+17
24.61747816405543	-1.821500527378916e+17
24.649692595928	-1.9426705067791e+17
24.68190702780056	-2.07190081653707e+17
24.71412145967313	-2.209727626661944e+17
24.74633589154569	-2.356722772124255e+17
24.77855032341825	-2.513496124933196e+17
24.81076475529082	-2.680698123493801e+17
24.84297918716338	-2.859022521646492e+17
24.87519361903595	-3.049209100500632e+17
24.90740805090851	-3.252046953959646e+17
24.93962248278108	-3.468377635694308e+17
24.97183691465364	-3.699098688663338e+17
25.0040513465262	-3.945167075229671e+17
25.03626577839877	-4.207604335881229e+17
25.06848021027133	-4.487498756378974e+17
25.1006946421439	-4.786011708279153e+17
25.13290907401646	-5.104381677785987e+17
25.16512350588902	-5.443929620960233e+17
25.19733793776159	-5.806064055244573e+17
25.22955236963415	-6.192287512904106e+17
25.26176680150672	-6.60420235635865e+17
25.29398123337928	-7.043517532728453e+17
25.32619566525184	-7.512055663439743e+17
25.35841009712441	-8.01176060544154e+17
25.39062452899697	-8.544705515278656e+17
25.42283896086954	-9.11310144963568e+17
25.4550533927421	-9.719306537913454e+17
25.48726782461467	-1.036583589959667e+18
25.51948225648723	-1.105537155144491e+18
25.55169668835979	-1.179077429028191e+18
25.58391112023236	-1.25750950807992e+18
25.61612555210492	-1.341158782440569e+18
25.64833998397749	-1.43037228555706e+18
25.68055441585005	-1.525496162593585e+18
25.71276884772261	-1.626974367305343e+18
25.74498327959518	-1.735205110004207e+18
25.77719771146774	-1.850637561009661e+18
25.80941214334031	-1.973750262533992e+18
25.84162657521287	-2.105063483134774e+18
25.87384100708543	-2.24509649079927e+18
25.906055438958	-2.394452128540201e+18
25.93826987083056	-2.553742357236908e+18
25.97048430270313	-2.723626258795834e+18
26.00269873457569	-2.90499065827235e+18
26.03491316644826	-3.098209788004621e+18
26.06712759832082	-3.304253199732999e+18
26.09934203019338	-3.523969348611729e+18
26.13155646206595	-3.758263600170694e+18
26.16377089393851	-4.008100923312799e+18
26.19598532581108	-4.274511832030358e+18
26.22819975768364	-4.558595733364232e+18
26.2604141895562	-4.861525997589557e+18
26.29262862142877	-5.184554860204113e+18
26.32484305330133	-5.528494935080159e+18
26.3570574851739	-5.895830524164798e+18
26.38927191704646	-6.287609602196584e+18
26.42148634891903	-6.705465928702892e+18
26.45370078079159	-7.151142794600408e+18
26.48591521266415	-7.626501375245181e+18
26.51812964453672	-8.133524638228004e+18
26.55034407640928	-8.674327799214196e+18
26.58255850828185	-9.251166129783327e+18
26.61477294015441	-9.866443923592356e+18
26.64698737202697	-1.052339579798454e+19
26.67920180389954	-1.122341424943622e+19
26.7114162357721	-1.19700116917264e+19
26.74363066764467	-1.276628156875819e+19
26.77584509951723	-1.361552252242067e+19
26.80805953138979	-1.452125310256313e+19
26.84027396326236	-1.548722499132245e+19
26.87248839513492	-1.651743957910237e+19
26.90470282700749	-1.761616446774206e+19
26.93691725888005	-1.878795133479463e+19
26.96913169075262	-2.003765501960477e+19
27.00134612262518	-2.137012676074949e+19
27.03356055449774	-2.279156660855779e+19
27.06577498637031	-2.430755213505062e+19
27.09798941824287	-2.592437510391604e+19
27.13020385011544	-2.764873647551613e+19
27.162418281988	-2.948779119187334e+19
27.19463271386056	-3.14491670508727e+19
27.22684714573313	-3.354099790121363e+19
27.25906157760569	-3.577195307430751e+19
27.29127600947826	-3.815122272419095e+19
27.32349044135082	-4.068919437837455e+19
27.35570487322338	-4.339547524851381e+19
27.38791930509595	-4.628187864724145e+19
27.42013373696851	-4.936025680768292e+19
27.45234816884108	-5.264342955773039e+19
27.48456260071364	-5.614497658389313e+19
27.51677703258621	-5.987942251208001e+19
27.54899146445877	-6.386225798414054e+19
27.58120589633133	-6.811000391969543e+19
27.6134203282039	-7.26402800464705e+19
27.64563476007646	-7.747187798549047e+19
27.67784919194903	-8.262483919641256e+19
27.71006362382159	-8.812053810419874e+19
27.74227805569415	-9.398177708791146e+19
27.77449248756672	-1.002328553044015e+20
27.80670691943928	-1.06899708140865e+20
27.83892135131185	-1.140099893846526e+20
27.87113578318441	-1.215931921086615e+20
27.90335021505697	-1.296807710068747e+20
27.93556464692954	-1.383062728674968e+20
27.9677790788021	-1.475054757248403e+20
27.99999351067467	-1.57316537269441e+20
28.03220794254723	-1.677801531276441e+20
28.0644223744198	-1.789397402616371e+20
28.09663680629236	-1.908415595579625e+20
28.12885123816492	-2.035349909749033e+20
28.16106567003749	-2.170726853605626e+20
28.19328010191005	-2.315107954337904e+20
28.22549453378262	-2.469092087319894e+20
28.25770896565518	-2.633317960788502e+20
28.28992339752774	-2.808466766249655e+20
28.32213782940031	-2.99526500609587e+20
28.35435226127287	-3.194487511037753e+20
28.38656669314544	-3.406961875125658e+20
28.418781125018	-3.633567430491729e+20
28.45099555689056	-3.875245074982213e+20
28.48320998876313	-4.132997425290739e+20
28.51542442063569	-4.407893942541018e+20
28.54763885250826	-4.701075620185489e+20
28.57985328438082	-5.013760593304138e+20
28.61206771625339	-5.347253754634426e+20
28.64428214812595	-5.703020434091629e+20
28.67649657999851	-6.082040849512856e+20
28.70871101187108	-6.486697099097692e+20
28.74092544374364	-6.918135830991709e+20
28.77313987561621	-7.378270139460296e+20
28.80535430748877	-7.869008541528367e+20
28.83756873936133	-8.392386501489734e+20
28.8697831712339	-8.950574869903059e+20
28.90199760310646	-9.545888885537204e+20
28.93421203497903	-1.018079777697084e+21
28.96642646685159	-1.085793500331662e+21
28.99864089872415	-1.158010917649321e+21
29.03085533059672	-1.235031304693014e+21
29.06306976246928	-1.317174670523395e+21
29.09528419434185	-1.404781473246061e+21
29.12749862621441	-1.498215086580401e+21
29.15971305808698	-1.597863051048436e+21
29.19192748995954	-1.704138680921136e+21
29.2241419218321	-1.8174827779299e+21
29.25635635370467	-1.938365458808166e+21
29.28857078557723	-2.067288104181414e+21
29.3207852174498	-2.20478543683567e+21
29.35299964932236	-2.351424557701031e+21
29.38521408119492	-2.507819502833084e+21
29.41742851306749	-2.674616566261508e+21
29.44964294494005	-2.852507853946752e+21
29.48185737681262	-3.042231800191405e+21
29.51407180868518	-3.244576767422092e+21
29.54628624055774	-3.460386503027441e+21
29.57850067243031	-3.690579534659824e+21
29.61071510430287	-3.933831095397206e+21
29.64292953617544	-4.197639310526406e+21
29.675143968048	-4.476890586534929e+21
29.70735839992057	-4.774651621265542e+21
29.73957283179313	-5.092214714761315e+21
29.77178726366569	-5.430897593607309e+21
29.80400169553826	-5.792105231197709e+21
29.83621612741082	-6.177335880244186e+21
29.86843055928339	-6.588187360789908e+21
29.90064499115595	-7.026363718196735e+21
29.93285942302851	-7.493682305082528e+21
29.96507385490108	-7.992081326030009e+21
29.99728828677364	-8.523608637788186e+21
30.02950271864621	-9.090506300517572e+21
30.06171715051877	-9.695108959474595e+21
30.09393158239133	-1.033992519230633e+22
30.1261460142639	-1.102763152799472e+22
30.15836044613646	-1.176108627198775e+22
30.19057487800903	-1.254335851930902e+22
30.22278930988159	-1.337852473754181e+22
30.25500374175416	-1.426703173398579e+22
30.28721817362672	-1.521601746865541e+22
30.31943260549928	-1.622814352119434e+22
30.35164703737185	-1.730745203697852e+22
30.38386146924441	-1.845854281681902e+22
30.41607590111698	-1.968618998602348e+22
30.44829033298954	-2.099548523801409e+22
30.4805047648621	-2.23918589839156e+22
30.51271919673467	-2.388110292604566e+22
30.54493362860723	-2.546939416269013e+22
30.5771480604798	-2.716332095037108e+22
30.60936249235236	-2.896991028336656e+22
30.64157692422492	-3.089654410412219e+22
30.67379135609749	-3.295139568769414e+22
30.70600578797005	-3.514291513257486e+22
30.73822021984262	-3.748020833936622e+22
30.77043465171518	-3.997307368193602e+22
30.80264908358775	-4.262976215793186e+22
30.83486351546031	-4.546620535539435e+22
30.86707794733287	-4.849011834718697e+22
30.89929237920544	-5.171506204378106e+22
30.931506811078	-5.515445690643588e+22
30.96372124295057	-5.88232519884492e+22
30.99593567482313	-6.27351852607398e+22
31.02815010669569	-6.69072670555571e+22
31.06036453856826	-7.135680165167729e+22
31.09257897044082	-7.610224489792877e+22
31.12479340231339	-8.116328090051423e+22
31.15700783418595	-8.656090382168859e+22
31.18922226605851	-9.23175051307981e+22
31.22143669793108	-9.845696667153707e+22
31.25365112980364	-1.05004759933314e+23
31.28586556167621	-1.119887608117688e+23
31.31807999354877	-1.194365914605502e+23
31.35029442542134	-1.273797243970637e+23
31.3825088572939	-1.358510738236327e+23
31.41472328916646	-1.448857178393218e+23
31.44693772103903	-1.545210097392468e+23
31.47915215291159	-1.647966307121131e+23
31.51136658478416	-1.757543491028216e+23
31.54358101665672	-1.874354231302619e+23
31.57579544852928	-1.993297632825335e+23
31.60800988040185	-2.132347823746693e+23
31.64022431227441	-2.274061229774394e+23
31.67243874414698	-2.42526977322962e+23
31.70465317601954	-2.586553080526281e+23
31.7368676078921	-2.758570946204975e+23
31.76908203976467	-2.942033917228673e+23
31.80129647163723	-3.137701775281925e+23
31.8335109035098	-3.346385587843081e+23
31.86572533538236	-3.56895070975815e+23
31.89793976725493	-3.806320229429e+23
31.93015419912749	-4.059478733788488e+23
31.96236863100005	-4.32947636128932e+23
31.99458306287262	-4.617433141979055e+23
32.02679749474518	-4.924543635105805e+23
32.05901192661774	-5.252081879985512e+23
32.0912263584903	-5.60140667892738e+23
32.12344079036286	-5.973967233221094e+23
32.15565522223542	-6.371309155066936e+23
32.18786965410798	-6.795080880105339e+23
32.22008408598055	-7.247040506986224e+23
