0
1000	0.5109989461	100000000000000.1
5	0	0	1
5	0	0	0
-0.654933961680612	-0
-0.6220263826274882	-0
-0.5891188035743644	-0
-0.5562112245212406	-0
-0.5233036454681168	-0
-0.490396066414993	-0
-0.4574884873618692	-0
-0.4245809083087454	-0
-0.3916733292556216	-0
-0.3587657502024978	-0
-0.325858171149374	-0
-0.2929505920962502	-0
-0.2600430130431264	-0
-0.2271354339900026	-0
-0.1942278549368788	-0
-0.161320275883755	-0
-0.1284126968306312	-0
-0.09550511777750736	-0
-0.06259753872438356	-0
-0.02968995967125975	-0
0.003217619381864059	-0
0.03612519843498787	-0
0.06903277748811168	-0
0.1019403565412355	-0
0.1348479355943593	-0
0.1677555146474831	-0
0.2006630937006069	-0
0.2335706727537307	-0
0.2664782518068545	-0
0.2993858308599783	-0
0.3322934099131021	-0
0.3652009889662259	-0
0.3981085680193497	-0
0.4310161470724735	-0
0.4639237261255973	-0
0.4968313051787211	-0
0.529738884231845	-0
0.5626464632849688	-0
0.5955540423380926	-0
0.6284616213912164	-0
0.6613692004443402	-0
0.694276779497464	-0
0.7271843585505878	-0
0.7600919376037116	-0
0.7929995166568354	-0
0.8259070957099592	-0
0.858814674763083	-0
0.8917222538162068	-0
0.9246298328693306	-0
0.9575374119224545	-0
0.9904449909755783	-0
1.023352570028702	-0
1.056260149081826	-0
1.08916772813495	-0
1.122075307188074	-0
1.154982886241198	-0
1.187890465294322	-0
1.220798044347446	-0
1.253705623400569	-0
1.286613202453693	-0
1.319520781506817	-0
1.352428360559941	-0
1.385335939613065	-0
1.418243518666189	-0
1.451151097719313	-0
1.484058676772437	-0
1.516966255825561	-0
1.549873834878685	-0
1.582781413931809	-0
1.615688992984933	-0
1.648596572038056	-0
1.68150415109118	-0
1.714411730144304	-0
1.747319309197428	-0
1.780226888250552	-0
1.813134467303676	-0
1.8460420463568	-0
1.878949625409924	-0
1.911857204463048	-0
1.944764783516172	-0
1.977672362569296	-0
2.010579941622419	-0
2.043487520675543	-0
2.076395099728667	-0
2.109302678781791	-0
2.142210257834915	-0
2.175117836888039	-0
2.208025415941163	-0
2.240932994994287	-0
2.273840574047411	-0
2.306748153100535	-0
2.339655732153659	-0
2.372563311206783	-0
2.405470890259906	-0
2.43837846931303	-0
2.471286048366154	-0
2.504193627419278	-0
2.537101206472402	-0
2.570008785525526	-0
2.60291636457865	-0
2.635823943631774	-0
2.668731522684898	-0
2.701639101738022	-0
2.734546680791146	-0
2.76745425984427	-0
2.800361838897393	-0
2.833269417950517	-0
2.866176997003641	-0
2.899084576056765	-0
2.931992155109889	-0
2.964899734163013	-0
2.997807313216137	-0
3.030714892269261	-0
3.063622471322385	-0
3.096530050375509	-0
3.129437629428633	-0
3.162345208481756	-0
3.19525278753488	-0
3.228160366588004	-0
3.261067945641128	-0
3.293975524694252	-0
3.326883103747376	-0
3.3597906828005	-0
3.392698261853624	-0
3.425605840906748	-0
3.458513419959872	-0
3.491420999012996	-0
3.52432857806612	-0
3.557236157119243	-0
3.590143736172367	-0
3.623051315225491	-0
3.655958894278615	-0
3.688866473331739	-0
3.721774052384863	-0
3.754681631437987	-0
3.787589210491111	-0
3.820496789544235	-0
3.853404368597359	-0
3.886311947650483	-0
3.919219526703607	-0
3.95212710575673	-0
3.985034684809854	5.194466968765607e-05
4.017942263862978	8.553252801258615e-05
4.050849842916102	0.0001076175134984684
4.083757421969225	0.0001198672295829305
4.116665001022349	0.0001165528248217537
4.149572580075472	0.0001169389843987618
4.182480159128596	0.0001198907686958125
4.215387738181719	0.0001395703080756431
4.248295317234843	0.0001207888242894437
4.281202896287966	0.0001214319661865655
4.314110475341089	0.0001106307207433495
4.347018054394213	0.0001222916952479876
4.379925633447336	0.0001195422863809302
4.41283321250046	0.0001161920217653345
4.445740791553583	0.0001318030722062973
4.478648370606707	0.0001989044448265073
4.51155594965983	0.0003628843474917664
4.544463528712954	0.0006372745504921186
4.577371107766077	0.001082749527503414
4.610278686819201	0.001506662191812494
4.643186265872324	0.002092686515884763
4.676093844925448	0.002962085597362323
4.709001423978571	0.004424229124129805
4.741909003031695	0.006056626287926801
4.774816582084818	0.008020774328871532
4.807724161137942	0.01117212168580176
4.840631740191065	0.01409263798338104
4.873539319244188	0.0187030901030061
4.906446898297312	0.02337274406586286
4.939354477350435	0.02983386396527251
4.972262056403559	0.03782780696036733
5.005169635456682	0.04556468108498886
5.038077214509806	0.0556085559182091
5.070984793562929	0.06574032653254666
5.103892372616053	0.07860685292910152
5.136799951669176	0.09168972880767146
5.1697075307223	0.106946173901684
5.202615109775423	0.124273905297892
5.235522688828547	0.1420013076871069
5.26843026788167	0.162498687815088
5.301337846934794	0.1832077250266009
5.334245425987917	0.2079905269340777
5.367153005041041	0.233639532040765
5.400060584094164	0.2613916940494408
5.432968163147287	0.2925586805858095
5.465875742200411	0.3236879723552517
5.498783321253534	0.3602306036390442
5.531690900306658	0.3978912604666255
5.564598479359781	0.4379920349573733
5.597506058412905	0.4829385976936146
5.630413637466028	0.5299179389939271
5.663321216519152	0.5799482204247834
5.696228795572275	0.6343627917868008
5.729136374625399	0.6921029016912672
5.762043953678522	0.7534126878927226
5.794951532731646	0.8187416272685468
5.827859111784769	0.8887515955087359
5.860766690837893	0.9630000321710946
5.893674269891016	1.042385787800038
5.92658184894414	1.126590952078908
5.959489427997263	1.215975174682071
5.992397007050386	1.311044872583303
6.02530458610351	1.411763705234508
6.058212165156633	1.51776036235524
6.091119744209757	1.631134341002418
6.12402732326288	1.750942861286664
6.156934902316004	1.877129449797651
6.189842481369127	2.011955209335552
6.222750060422251	2.153942458901275
6.255657639475374	2.304312114647517
6.288565218528498	2.462374456043433
6.321472797581621	2.630021120770477
6.354380376634745	2.806845110832854
6.387287955687868	2.992385163243241
6.420195534740992	3.189498541404587
6.453103113794115	3.396896419159062
6.486010692847239	3.616561478690247
6.518918271900362	3.846384934759118
6.551825850953485	4.089066560369914
6.584733430006609	4.3460533035862
6.617641009059732	4.615674248440584
6.650548588112856	4.898908233207208
6.683456167165979	5.197051737552606
6.716363746219103	5.511837288493457
6.749271325272226	5.841099224036374
6.78217890432535	6.18879309549396
6.815086483378473	6.554180824271242
6.847994062431597	6.939063320559264
6.88090164148472	7.341235582289752
6.913809220537844	7.76504023998555
6.946716799590967	8.211191893889474
6.979624378644091	8.67868297345658
7.012531957697214	9.16887913646323
7.045439536750338	9.683527946462274
7.078347115803461	10.22479810510825
7.111254694856584	10.79204008097556
7.144162273909708	11.3866751172617
7.177069852962831	12.00980472218432
7.209977432015955	12.66547151638523
7.242885011069078	13.35161971614245
7.275792590122202	14.07028342376315
7.308700169175325	14.82293786937958
7.341607748228449	15.61326827036017
7.374515327281572	16.44204143360053
7.407422906334696	17.30862514133669
7.440330485387819	18.216940265028
7.473238064440943	19.16743261110705
7.506145643494066	20.1640999908508
7.53905322254719	21.20680198912735
7.571960801600313	22.29847966445968
7.604868380653437	23.44102645274613
7.63777595970656	24.63590168575937
7.670683538759683	25.8882587571289
7.703591117812807	27.19685458438506
7.73649869686593	28.56645970628668
7.769406275919054	29.9989342108368
7.802313854972177	31.49699018666416
7.835221434025301	33.06311232193361
7.868129013078424	34.70114194974678
7.901036592131548	36.41371533700779
7.933944171184671	38.20391906012804
7.966851750237795	40.07467209394019
7.999759329290918	42.02987494078798
8.032666908344043	44.07337827717331
8.065574487397166	46.20856137604952
8.098482066450289	48.43955067592738
8.131389645503413	50.77006886034916
8.164297224556536	53.20410546587606
8.19720480360966	55.74703367584979
8.230112382662783	58.40282801621778
8.263019961715907	61.17628520341862
8.29592754076903	64.07200470399391
8.328835119822154	67.09523007494474
8.361742698875277	70.25225847168522
8.394650277928401	73.54762306515399
8.427557856981524	76.98766278940464
8.460465436034648	80.57825546130634
8.493373015087771	84.32594446329207
8.526280594140895	88.23574746563698
8.559188173194018	92.31667126574101
8.592095752247142	96.5747472269364
8.625003331300265	101.0174047446755
8.657910910353388	105.6513243651987
8.690818489406512	110.487384171146
8.723726068459635	115.5297945805143
8.756633647512759	120.790570636905
8.789541226565882	126.2770453067095
8.822448805619006	131.9988809319657
8.855356384672129	137.9651051731378
8.888263963725253	144.1879406818786
8.921171542778376	150.6739395282993
8.9540791218315	157.4381524449691
8.986986700884623	164.4898915348328
9.019894279937747	171.8411322278673
9.05280185899087	179.5034044260036
9.085709438043994	187.4916856408921
9.118617017097117	195.8168276518661
9.15152459615024	204.4927854812942
9.184432175203364	213.5352758504134
9.217339754256487	222.9585800740804
9.250247333309611	232.7772033795853
9.283154912362734	243.0085196619622
9.316062491415858	253.6697427240256
9.348970070468981	264.7766264226731
9.381877649522105	276.3466272306332
9.414785228575228	288.4010208966233
9.447692807628352	300.9569056225093
9.480600386681475	314.0366774691813
9.513507965734599	327.6615862777279
9.546415544787722	341.8508216636865
9.579323123840846	356.6289186088601
9.612230702893969	372.0144112904855
9.645138281947093	388.0418484232634
9.678045861000216	404.7303819270153
9.710953440053339	422.1085030866585
9.743861019106463	440.2012313270207
9.776768598159586	459.0410519729326
9.80967617721271	478.6548245091844
9.842583756265833	499.0745446728067
9.875491335318957	520.3266956286244
9.90839891437208	542.4536746346713
9.941306493425204	565.4837620842681
9.974214072478327	589.4545516937017
10.00712165153145	614.4009025141122
10.04002923058457	640.3642876595409
10.0729368096377	667.3824163058598
10.10584438869082	695.4973119560495
10.13875196774394	724.7479711949891
10.17165954679707	755.1872463555864
10.20456712585019	786.855454806168
10.23747470490332	819.8003115415637
10.27038228395644	854.1596517361398
10.30328986300956	889.8549006194889
10.33619744206269	927.0038026012397
10.36910502111581	965.6742337485899
10.40201260016893	1006.153657676349
10.43492017922206	1047.508827547282
10.46782775827518	1091.167245604255
10.5007353373283	1136.51972243204
10.53364291638143	1183.754199794806
10.56655049543455	1232.63286419931
10.59945807448767	1283.318746855006
10.6323656535408	1336.604017148674
10.66527323259392	1392.13176455659
10.69818081164704	1447.829095648804
10.73108839070017	1509.630053740573
10.76399596975329	1572.49042257993
10.79690354880641	1638.013991307722
10.82981112785954	1706.570453054372
10.86271870691266	1777.321021686029
10.89562628596578	1851.249601389426
10.92853386501891	1929.386152137717
10.96144144407203	2010.579485919338
10.99434902312515	2092.371562067509
11.02725660217828	2183.218566796044
11.0601641812314	2275.835511573652
11.09307176028453	2372.924418524542
11.12597933933765	2474.240645619444
11.15888691839077	2579.592105863398
11.1917944974439	2690.258263915126
11.22470207649702	2806.650517937264
11.25760965555014	2928.076974458124
11.29051723460327	3055.270952810366
11.32342481365639	3187.776738300359
11.35633239270951	3326.627917202258
11.38923997176264	3473.025646269416
11.42214755081576	3625.958094154422
11.45505512986888	3786.258986386493
11.48796270892201	3953.850057915704
11.52087028797513	4129.298059019976
11.55377786702825	4314.125539497797
11.58668544608138	4507.631413272617
11.6195930251345	4710.597383975831
11.65250060418762	4922.793648948136
11.68540818324075	5146.126484161047
11.71831576229387	5380.236494077684
11.75122334134699	5625.784647874431
11.78413092040012	5883.383953795627
11.81703849945324	6152.76974602894
11.84994607850637	6436.051507434702
11.88285365755949	6733.986039089768
11.91576123661261	7046.167532932298
11.94866881566574	7373.587733542054
11.98157639471886	7717.635061661707
12.01448397377198	8076.721358268891
12.04739155282511	8455.27884689552
12.08029913187823	8852.177991046625
12.11320671093135	9268.48853353415
12.14611428998448	9705.321329110537
12.1790218690376	10162.83570492321
12.21192944809072	10643.90607946989
12.24483702714385	11148.19285434686
12.27774460619697	11676.99302479224
12.31065218525009	12231.5726239104
12.34355976430322	12813.36716998268
12.37646734335634	13421.82029296889
12.40937492240946	14061.88026002017
12.44228250146259	14732.10566426768
12.47519008051571	15434.57941943467
12.50809765956883	16170.79230685557
12.54100523862196	16942.55116682646
12.57391281767508	17750.04615339978
12.6068203967282	18596.87065960655
12.63972797578133	19483.7778204423
12.67263555483445	20412.57041690682
12.70554313388758	21385.09645992482
12.7384507129407	22403.61566082812
12.77135829199382	23468.64776693186
12.80426587104695	24583.98526074483
12.83717345010007	25750.8428812685
12.87008102915319	26971.45458888279
12.90298860820632	28248.07748792323
12.93589618725944	29583.28960705193
12.96880376631256	30978.02972301574
13.00171134536569	32436.94761824547
13.03461892441881	33961.31050446796
13.06752650347193	35553.87987313548
13.10043408252506	37217.35098911843
13.13334166157818	38954.6643812484
13.1662492406313	40766.50478166775
13.19915681968443	42661.128583246
13.23206439873755	44636.95070608935
13.26497197779067	46698.27830254775
13.2978795568438	48848.56072507818
13.33078713589692	51091.18232408437
13.36369471495004	53430.00321319047
13.39660229400317	55866.00799526297
13.42950987305629	58406.16780680649
13.46241745210942	61052.51393876808
13.49532503116254	63809.05557665163
13.52823261021566	66679.7126409468
13.56114018926879	69668.47859756535
13.59404776832191	72780.24797557438
13.62695534737503	76016.14826595016
13.65986292642816	79384.61324239286
13.69277050548128	82888.13583088075
13.7256780845344	86531.55942600721
13.75858566358753	90319.67094301271
13.79149324264065	94256.84071272567
13.82440082169377	98348.99705661183
13.8573084007469	102598.7857791853
13.89021597980002	107014.6300960855
13.92312355885314	111600.4232661022
13.95603113790627	116361.5988654397
13.98893871695939	121303.5789982029
14.02184629601251	126432.9450057526
14.05475387506564	131754.5590621521
14.08766145411876	137273.3015244225
14.12056903317188	142999.1773714128
14.15347661222501	148935.5402473797
14.18638419127813	155089.5032777454
14.21929177033125	161467.9858014426
14.25219934938438	168077.6326752396
14.2851069284375	174926.1675169809
14.31801450749063	182019.3784086816
14.35092208654375	189364.3825406548
14.38382966559687	196970.8385786446
14.41673724465	204845.4481210973
14.44964482370312	212995.8528836879
14.48255240275624	221430.3664496339
14.51545998180937	230157.572804554
14.54836756086249	239185.2276386178
14.58127513991561	248525.9999856138
14.61418271896874	258178.0782768526
14.64709029802186	268161.0864830946
14.67999787707498	278480.7389871546
14.71290545612811	289146.681278801
14.74581303518123	300168.7721931249
14.77872061423435	311558.0871440387
14.81162819328748	323322.6180558483
14.8445357723406	335475.0888674909
14.87744335139372	348021.4015374031
14.91035093044685	360978.0870681183
14.94325850949997	374355.1699363271
14.97616608855309	388164.8217678208
15.00907366760622	402416.7251418591
15.04198124665934	417123.4532064763
15.07488882571247	432297.9169035016
15.10779640476559	447951.6701140323
15.14070398381871	464098.869380661
15.17361156287184	480755.0833684116
15.20651914192496	497930.0645112231
15.23942672097808	515637.2537095058
15.27233430003121	533894.794965432
15.30524187908433	552715.6107530172
15.33814945813745	572114.9240083386
15.37105703719058	592108.3207166787
15.4039646162437	612712.3706286588
15.43687219529682	633937.7706221081
15.46977977434995	655808.4401678561
15.50268735340307	678337.5537307713
15.53559493245619	701544.0668585276
15.56850251150932	725450.143127578
15.60141009056244	750064.5107014052
15.63431766961556	775406.1817626103
15.66722524866869	801498.5754493093
15.70013282772181	828363.8362942415
15.73304040677493	856010.1286989161
15.76594798582806	884473.4816819376
15.79885556488118	913765.4357192753
15.8317631439343	943907.3131129182
15.86467072298743	974921.0485304999
15.89757830204055	1006830.382934928
15.93048588109368	1039660.106106996
15.9633934601468	1073432.281089469
15.99630103919992	1108177.18072757
16.02920861825305	1143906.219159567
16.06211619730617	1180646.256751596
16.09502377635929	1218394.300912087
16.12793135541242	1257387.649707505
16.16083893446554	1297300.232713685
16.19374651351866	1338377.624689968
16.22665409257179	1380603.033015616
16.25956167162491	1424018.072062884
16.29246925067804	1468630.148584255
16.32537682973116	1514798.018079186
16.35828440878428	1561674.808196928
16.39119198783741	1610104.62674393
16.42409956689053	1659878.346801168
16.45700714594365	1711016.535084974
16.48991472499678	1763555.312778594
16.5228223040499	1817489.330419634
16.55572988310302	1873087.159006769
16.58863746215615	1930002.418767892
16.62154504120927	1988497.24399253
16.65445262026239	2048586.35002298
16.68736019931552	2110287.293400537
16.72026777836864	2173646.542163854
16.75317535742176	2238603.138884478
16.78608293647489	2305613.23000823
16.81899051552801	2374186.033067057
16.85189809458113	2444606.679967453
16.88480567363426	2516825.781219216
16.91771325268738	2591050.651874549
16.9506208317405	2667243.615331869
16.98352841079363	2745354.0689237
17.01643598984675	2825823.56661077
17.04934356889988	2908234.358474511
17.082251147953	2992832.431358403
17.11515872700612	3079611.966164313
17.14806630605925	3168729.556589922
17.18097388511237	3260182.67144232
17.21388146416549	3354131.948628318
17.24678904321862	3450632.555043628
17.27969662227174	3549415.57978906
17.31260420132486	3650775.251897405
17.34551178037799	3754669.370617134
17.37841935943111	3861325.520945495
17.41132693848423	3970719.024129692
17.44423451753736	4082999.060303438
17.47714209659048	4198231.088925513
17.5100496756436	4316162.888030404
17.54295725469673	4437033.508233643
17.57586483374985	4560986.073365947
17.60877241280297	4688186.400253505
17.6416799918561	4818598.571792373
17.67458757090922	4952485.843326491
17.70749514996234	5089282.314363358
17.74040272901547	5230129.84025575
17.77331030806859	5374078.180032399
17.80621788712171	5521642.588339976
17.83912546617484	5672947.911554548
17.87203304522796	5827844.460560219
17.90494062428109	5986984.220033385
17.93784820333421	6149899.003151826
17.97075578238733	6317130.723442084
18.00366336144046	6488125.650544526
18.03657094049358	6663405.167919273
18.0694785195467	6843085.603670175
18.10238609859983	7027329.631361252
18.13529367765295	7216047.643301328
18.16820125670607	7409707.371647816
18.2011088357592	7608037.907318833
18.23401641481232	7811834.921336565
18.26692399386544	8019909.19476714
18.29983157291857	8233230.373240135
18.33273915197169	8451906.407675814
18.36564673102481	8675767.906342017
18.39855431007794	8905556.904931074
18.43146188913106	9140797.591311641
18.46436946818418	9382007.308429534
18.49727704723731	9629054.500692127
18.53018462629043	9881830.728874797
18.56309220534355	10140762.29939313
18.59599978439668	10405973.98439608
18.6289073634498	10677863.62771704
18.66181494250293	10956590.96973707
18.69472252155605	11242230.72783569
18.72763010060917	11534453.32254049
18.7605376796623	11833468.6222928
18.79344525871542	12140158.73983047
18.82635283776854	12453932.35045072
18.85926041682167	12775253.58093141
18.89216799587479	13104401.82322372
18.92507557492791	13441670.41096643
18.95798315398104	13787251.71578294
18.99089073303416	14140774.36518834
19.02379831208728	14502491.69245054
19.05670589114041	14873456.60563019
19.08961347019353	15252552.10820861
19.12252104924665	15640801.38173533
19.15542862829978	16038579.80371726
19.1883362073529	16446051.80058995
19.22124378640602	16863275.46218216
19.25415136545915	17290159.25235027
19.28705894451227	17726996.73570967
19.31996652356539	18174333.69084872
19.35287410261852	18632442.53985073
19.38578168167164	19100822.23779048
19.41868926072476	19580708.70425153
19.45159683977789	20071971.68520794
19.48450441883101	20575372.54582583
19.51741199788414	21090077.71260606
19.55031957693726	21616700.16600022
19.58322715599038	22155882.97931755
19.61613473504351	22707696.45426143
19.64904231409663	23272744.56912303
19.68194989314975	23850331.53842789
19.71485747220288	24441919.47037355
19.747765051256	25047831.50264483
19.78067263030912	25667416.96178241
19.81358020936225	26301354.99514987
19.84648778841537	26950056.4934058
19.87939536746849	27614069.6124876
19.91230294652162	28293425.81553686
19.94521052557474	28988290.76176075
19.97811810462786	29699837.098602
20.01102568368099	30427944.8624042
20.04393326273411	31172997.42952809
20.07684084178723	31935130.26936815
20.10974842084036	32714819.14064576
20.14265599989348	33512668.29308254
20.1755635789466	34328989.55119833
20.20847115799973	35163740.79912312
20.24137873705285	36018395.035457
20.27428631610598	36891269.83418994
20.3071938951591	37788012.07261407
20.34010147421222	38703513.52646338
20.37300905326535	39640374.427394
20.40591663231847	40598844.90954266
20.43882421137159	41579252.63277575
20.47173179042472	42582327.27035189
20.50463936947784	43608685.64321246
20.53754694853096	44659442.51263823
20.57045452758409	45733968.42033698
20.60336210663721	46832454.63373899
20.63626968569033	47958453.86841423
20.66917726474346	49109217.00534945
20.70208484379658	50286445.09671886
20.7349924228497	51490355.07979786
20.76790000190283	52722523.91185673
20.80080758095595	53983483.56573655
20.83371516000907	55272983.7548246
20.8666227390622	56592170.6854797
20.89953031811532	57942279.73524091
20.93243789716844	59323435.3274176
20.96534547622157	60736689.80722111
20.99825305527469	62182365.10704249
21.03116063432782	63661581.20209379
21.06406821338094	65175538.42016037
21.09697579243406	66724167.21900941
21.12988337148719	68308223.55211455
21.16279095054031	69929458.12573043
21.19569852959343	71588742.30813496
21.22860610864656	73286160.53874531
21.26151368769968	75022756.26014505
21.2944212667528	76799172.37421419
21.32732884580593	78618280.97994538
21.36023642485905	80479468.38952185
21.39314400391217	82383349.09677023
21.4260515829653	84331333.45741872
21.45895916201842	86324969.62951347
21.49186674107154	88365237.52767527
21.52477432012467	90453641.25524586
21.55768189917779	92590372.96615534
21.59058947823091	94776533.40353781
21.62349705728404	97014461.46366638
21.65640463633716	99304850.6905816
21.68931221539028	101649384.767935
21.72221979444341	104048606.0711949
21.75512737349653	106504541.2222296
21.78803495254965	109018094.6071801
21.82094253160278	111591310.5236311
21.8538501106559	114225591.8811822
21.88675768970903	116921691.626657
21.91966526876215	119682009.9476569
21.95257284781527	122508377.6218753
21.9854804268684	125401341.0197691
22.01838800592152	128363732.2836979
22.05129558497464	131397017.4397209
22.08420316402777	134502370.3323012
22.11711074308089	137682247.8452384
22.15001832213401	140938294.3876909
22.18292590118714	144271713.5024477
22.21583348024026	147686603.0645749
22.24874105929338	151184390.7017861
22.28164863834651	154765949.9868391
22.31455621739963	158434517.957772
22.34746379645275	162192379.278457
22.38037137550588	166041854.8829733
22.413278954559	169984848.7701166
22.44618653361212	174024424.8885345
22.47909411266525	178161789.4094164
22.51200169171837	182401645.1325214
22.54490927077149	186746609.1284283
22.57781684982462	191197805.4791123
22.61072442887774	195758724.5164481
22.64363200793087	200432992.4430278
22.67653958698399	205223258.7284572
22.70944716603711	210132551.9244034
22.74235474509024	215164534.2635949
22.77526232414336	220320903.3496107
22.80816990319648	225607772.7632192
22.84107748224961	231026851.2474195
22.87398506130273	236583585.5796131
22.90689264035585	242280232.651462
22.93980021940898	248120980.4197695
22.9727077984621	254110224.1296472
23.00561537751522	260251805.2805233
23.03852295656835	266550186.3564243
23.07143053562147	273008395.3624648
23.10433811467459	279633840.1402993
23.13724569372772	286429649.1870177
23.17015327278084	293400891.9171501
23.20306085183396	300552628.7696421
23.23596843088709	307888193.7224227
23.26887600994021	315416418.6778774
23.30178358899333	323139711.4404424
23.33469116804646	331064873.8396485
23.36759874709958	339197599.85405
23.4005063261527	347543214.687068
23.43341390520583	356109829.3260596
23.46632148425895	364902137.8183377
23.49922906331208	373927531.9762092
23.5321366423652	383193121.787126
23.56504422141832	392704493.272564
23.59795180047145	402470450.1869347
23.63085937952457	412497702.2568861
23.66376695857769	422794667.7641133
23.69667453763082	433367400.8623265
23.72958211668394	444227062.3263339
23.76248969573706	455380364.9686682
23.79539727479019	466837505.915917
23.82830485384331	478605979.4635172
23.86121243289643	490694693.8898715
23.89412001194956	503116255.8003069
23.92702759100268	515878057.4889809
23.9599351700558	528991938.4928898
23.99284274910893	542467616.9236171
24.02575032816205	556314982.2922381
24.05865790721517	570549154.4805789
24.0915654862683	585178717.95043
24.12447306532142	600218093.8455344
24.15738064437454	615676706.6055099
24.19028822342767	631572949.6743175
24.22319580248079	647913194.8727094
24.25610338153392	664715100.3471256
24.28901096058704	681991207.7277976
24.32191853964016	699757497.3140848
24.35482611869329	718027818.9883689
24.38773369774641	736820474.4715954
24.42064127679953	756149286.4451978
24.45354885585266	776032554.4392744
24.48645643490578	796487628.4832156
24.5193640139589	817523589.2900354
24.55227159301203	839175257.3656719
24.58517917206515	861455092.5800359
24.61808675111827	884381664.9723381
24.6509943301714	907976207.2537116
24.68390190922452	932260308.2825224
24.71680948827764	957254321.5384072
24.74971706733077	982983532.3055869
24.78262464638389	1009468604.396181
24.81553222543701	1036734032.033849
24.84843980449014	1064827478.929728
24.88134738354326	1093731031.183241
24.91425496259638	1123490198.367037
24.94716254164951	1154133081.931222
24.98007012070263	1185687369.006638
25.01297769975575	1218183414.287592
25.04588527880888	1251650321.009734
25.078792857862	1286118852.912119
25.11170043691513	1321624236.538625
25.14460801596825	1358192863.158237
25.17751559502137	1395838083.732803
25.2104231740745	1434658574.457668
25.24333075312762	1474660435.158286
25.27623833218074	1515882557.183082
25.30914591123387	1558365434.328014
25.34205349028699	1602150342.636838
25.37496106934011	1647281014.281037
25.40786864839324	1693800319.183239
25.44077622744636	1741754448.594788
25.47368380649948	1791184463.791644
25.50659138555261	1842212413.414223
25.53949896460573	1894757198.163538
25.57240654365885	1948929614.467115
25.60531412271198	2004781758.427238
25.6382217017651	2062369400.084904
25.67112928081822	2121749346.253807
25.70403685987135	2182980600.15002
25.73694443892447	2246124175.931041
25.76985201797759	2311243897.206282
25.80275959703072	2378403605.178739
25.83566717608384	2447620505.328383
25.86857475513697	2519074458.911577
25.90148233419009	2592786943.688462
25.93438991324321	2668833962.206333
25.96729749229634	2747294072.932308
26.00020507134946	2828248576.197652
26.03311265040258	2911781385.429158
26.06602022945571	2997979248.054949
26.09892780850883	3086932435.553787
26.13183538756195	3178732779.905955
26.16474296661508	3273511660.168763
26.1976505456682	3371294667.074328
26.23055812472132	3472220458.581532
26.26346570377445	3576393476.712567
26.29637328282757	3683922670.183189
26.32928086188069	3794921372.741738
26.36218844093382	3909506660.098753
26.39509601998694	4027799692.778985
26.42800359904006	4149925867.712374
26.46091117809319	4276014968.342152
26.49381875714631	4406138317.805836
26.52672633619943	4540615702.894607
26.55963391525256	4679421684.384707
26.59254149430568	4822756246.856915
26.6254490733588	4970776742.656839
26.65835665241193	5123639501.782702
26.69126423146505	5281511871.683789
26.72417181051818	5444564061.87231
26.7570793895713	5612973194.868174
26.78998696862442	5786922043.012479
26.82289454767755	5966575020.580582
26.85580212673067	6152201772.201859
26.88870970578379	6343909714.203331
26.92161728483692	6541982307.894626
26.95452486389004	6746617236.734566
26.98743244294316	6958033675.266558
27.02034002199629	7176468422.915944
27.05324760104941	7402160104.950084
27.08615518010253	7635358347.240634
27.11906275915566	7876320456.305038
27.15197033820878	8125362691.737119
27.1848779172619	8382614842.094879
27.21778549631503	8648514085.929762
27.25069307536815	8923299746.291378
27.28360065442127	9207252791.412453
27.3165082334744	9500701975.313459
27.34941581252752	9803975611.931816
27.38232339158064	10117412639.29248
27.41523097063377	10441362657.24077
27.44813854968689	10776189888.70033
27.48104612874002	11122206779.22011
27.51395370779314	11479945538.45981
27.54686128684626	11849685295.10302
27.57976886589939	12231867363.46495
27.61267644495251	12627057021.36436
27.64558402400563	13035502819.10909
27.67849160305876	13457746408.84518
27.71139918211188	13894273610.19299
27.744306761165	14345567911.59001
27.77721434021813	14812141075.04546
27.81012191927125	15294638061.3509
27.84302949832437	15793328171.35303
27.8759370773775	16309004096.20848
27.90884465643062	16842117502.10217
27.94175223548374	17393394063.35647
27.97465981453687	17963269150.98267
28.00756739358999	18552590468.40157
28.04047497264311	19161985684.51532
28.07338255169624	19792099213.72513
28.10629013074936	20443689187.88683
28.13919770980248	21117114595.75764
28.17210528885561	21813992494.8444
28.20501286790873	22534560359.82658
28.23792044696185	23279901713.02178
28.27082802601498	24050706167.30898
28.3037356050681	24847903380.54067
28.33664318412123	25672511860.09155
28.36955076317435	26525308211.28731
28.40245834222747	27407500255.51352
28.4353659212806	28319853027.22544
28.46827350033372	29264202191.6683
28.50118107938684	30240125953.63553
28.53408865843997	31249927761.08659
28.56699623749309	32294222829.21528
28.59990381654621	33374494202.33914
28.63281139559934	34491849136.21542
28.66571897465246	35647630614.93234
28.69862655370558	36843139365.16667
28.73153413275871	38079841794.00829
28.76444171181183	39359000882.52059
28.79734929086495	40682368204.76408
28.83025686991808	42050902218.63715
28.8631644489712	43467385380.30732
28.89607202802432	44931912060.97018
28.92897960707745	46447497498.68651
28.96188718613057	48015249692.46065
28.99479476518369	49637244361.5845
29.02770234423682	51315220909.0188
29.06060992328994	53051209458.5696
29.09351750234307	54847217749.75452
29.12642508139619	56705430607.25838
29.15933266044931	58627382871.8745
29.19224023950244	60616262330.3207
29.22514781855556	62674954959.89693
29.25805539760868	64803892080.71332
29.29096297666181	67007106827.05131
29.32387055571493	69286865134.91544
29.35677813476805	71645552977.93765
29.38968571382118	74086239271.50708
29.4225932928743	76611609176.85384
29.45550087192742	79224654580.95209
29.48840845098055	81929660238.12299
29.52131603003367	84726976317.51994
29.55422360908679	87621383050.93922
29.58713118813992	90616484883.75838
29.62003876719304	93716246342.21916
29.65294634624616	96922808562.16022
29.68585392529929	100240829498.8669
29.71876150435241	103674272553.7803
29.75166908340553	107226798316.8673
29.78457666245866	110902813798.0989
29.81748424151178	114705101513.5569
29.85039182056491	118642031521.3863
29.88329939961803	122715184965.8857
29.91620697867115	126929627945.207
29.94911455772428	131291008138.6871
29.9820221367774	135804703275.5668
30.01492971583052	140475981239.6508
30.04783729488365	145309335498.9684
30.08074487393677	150311679400.6248
30.11365245298989	155488512212.8866
30.14656003204302	160846398441.4252
30.17946761109614	166389457909.5874
30.21237519014926	172126977624.0432
30.24528276920239	178065897632.8652
30.27819034825551	184210666254.3604
30.31109792730863	190569342595.0989
30.34400550636176	197150134711.2222
30.37691308541488	203960801965.0397
30.409820664468	211009845798.1169
30.44272824352113	218304181095.0735
30.47563582257425	225853659007.9022
30.50854340162737	233665919172.0122
30.5414509806805	241751308016.9909
30.57435855973362	250116625597.0186
30.60726613878674	258775337006.0991
30.64017371783987	267737727313.2965
30.67308129689299	277011695335.8452
30.70598887594612	286608952226.0666
30.73889645499924	296541509162.9142
30.77180403405236	306820494324.6772
30.80471161310549	317457147405.5471
30.83761919215861	328467641447.4216
30.87052677121173	339862877101.4465
30.90343435026486	351655166976.6642
30.93634192931798	363860364547.4834
30.9692495083711	376491468924.709
31.00215708742423	389562306566.7583
31.03506466647735	403091532465.2599
31.06797224553047	417094650185.2719
31.1008798245836	431586441411.3558
31.13378740363672	446583563980.6954
31.16669498268984	462106658023.4097
31.19960256174297	478171433643.5477
31.23251014079609	494799690402.4913
31.26541771984921	512011363964.8808
31.29832529890234	529823774605.3212
31.33123287795546	548259807270.0547
31.36414045700858	567340645463.4637
31.39704803606171	587088218301.7986
31.42995561511483	607527899671.2129
31.46286319416796	628686299279.4994
31.49577077322108	650581664796.8644
31.5286783522742	673242421990.5781
31.56158593132733	696696174107.8348
31.59449351038045	720969335713.824
31.62740108943357	746093295837.9565
31.6603086684867	772097845228.1749
31.69321624753982	799011840481.924
31.72612382659294	826866822966.5457
31.75903140564607	855696814209.2061
31.79193898469919	885534520897.8331
31.82484656375231	916414928821.7699
31.85775414280544	948378676495.2789
31.89066172185856	981460483643.6346
31.92356930091168	1015698168639.747
31.95647687996481	1051132313843.171
31.98938445901793	1087806585213.949
32.02229203807106	1125762211943.683
32.05519961712418	1165046614450.915
32.0881071961773	1205706001612.973
32.12101477523043	1247786627596.715
32.15392235428355	1291339430401.474
32.18682993333667	1336415121690.506
32.2197375123898	1383065899233.099
0
1000	0.5109989461	100000000000000.1
5	0	0	1
5	0	0	0
-0.654933961680612	-0
-0.6220263826274882	-0
-0.5891188035743644	-0
-0.5562112245212406	-0
-0.5233036454681168	-0
-0.490396066414993	-0
-0.4574884873618692	-0
-0.4245809083087454	-0
-0.3916733292556216	-0
-0.3587657502024978	-0
-0.325858171149374	-0
-0.2929505920962502	-0
-0.2600430130431264	-0
-0.2271354339900026	-0
-0.1942278549368788	-0
-0.161320275883755	-0
-0.1284126968306312	-0
-0.09550511777750736	-0
-0.06259753872438356	-0
-0.02968995967125975	-0
0.003217619381864059	-0
0.03612519843498787	-0
0.06903277748811168	-0
0.1019403565412355	-0
0.1348479355943593	-0
0.1677555146474831	-0
0.2006630937006069	-0
0.2335706727537307	-0
0.2664782518068545	-0
0.2993858308599783	-0
0.3322934099131021	-0
0.3652009889662259	-0
0.3981085680193497	-0
0.4310161470724735	-0
0.4639237261255973	-0
0.4968313051787211	-0
0.529738884231845	-0
0.5626464632849688	-0
0.5955540423380926	-0
0.6284616213912164	-0
0.6613692004443402	-0
0.694276779497464	-0
0.7271843585505878	-0
0.7600919376037116	-0
0.7929995166568354	-0
0.8259070957099592	-0
0.858814674763083	-0
0.8917222538162068	-0
0.9246298328693306	-0
0.9575374119224545	-0
0.9904449909755783	-0
1.023352570028702	-0
1.056260149081826	-0
1.08916772813495	-0
1.122075307188074	-0
1.154982886241198	-0
1.187890465294322	-0
1.220798044347446	-0
1.253705623400569	-0
1.286613202453693	-0
1.319520781506817	-0
1.352428360559941	-0
1.385335939613065	-0
1.418243518666189	-0
1.451151097719313	-0
1.484058676772437	-0
1.516966255825561	-0
1.549873834878685	-0
1.582781413931809	-0
1.615688992984933	-0
1.648596572038056	-0
1.68150415109118	-0
1.714411730144304	-0
1.747319309197428	-0
1.780226888250552	-0
1.813134467303676	-0
1.8460420463568	-0
1.878949625409924	-0
1.911857204463048	-0
1.944764783516172	-0
1.977672362569296	-0
2.010579941622419	-0
2.043487520675543	-0
2.076395099728667	-0
2.109302678781791	-0
2.142210257834915	-0
2.175117836888039	-0
2.208025415941163	-0
2.240932994994287	-0
2.273840574047411	-0
2.306748153100535	-0
2.339655732153659	-0
2.372563311206783	-0
2.405470890259906	-0
2.43837846931303	-0
2.471286048366154	-0
2.504193627419278	-0
2.537101206472402	-0
2.570008785525526	-0
2.60291636457865	-0
2.635823943631774	-0
2.668731522684898	-0
2.701639101738022	-0
2.734546680791146	-0
2.76745425984427	-0
2.800361838897393	-0
2.833269417950517	-0
2.866176997003641	-0
2.899084576056765	-0
2.931992155109889	-0
2.964899734163013	-0
2.997807313216137	-0
3.030714892269261	-0
3.063622471322385	-0
3.096530050375509	-0
3.129437629428633	-0
3.162345208481756	-0
3.19525278753488	-0
3.228160366588004	-0
3.261067945641128	-0
3.293975524694252	-0
3.326883103747376	-0
3.3597906828005	-0
3.392698261853624	-0
3.425605840906748	-0
3.458513419959872	-0
3.491420999012996	-0
3.52432857806612	-0
3.557236157119243	-0
3.590143736172367	-0
3.623051315225491	-0
3.655958894278615	-0
3.688866473331739	-0
3.721774052384863	-0
3.754681631437987	-0
3.787589210491111	-0
3.820496789544235	-0
3.853404368597359	-0
3.886311947650483	-0
3.919219526703607	-0
3.95212710575673	-2.090046423408912e-05
3.985034684809854	-1.870457565465787e-05
4.017942263862978	-1.486791728113198e-05
4.050849842916102	-9.654219606875105e-06
4.083757421969225	-3.397632363329567e-06
4.116665001022349	-0
4.149572580075472	-0
4.182480159128596	-0
4.215387738181719	-0
4.248295317234843	-0
4.281202896287966	-3.983714918631873e-09
4.314110475341089	-2.910914279732724e-09
4.347018054394213	-1.715268387721855e-09
4.379925633447336	-6.60357941669995e-10
4.41283321250046	-4.328283182831603e-11
4.445740791553583	-1.144306049777656e-05
4.478648370606707	-3.889103906555222e-05
4.51155594965983	-7.27495308631742e-05
4.544463528712954	-0.0001134135166152434
4.577371107766077	-0.0001612874455209412
4.610278686819201	-0.0001373837982241527
4.643186265872324	-0.000222814230500458
4.676093844925448	-0.0003088917679836977
4.709001423978571	-0.0004058273695634136
4.741909003031695	-0.000514950664086204
4.774816582084818	-0.0006365663216250335
4.807724161137942	-0.0007704621434818645
4.840631740191065	-0.0009160441981735522
4.873539319244188	-0.00107266234574943
4.906446898297312	-0.001239507648545034
4.939354477350435	-0.001475645859091989
4.972262056403559	-0.001654339446687247
5.005169635456682	-0.00183496478170804
5.038077214509806	-0.002016738845711736
5.070984793562929	-0.002198994431107237
5.103892372616053	-0.002381858345335756
5.136799951669176	-0.002565116127290058
5.1697075307223	-0.002747820546751365
5.202615109775423	-0.002929726606562446
5.235522688828547	-0.003110683210965444
5.26843026788167	-0.003265465867652296
5.301337846934794	-0.003447025526179485
5.334245425987917	-0.003629716703821282
5.367153005041041	-0.003813429582089783
5.400060584094164	-0.003998041176351146
5.432968163147287	-0.004183454536932371
5.465875742200411	-0.004369594406136535
5.498783321253534	-0.004556402400509012
5.531690900306658	-0.004743832297545261
5.564598479359781	-0.004931846245567704
5.597506058412905	-0.005121157842120748
5.630413637466028	-0.005310178761041003
5.663321216519152	-0.005499631281750793
5.696228795572275	-0.005689502860436816
5.729136374625399	-0.005879786809803244
5.762043953678522	-0.006070481450769116
5.794951532731646	-0.006261589510041836
5.827859111784769	-0.006453117692265097
5.860766690837893	-0.006645076374530237
5.893674269891016	-0.006837479386271684
5.92658184894414	-0.00702922908424528
5.959489427997263	-0.007222680281184292
5.992397007050386	-0.007416728441772952
6.02530458610351	-0.007611389275428218
6.058212165156633	-0.007806677085486672
6.091119744209757	-0.008002606829470184
6.12402732326288	-0.008199190179951781
6.156934902316004	-0.008396435031226919
6.189842481369127	-0.008594349830017051
6.222750060422251	-0.008792941635816443
6.255657639475374	-0.008992155912647784
6.288565218528498	-0.009192122679106995
6.321472797581621	-0.009392784664715065
6.354380376634745	-0.009594143097764626
6.387287955687868	-0.009796197657598526
6.420195534740992	-0.009998959850878456
6.453103113794115	-0.0102024304311518
6.486010692847239	-0.01040659236093444
6.518918271900362	-0.01061143898499321
6.551825850953485	-0.0108169620950584
6.584733430006609	-0.01102364873564818
6.617641009059732	-0.01123044958250132
6.650548588112856	-0.01143785131166242
6.683456167165979	-0.0116458440602039
6.716363746219103	-0.01185441862057835
6.749271325272226	-0.01206356645557784
6.78217890432535	-0.01227327971397122
6.815086483378473	-0.01248355124663872
6.847994062431597	-0.01269437462304624
6.88090164148472	-0.01290574414792368
6.913809220537844	-0.01311737918805904
6.946716799590967	-0.01332985131526282
6.979624378644091	-0.0135428804865797
7.012531957697214	-0.01375646178277367
7.045439536750338	-0.01397058990549173
7.078347115803461	-0.01418525918794584
7.111254694856584	-0.01440046360511367
7.144162273909708	-0.01461619678348618
7.177069852962831	-0.01483245201038979
7.209977432015955	-0.01504922224291129
7.242885011069078	-0.01526626823041245
7.275792590122202	-0.01548407917594013
7.308700169175325	-0.01570239640906259
7.341607748228449	-0.01592120712971483
7.374515327281572	-0.01614049817952666
7.407422906334696	-0.01636025619356042
7.440330485387819	-0.01658046772605864
7.473238064440943	-0.01680111935456264
7.506145643494066	-0.01702219776603143
7.53905322254719	-0.01724368982797968
7.571960801600313	-0.01746572920557593
7.604868380653437	-0.01768799616675264
7.63777595970656	-0.01791062717129059
7.670683538759683	-0.01813361159482964
7.703591117812807	-0.01835693966293166
7.73649869686593	-0.018580602491509
7.769406275919054	-0.01880459214157957
7.802313854972177	-0.01902890169215344
7.835221434025301	-0.01925352533646594
7.868129013078424	-0.01947845850876561
7.901036592131548	-0.01970273636984714
7.933944171184671	-0.01992833612989375
7.966851750237795	-0.02015433151723376
7.999759329290918	-0.02038072683185815
8.032666908344043	-0.02060752545546064
8.065574487397166	-0.02083472986622761
8.098482066450289	-0.02106234165961958
8.131389645503413	-0.02129036157442646
8.164297224556536	-0.02151878952338364
8.19720480360966	-0.02174762462765024
8.230112382662783	-0.021976991479292
8.263019961715907	-0.02220662265081988
8.29592754076903	-0.02243664381042664
8.328835119822154	-0.0226670527689425
8.361742698875277	-0.02289784722261357
8.394650277928401	-0.02312902475991941
8.427557856981524	-0.02336058286843999
8.460465436034648	-0.02359251894175224
8.493373015087771	-0.0238248302863382
8.526280594140895	-0.02405751412848828
8.559188173194018	-0.02429060984625536
8.592095752247142	-0.0245240259696674
8.625003331300265	-0.02475780241684012
8.657910910353388	-0.02499193661123877
8.690818489406512	-0.02522642609132659
8.723726068459635	-0.02546126850940502
8.756633647512759	-0.02569646163055821
8.789541226565882	-0.0259320033316947
8.822448805619006	-0.02616789160067971
8.855356384672129	-0.02640412453555215
8.888263963725253	-0.02664062487736149
8.921171542778376	-0.02687754870094215
8.9540791218315	-0.0271148184856424
8.986986700884623	-0.02735243208648987
9.019894279937747	-0.02759038714716546
9.05280185899087	-0.02782868110191741
9.085709438043994	-0.0280673111774264
9.118617017097117	-0.02830627439462199
9.15152459615024	-0.02854556757045103
9.184432175203364	-0.02878518731959897
9.217339754256487	-0.02902486672617828
9.250247333309611	-0.02926515124382278
9.283154912362734	-0.02950577382704995
9.316062491415858	-0.02974672801434618
9.348970070468981	-0.02998800584850557
9.381877649522105	-0.03022959791202988
9.414785228575228	-0.03047149338331453
9.447692807628352	-0.03071368011235691
9.480600386681475	-0.03095614471426331
9.513507965734599	-0.03119887267843517
9.546415544787722	-0.03144052244814423
9.579323123840846	-0.03168380691932768
9.612230702893969	-0.0319274338734204
9.645138281947093	-0.03217138429608302
9.678045861000216	-0.03241563002598993
9.710953440053339	-0.03266013271785825
9.743861019106463	-0.03290484300189148
9.776768598159586	-0.03314969995784313
9.80967617721271	-0.03339463102976958
9.842583756265833	-0.0336395525017987
9.875491335318957	-0.03388413432092589
9.90839891437208	-0.03412847690482434
9.941306493425204	-0.03437261377933535
9.974214072478327	-0.03461652798063313
10.00712165153145	-0.03486020359167791
10.04002923058457	-0.03510362152259799
10.0729368096377	-0.03534675320645395
10.10584438869082	-0.03558955091861316
10.13875196774394	-0.03583193242693252
10.17165954679707	-0.03607375571308508
10.20456712585019	-0.03633634962840034
10.23747470490332	-0.03658772075003921
10.27038228395644	-0.03684226260933429
10.30328986300956	-0.03710356945439614
10.33619744206269	-0.03742359524128028
10.36910502111581	-0.03756690256741896
10.40201260016893	-0.03784615939327979
10.43492017922206	-0.03811463202999466
10.46782775827518	-0.03838370662353512
10.5007353373283	-0.03865543610278626
10.53364291638143	-0.03883861083875702
10.56655049543455	-0.03913058726456939
10.59945807448767	-0.03943205522759672
10.6323656535408	-0.03974399493945575
10.66527323259392	-0.04006745401522469
10.69818081164704	-0.04040354463928827
10.73108839070017	-0.04075343626702069
10.76399596975329	-0.04111834242121012
10.79690354880641	-0.04149949992441172
10.82981112785954	-0.04189813875406141
10.86271870691266	-0.04236508926328759
10.89562628596578	-0.04280040228311838
10.92853386501891	-0.0432512270265325
10.96144144407203	-0.04371787577685219
10.99434902312515	-0.04420065422927012
11.02725660217828	-0.04469985966603555
11.0601641812314	-0.04521577900167939
11.09307176028453	-0.04574868669681239
11.12597933933765	-0.04629884253997141
11.15888691839077	-0.04686648929806241
11.1917944974439	-0.04745470471222569
11.22470207649702	-0.0480577622596744
11.25760965555014	-0.04867865671279119
11.29051723460327	-0.04931755210354812
11.32342481365639	-0.04997459600346676
11.35633239270951	-0.05064991742399481
11.38923997176264	-0.05134362465011447
11.42214755081576	-0.05205580301257315
11.45505512986888	-0.05278651260523241
11.48796270892201	-0.05353578595519345
11.52087028797513	-0.05430667427098083
11.55377786702825	-0.05509281007329573
11.58668544608138	-0.05589714824798828
11.6195930251345	-0.05671960560669956
11.65250060418762	-0.05756007428347394
11.68540818324075	-0.05841842012985756
11.71831576229387	-0.05929448114429197
11.75122334134699	-0.06018806594549466
11.78413092040012	-0.06109895230013764
11.81703849945324	-0.06202688571570778
11.84994607850637	-0.06297398070568112
11.88285365755949	-0.063934912582283
11.91576123661261	-0.06491171153230384
11.94866881566574	-0.06590399817844808
11.98157639471886	-0.06691136666965279
12.01448397377198	-0.0679333843124412
12.04739155282511	-0.06896959133249306
12.08029913187823	-0.07001950077472403
12.11320671093135	-0.07108259854992771
12.14611428998448	-0.07215834363569987
12.1790218690376	-0.07324545484386366
12.21192944809072	-0.07434480730772429
12.24483702714385	-0.07545509512867506
12.27774460619697	-0.07657567477236978
12.31065218525009	-0.07770587527529768
12.34355976430322	-0.07884499885311058
12.37646734335634	-0.07999232165192734
12.40937492240946	-0.08114709464542756
12.44228250146259	-0.08230854467980454
12.47519008051571	-0.08347587566783934
12.50809765956883	-0.084648131106623
12.54100523862196	-0.08582474658724724
12.57391281767508	-0.08700474919820057
12.6068203967282	-0.0881872692526289
12.63972797578133	-0.08937142088808746
12.67263555483445	-0.09055630367555245
12.70554313388758	-0.09174100434191833
12.7384507129407	-0.0929245986012993
12.77135829199382	-0.09410615308966867
12.80426587104695	-0.09528472739660224
12.83717345010007	-0.0964597435788614
12.87008102915319	-0.09762947465675395
12.90298860820632	-0.09879335688526421
12.93589618725944	-0.09995044974587378
12.96880376631256	-0.1010998179661303
13.00171134536569	-0.1022405336804714
13.03461892441881	-0.1033716786250365
13.06752650347193	-0.1044923463567859
13.10043408252506	-0.105601644487018
13.13334166157818	-0.1066986969192123
13.1662492406313	-0.1077812618452544
13.19915681968443	-0.1088513632508423
13.23206439873755	-0.1099068397687334
13.26497197779067	-0.1109468982064627
13.2978795568438	-0.1119707647421663
13.33078713589692	-0.1129776862762542
13.36369471495004	-0.1139669317376038
13.39660229400317	-0.1149377933375213
13.42950987305629	-0.115889587765115
13.46241745210942	-0.1168216573181595
13.49532503116254	-0.1177341575236531
13.52823261021566	-0.1186248284868746
13.56114018926879	-0.1194939042465446
13.59404776832191	-0.1203408491157269
13.62695534737503	-0.1211651599859912
13.65986292642816	-0.1219663667540607
13.69277050548128	-0.1227440326826727
13.7256780845344	-0.1234977546921516
13.75858566358753	-0.1242271635799232
13.79149324264065	-0.1249319241658944
13.82440082169377	-0.1256121930765515
13.8573084007469	-0.1262667193076438
13.89021597980002	-0.1268957692732336
13.92312355885314	-0.1274991533948579
13.95603113790627	-0.1280767155966622
13.98893871695939	-0.1286283326694051
14.02184629601251	-0.1291539136208815
14.05475387506564	-0.1296533990064498
14.08766145411876	-0.1301267602351119
14.12056903317188	-0.130573998848057
14.15347661222501	-0.1309951196101723
14.18638419127813	-0.1313899854988443
14.21929177033125	-0.1317590477686788
14.25219934938438	-0.1321024311184034
14.2851069284375	-0.1324202720275021
14.31801450749063	-0.1327127195443997
14.35092208654375	-0.1329799352791994
14.38382966559687	-0.1332220929799815
14.41673724465	-0.133439377876323
14.44964482370312	-0.1336319858857026
14.48255240275624	-0.1338032152195468
14.51545998180937	-0.1339468211598606
14.54836756086249	-0.1340661317702275
14.58127513991561	-0.1341614020152105
14.61418271896874	-0.134232906008047
14.64709029802186	-0.1342809362597269
14.67999787707498	-0.1343058029236847
14.71290545612811	-0.1343078330404885
14.74581303518123	-0.1342873697872183
14.77872061423435	-0.1342447717366775
14.81162819328748	-0.1341793825669118
14.8445357723406	-0.1340937297137879
14.87744335139372	-0.1339871936715321
14.91035093044685	-0.1338601818548268
14.94325850949997	-0.1337131091490502
14.97616608855309	-0.1335463971264006
15.00907366760622	-0.1333604732824465
15.04198124665934	-0.1331557702944902
15.07488882571247	-0.1329327253029811
15.10779640476559	-0.1326917792170749
15.14070398381871	-0.1324313261236141
15.17361156287184	-0.1321560895625518
15.20651914192496	-0.1318644663478631
15.23942672097808	-0.1315568895255835
15.27233430003121	-0.1312337836366443
15.30524187908433	-0.130895564088823
15.33814945813745	-0.1305426365656586
15.37105703719058	-0.1301753964719974
15.4039646162437	-0.1297942284157625
15.43687219529682	-0.1293995057254815
15.46977977434995	-0.1289956312642056
15.50268735340307	-0.1285745214972344
15.53559493245619	-0.1281405591852126
15.56850251150932	-0.1276941012444218
15.60141009056244	-0.1272355094982923
15.63431766961556	-0.1267651505569628
15.66722524866869	-0.1262833957081454
15.70013282772181	-0.1257906208189716
15.73304040677493	-0.1252872062484824
15.76594798582806	-0.1247735367704091
15.79885556488118	-0.1242492766513717
15.8317631439343	-0.1237169074040476
15.86467072298743	-0.1231755239823873
15.89757830204055	-0.1226252854818828
15.93048588109368	-0.1220660208577014
15.9633934601468	-0.1214960675946374
15.99630103919992	-0.1208916884407802
16.02920861825305	-0.1203790563108023
16.06211619730617	-0.119777532453868
16.09502377635929	-0.1191804279363104
16.12793135541242	-0.1185775984257096
16.16083893446554	-0.117971904233978
16.19374651351866	-0.1173596685333903
16.22665409257179	-0.1167411151989489
16.25956167162491	-0.1161164732524616
16.29246925067804	-0.1154859761676165
16.32537682973116	-0.1148498612979041
16.35828440878428	-0.1142083694066383
16.39119198783741	-0.1135617442823107
16.42409956689053	-0.1129102324256359
16.45700714594365	-0.1122561421454373
16.48991472499678	-0.1115954302186617
16.5228223040499	-0.1109304074125133
16.55572988310302	-0.1102613453557635
16.58863746215615	-0.1095885270428404
16.62154504120927	-0.1089122468421587
16.65445262026239	-0.1082328105097209
16.68736019931552	-0.1075505352078874
16.72026777836864	-0.1068657495291905
16.75317535742176	-0.1061787935250503
16.78608293647489	-0.1054731294978047
16.81899051552801	-0.1047843974205921
16.85189809458113	-0.104096016285705
16.88480567363426	-0.1034082275291712
16.91771325268738	-0.1027212110355396
16.9506208317405	-0.1020350851399186
16.98352841079363	-0.101349906647081
17.01643598984675	-0.1006656708659428
17.04934356889988	-0.09998231165781549
17.082251147953	-0.0992997014969263
17.11515872700612	-0.09864410524895707
17.14806630605925	-0.09796001558907314
17.18097388511237	-0.09727368306860203
17.21388146416549	-0.09658496288026057
17.24678904321862	-0.09589376375025138
17.27969662227174	-0.0952000480841967
17.31260420132486	-0.09450383210262178
17.34551178037799	-0.09380518596687615
17.37841935943111	-0.09310423389631901
17.41132693848423	-0.09240115427753857
17.44423451753736	-0.09168532865841274
17.47714209659048	-0.09097971035812541
17.5100496756436	-0.09027374513105019
17.54295725469673	-0.08956773564515955
17.57586483374985	-0.0888619922417995
17.60877241280297	-0.08815683299681612
17.6416799918561	-0.08745258378301958
17.67458757090922	-0.08674957833371225
17.70749514996234	-0.08604815830701877
17.74040272901547	-0.08534867335076876
17.77331030806859	-0.0846371808365587
17.80621788712171	-0.08394391900407014
17.83912546617484	-0.08325490101021574
17.87203304522796	-0.08257038583633886
17.90494062428109	-0.0818905790020894
17.93784820333421	-0.08121563262966577
17.97075578238733	-0.08054564551128476
18.00366336144046	-0.07988066317912974
18.03657094049358	-0.07922067797710505
18.0694785195467	-0.07856562913379804
18.10238609859983	-0.07793186744240897
18.13529367765295	-0.07728483137989547
18.16820125670607	-0.07664083742335025
18.2011088357592	-0.07599975526572035
18.23401641481232	-0.0753614728751288
18.26692399386544	-0.07472589655240033
18.29983157291857	-0.07409295098608369
18.33273915197169	-0.07346257930493
18.36564673102481	-0.0728347431278146
18.39855431007794	-0.07220942261111185
18.43146188913106	-0.07158286183517545
18.46436946818418	-0.07096292159769724
18.49727704723731	-0.07034586708339775
18.53018462629043	-0.06973172060967467
18.56309220534355	-0.069120507027153
18.59599978439668	-0.06851225375627197
18.6289073634498	-0.06790699082217815
18.66181494250293	-0.06730475088790459
18.69472252155605	-0.06670556928583821
18.72763010060917	-0.06610948404749532
18.7605376796623	-0.06551525661530823
18.79344525871542	-0.06492560300114331
18.82635283776854	-0.06433928463150831
18.85926041682167	-0.06375633955094642
18.89216799587479	-0.0631768031086922
18.92507557492791	-0.06260070798073873
18.95798315398104	-0.06202808419066376
18.99089073303416	-0.06145895912925457
19.02379831208728	-0.06089335757298074
19.05670589114041	-0.06033130170136317
19.08961347019353	-0.05977320851712783
19.12252104924665	-0.05921826486190643
19.15542862829978	-0.05866688436483468
19.1883362073529	-0.05811908240527934
19.22124378640602	-0.05757487355125379
19.25415136545915	-0.05703427157082279
19.28705894451227	-0.05649728944275879
19.31996652356539	-0.05596393936649426
19.35287410261852	-0.0554342327714137
19.38578168167164	-0.05490818032552605
19.41868926072476	-0.05438585429082587
19.45159683977789	-0.05386713358279895
19.48450441883101	-0.05335208926332898
19.51741199788414	-0.05284072957092633
19.55031957693726	-0.05233306228636202
19.58322715599038	-0.05182909473821825
19.61613473504351	-0.05132883380806635
19.64904231409663	-0.05083228593529555
19.68194989314975	-0.05033945712161582
19.71485747220288	-0.04985035293525573
19.747765051256	-0.04936562365102884
19.78067263030912	-0.04888392626343561
19.81358020936225	-0.04840591303232093
19.84648778841537	-0.04793159340536132
19.87939536746849	-0.04746097919576241
19.91230294652162	-0.04699408458410698
19.94521052557474	-0.04653092611993677
19.97811810462786	-0.04607152272304257
20.01102568368099	-0.04561589568441094
20.04393326273411	-0.04516406866672946
20.07684084178723	-0.04471408642659775
20.10974842084036	-0.04427011618085304
20.14265599989348	-0.04383019891218359
20.1755635789466	-0.04339435069730121
20.20847115799973	-0.04296258145572899
20.24137873705285	-0.04253489495380318
20.27428631610598	-0.04211128880921373
20.3071938951591	-0.04169175449658059
20.34010147421222	-0.04127627735506031
20.37300905326535	-0.04086483660011916
20.40591663231847	-0.04045962494107982
20.43882421137159	-0.04005597541090948
20.47173179042472	-0.03965607572528051
20.50463936947784	-0.03925989943826104
20.53754694853096	-0.03886742347561652
20.57045452758409	-0.03847862813439613
20.60336210663721	-0.03809349708246779
20.63626968569033	-0.03771201735800479
20.66917726474346	-0.03733417936892614
20.70208484379658	-0.03695997689229288
20.7349924228497	-0.03658834735510264
20.76790000190283	-0.0362215050650734
20.80080758095595	-0.03585838953565455
20.83371516000907	-0.03549899885525033
20.8666227390622	-0.03514332990864537
20.89953031811532	-0.03479137837748885
20.93243789716844	-0.03444313874075133
20.96534547622157	-0.0340986042751554
20.99825305527469	-0.03375776705558099
21.03116063432782	-0.0334206179554464
21.06406821338094	-0.03308732170759753
21.09697579243406	-0.03275750107727024
21.12988337148719	-0.03243131916118357
21.16279095054031	-0.03210876354250011
21.19569852959343	-0.03178982135932294
21.22860610864656	-0.03147447930480277
21.26151368769968	-0.03116272362723591
21.2944212667528	-0.03085454013015411
21.32732884580593	-0.0305499141724065
21.36023642485905	-0.03024883066823476
21.39314400391217	-0.02995130252127173
21.4260515829653	-0.02965725426276098
21.45895916201842	-0.02936669815739292
21.49186674107154	-0.02907961761584401
21.52477432012467	-0.0287959957251592
21.55768189917779	-0.02851581524579975
21.59058947823091	-0.02823905860801798
21.62349705728404	-0.02796570790738521
21.65640463633716	-0.02769574489924587
21.68931221539028	-0.02742915099179723
21.72221979444341	-0.02716590904774265
21.75512737349653	-0.02690599431069345
21.78803495254965	-0.02664939095089783
21.82094253160278	-0.02639607951110357
21.8538501106559	-0.02614604025679091
21.88675768970903	-0.02589925315112126
21.91966526876215	-0.02565569781420372
21.95257284781527	-0.02541535345395897
21.9854804268684	-0.02517819874251891
22.01838800592152	-0.02494421158064769
22.05129558497464	-0.02471234039358645
22.08420316402777	-0.02448469900727194
22.11711074308089	-0.02426018059560991
22.15001832213401	-0.02403876351385094
22.18292590118714	-0.02382042513785354
22.21583348024026	-0.02360514205780795
22.24874105929338	-0.02339289016819535
22.28164863834651	-0.02318364471353257
22.31455621739963	-0.0229773803133538
22.34746379645275	-0.02277407097666571
22.38037137550588	-0.022573856587111
22.413278954559	-0.02237636522949669
22.44618653361212	-0.02218173180387469
22.47909411266525	-0.02198992896653516
22.51200169171837	-0.0218009297447781
22.54490927077149	-0.02161470753034859
22.57781684982462	-0.02143123607351498
22.61072442887774	-0.02125048947771736
22.64363200793087	-0.02107244219472229
22.67653958698399	-0.02089706902022827
22.70944716603711	-0.0207242031921251
22.74235474509024	-0.0205541151028208
22.77526232414336	-0.02038664027008566
22.80816990319648	-0.02022175381429342
22.84107748224961	-0.02005943045167405
22.87398506130273	-0.01989964449413961
22.90689264035585	-0.01974236984919062
22.93980021940898	-0.01958758001987801
22.9727077984621	-0.01943524810480402
23.00561537751522	-0.01928534679815111
23.03852295656835	-0.0191380244855604
23.07143053562147	-0.01899288518406949
23.10433811467459	-0.01885007723929729
23.13724569372772	-0.01870957324969026
23.17015327278084	-0.01857134616909437
23.20306085183396	-0.01843536930665819
23.23596843088709	-0.018301616326736
23.26887600994021	-0.01817006124879068
23.30178358899333	-0.01804067844729676
23.33469116804646	-0.01791344265164328
23.36759874709958	-0.01778830241820823
23.4005063261527	-0.01766528860358323
23.43341390520583	-0.01754435035716148
23.46632148425895	-0.01742546359776797
23.49922906331208	-0.01730860448427845
23.5321366423652	-0.01719374941555393
23.56504422141832	-0.01708087503037549
23.59795180047145	-0.01696995820737908
23.63085937952457	-0.01686097606499021
23.66376695857769	-0.01675390596135876
23.69667453763082	-0.01664860591407872
23.72958211668394	-0.01654530356815559
23.76248969573706	-0.01644385689608573
23.79539727479019	-0.0163442431808904
23.82830485384331	-0.01624643942939386
23.86121243289643	-0.01615042237229986
23.89412001194956	-0.01605616846426813
23.92702759100268	-0.01596365388399075
23.9599351700558	-0.01587285453426853
23.99284274910893	-0.01578374604208733
24.02575032816205	-0.01569659964499971
24.05865790721517	-0.01561077230086366
24.0915654862683	-0.01552653599312167
24.12447306532142	-0.01544386780321744
24.15738064437454	-0.01536274581293415
24.19028822342767	-0.0152831491041191
24.22319580248079	-0.01520505775840851
24.25610338153392	-0.01512845285695238
24.28901096058704	-0.01505331648013944
24.32191853964016	-0.01497963170732225
24.35482611869329	-0.0149068275344816
24.38773369774641	-0.01483604862552769
24.42064127679953	-0.01476672353963024
24.45354885585266	-0.01469883455241768
24.48645643490578	-0.01463236254375769
24.5193640139589	-0.01456728699814108
24.55227159301203	-0.01450358600506552
24.58517917206515	-0.0144412362594191
24.61808675111827	-0.01438021306186377
24.6509943301714	-0.01432049031921873
24.68390190922452	-0.01426314830904209
24.71680948827764	-0.0142058439903046
24.74971706733077	-0.01414965971091066
24.78262464638389	-0.01409457337904745
24.81553222543701	-0.01404056628733309
24.84843980449014	-0.01398762311188704
24.88134738354326	-0.01393573191140088
24.91425496259638	-0.01388488412620935
24.94716254164951	-0.01383507457736166
24.98007012070263	-0.01378630146569349
25.01297769975575	-0.01373683992956046
25.04588527880888	-0.01369030152779559
25.078792857862	-0.0136449605855362
25.11170043691513	-0.01360081389419715
25.14460801596825	-0.01355785417642319
25.17751559502137	-0.01351607008720609
25.2104231740745	-0.01347544621500138
25.24333075312762	-0.01343596308284479
25.27623833218074	-0.01339759714946832
25.30914591123387	-0.01336032081041594
25.34205349028699	-0.01332592420002794
25.37496106934011	-0.01329056577998864
25.40786864839324	-0.01325603554995034
25.44077622744636	-0.01322230540719254
25.47368380649948	-0.01318935104646444
25.50659138555261	-0.01315715195894269
25.53949896460573	-0.01312569143118969
25.57240654365885	-0.01309495654411233
25.60531412271198	-0.01306493817192099
25.6382217017651	-0.01303563098108887
25.67112928081822	-0.0130057286119028
25.70403685987135	-0.01297795912505882
25.73694443892447	-0.01295101802037309
25.76985201797759	-0.01292490384722326
25.80275959703072	-0.01289961331605
25.83566717608384	-0.01287514129886134
25.86857475513697	-0.01285148082973689
25.90148233419009	-0.01282862310533181
25.93438991324321	-0.0128065574853807
25.96729749229634	-0.01278527149320132
26.00020507134946	-0.01276538707207586
26.03311265040258	-0.01274555891146922
26.06602022945571	-0.01272640807341727
26.09892780850883	-0.01270792023888725
26.13183538756195	-0.01269008199830086
26.16474296661508	-0.01267288085128495
26.1976505456682	-0.01265630520642227
26.23055812472132	-0.01264034438100234
26.26346570377445	-0.01262498860077239
26.29637328282757	-0.01261022899968839
26.32928086188069	-0.01259583888814092
26.36218844093382	-0.01258226815415947
26.39509601998694	-0.01256929096448972
26.42800359904006	-0.0125569001932402
26.46091117809319	-0.0125450886783758
26.49381875714631	-0.01253384922172773
26.52672633619943	-0.01252317458900342
26.55963391525256	-0.0125130575097965
26.59254149430568	-0.01250349067759662
26.6254490733588	-0.01249446674979949
26.65835665241193	-0.01248590338659099
26.69126423146505	-0.01247794976982384
26.72417181051818	-0.01247052315895378
26.7570793895713	-0.01246361541931483
26.78998696862442	-0.01245721805698521
26.82289454767755	-0.01245132221888569
26.85580212673067	-0.01244591869287796
26.88870970578379	-0.01244099790786296
26.92161728483692	-0.01243654993387917
26.95452486389004	-0.01243256448220084
26.98743244294316	-0.01242927418248104
27.02034002199629	-0.01242615981385435
27.05324760104941	-0.01242345435533328
27.08615518010253	-0.01242114818642096
27.11906275915566	-0.01241923237728977
27.15197033820878	-0.01241769868859224
27.1848779172619	-0.01241653957127207
27.21778549631503	-0.01241574816637516
27.25069307536815	-0.01241531830486076
27.28360065442127	-0.01241524450741259
27.3165082334744	-0.01241531053085825
27.34941581252752	-0.01241595400885469
27.38232339158064	-0.01241695914984486
27.41523097063377	-0.01241832140422859
27.44813854968689	-0.01242003599945867
27.48104612874002	-0.01242209794010178
27.51395370779314	-0.0124245020078995
27.54686128684626	-0.0124272427618292
27.57976886589939	-0.01243031453816496
27.61267644495251	-0.01243371145053851
27.64558402400563	-0.0124377213223467
27.67849160305876	-0.01244172378639857
27.71139918211188	-0.01244600750952835
27.744306761165	-0.01245056825544941
27.77721434021813	-0.01245540283289228
27.81012191927125	-0.01246050909531889
27.84302949832437	-0.012465885940637
27.8759370773775	-0.01247153331091462
27.90884465643062	-0.0124774521920946
27.94175223548374	-0.01248364461370927
27.97465981453687	-0.01248945343516144
28.00756739358999	-0.01249626198297103
28.04047497264311	-0.01250341230834708
28.07338255169624	-0.01251090490703886
28.10629013074936	-0.01251873847030047
28.13919770980248	-0.012526909885384
28.17210528885561	-0.01253541423603243
28.20501286790873	-0.01254424480297249
28.23792044696185	-0.01255339306440729
28.27082802601498	-0.0125628486965088
28.3037356050681	-0.01257333345077473
28.33664318412123	-0.0125833003044719
28.36955076317435	-0.01259347062431054
28.40245834222747	-0.01260383322511323
28.4353659212806	-0.01261437828640834
28.46827350033372	-0.01262509735205733
28.50118107938684	-0.01263598332988213
28.53408865843997	-0.0126470304912926
28.56699623749309	-0.01265823447091423
28.59990381654621	-0.01266959226621584
28.63281139559934	-0.01268082192023838
28.66571897465246	-0.01269250874753895
28.69862655370558	-0.01270437228627769
28.73153413275871	-0.01271641255919837
28.76444171181183	-0.01272862974137816
28.79734929086495	-0.01274102416018607
28.83025686991808	-0.01275359629524139
28.8631644489712	-0.01276634677837208
28.89607202802432	-0.01277927639357326
28.92897960707745	-0.01279238607696566
28.96188718613057	-0.01280539549128607
28.99479476518369	-0.0128188937851347
29.02770234423682	-0.01283259969173561
29.06060992328994	-0.0128465123233408
29.09351750234307	-0.01286062973068969
29.12642508139619	-0.01287494890329886
29.15933266044931	-0.01288946576975149
29.19224023950244	-0.01290417519798687
29.22514781855556	-0.01291907099558968
29.25805539760868	-0.01293414591007935
29.29096297666181	-0.012949948078481
29.32387055571493	-0.01296530568565513
29.35677813476805	-0.01298076718897454
29.38968571382118	-0.01299632590717639
29.4225932928743	-0.01301197649963744
29.45550087192742	-0.0130277149660083
29.48840845098055	-0.01304353864584804
29.52131603003367	-0.01305944621825884
29.55422360908679	-0.01307543770152067
29.58713118813992	-0.01309151445272625
29.62003876719304	-0.01310719207630418
29.65294634624616	-0.01312349215744456
29.68585392529929	-0.01313993084137337
29.71876150435241	-0.01315651062756269
29.75166908340553	-0.01317323325226662
29.78457666245866	-0.01319009968872914
29.81748424151178	-0.01320711014739217
29.85039182056491	-0.01322426407610336
29.88329939961803	-0.01324156016032394
29.91620697867115	-0.01325899632333642
29.94911455772428	-0.01327672275563137
29.9820221367774	-0.01329441617307696
30.01492971583052	-0.01331222591359217
30.04783729488365	-0.0133301481762292
30.08074487393677	-0.01334817905872042
30.11365245298989	-0.01336631455750597
30.14656003204302	-0.01338455056776136
30.17946761109614	-0.01340288288342498
30.21237519014926	-0.01342130719722574
30.24528276920239	-0.01343981910071054
30.27819034825551	-0.01345859048866629
30.31109792730863	-0.01347724823498477
30.34400550636176	-0.01349596480542372
30.37691308541488	-0.01351473691148264
30.409820664468	-0.01353356192422597
30.44272824352113	-0.01355243787410345
30.47563582257425	-0.01357136345077066
30.50854340162737	-0.01359033800290952
30.5414509806805	-0.01360936153804888
30.57435855973362	-0.01362843472238522
30.60726613878674	-0.01364737861733714
30.64017371783987	-0.01366657178259509
30.67308129689299	-0.01368583580591214
30.70598887594612	-0.01370517242861232
30.73889645499924	-0.01372458327254346
30.77180403405236	-0.01374406984010966
30.80471161310549	-0.01376363351430384
30.83761919215861	-0.01378327555874015
30.87052677121173	-0.01380299711768646
30.90343435026486	-0.01382279921609683
30.93634192931798	-0.01384260740192825
30.9692495083711	-0.0138625798866859
31.00215708742423	-0.01388264164956621
31.03506466647735	-0.01390279258738669
31.06797224553047	-0.01392303215289036
31.1008798245836	-0.01394335935486653
31.13378740363672	-0.01396377275827148
31.16669498268984	-0.01398427048434922
31.19960256174297	-0.01400485021075211
31.23251014079609	-0.01402550917166149
31.26541771984921	-0.0140463619682609
31.29832529890234	-0.01406715883792783
31.33123287795546	-0.01408801401187082
31.36414045700858	-0.01410892396965328
31.39704803606171	-0.01412988525593773
31.42995561511483	-0.01415089448046795
31.46286319416796	-0.01417194831805134
31.49577077322108	-0.01419304350854113
31.5286783522742	-0.01421417685681862
31.56158593132733	-0.01423534523277554
31.59449351038045	-0.01425654557129626
31.62740108943357	-0.01427777487224006
31.6603086684867	-0.01429903020042348
31.69321624753982	-0.01432030868560254
31.72612382659294	-0.01434160752245515
31.75903140564607	-0.01436292397056326
31.79193898469919	-0.01438425535439532
31.82484656375231	-0.01440559906328846
31.85775414280544	-0.01442695255143095
31.89066172185856	-0.01444831333784439
31.92356930091168	-0.01446967900636614
31.95647687996481	-0.01449104720563159
31.98938445901793	-0.01451241564905657
32.02229203807106	-0.0145337821148196
32.05519961712418	-0.01455514444584435
32.0881071961773	-0.01457650054978193
32.12101477523043	-0.01459784839899325
32.15392235428355	-0.01461918603053143
32.18682993333667	-0.01464051154612414
32.2197375123898	-0.01466182311215601
