0
1000	0.5109989461	100000000000000.1
5	0	0	1
5	0	0	0
-0.654933961680612	0.0001338278344290363
-0.6220263826274882	0.0004761901614673632
-0.5891188035743644	0.0009174690419560155
-0.5562112245212406	0.001453053011296177
-0.5233036454681168	0.00207584002234621
-0.490396066414993	0.002777707412812855
-0.4574884873618692	0.003550464556350807
-0.4245809083087454	0.004386424239280507
-0.3916733292556216	0.0052787114527368
-0.3587657502024978	0.006221398901273468
-0.325858171149374	0.007209532094870479
-0.2929505920962502	0.008239086731751947
-0.2600430130431264	0.009306886752376895
-0.2271354339900026	0.01041050162269588
-0.1942278549368788	0.01154813480752447
-0.161320275883755	0.01271851102220641
-0.1284126968306312	0.0139207669826303
-0.09550511777750736	0.01515434851220273
-0.06259753872438356	0.01641891567227317
-0.02968995967125975	0.01771425683375566
0.003217619381864059	0.01904021215172911
0.03612519843498787	0.02039660664159838
0.06903277748811168	0.02178319291862517
0.1019403565412355	0.02319960360835066
0.1348479355943593	0.02464531343457832
0.1677555146474831	0.026119611025027
0.2006630937006069	0.02762158052994752
0.2335706727537307	0.02915009321777302
0.2664782518068545	0.03070380928902236
0.2993858308599783	0.03228119023193173
0.3322934099131021	0.03387317357956757
0.3652009889662259	0.03547213101481254
0.3981085680193497	0.03709597869743873
0.4310161470724735	0.03873702692140168
0.4639237261255973	0.04038628305554734
0.4968313051787211	0.04205606349590672
0.529738884231845	0.04375234834084246
0.5626464632849688	0.04545134166995429
0.5955540423380926	0.04716728418740686
0.6284616213912164	0.04890197376893055
0.6613692004443402	0.05064181559849343
0.694276779497464	0.05239846857020981
0.7271843585505878	0.05416022587623644
0.7600919376037116	0.05593868618607788
0.7929995166568354	0.05773413790936811
0.8259070957099592	0.05952303848515587
0.858814674763083	0.06133879963000032
0.8917222538162068	0.06315790825845
0.9246298328693306	0.06498863867493249
0.9575374119224545	0.06683014050447435
0.9904449909755783	0.06867846189393381
1.023352570028702	0.07053449772951945
1.056260149081826	0.07240290573533945
1.08916772813495	0.07427585410740162
1.122075307188074	0.07616599455118438
1.154982886241198	0.07805393503286918
1.187890465294322	0.07995329958259532
1.220798044347446	0.08185453762819297
1.253705623400569	0.08377726638561546
1.286613202453693	0.08569197663992757
1.319520781506817	0.08762056876836274
1.352428360559941	0.0895625678196524
1.385335939613065	0.09149682566234348
1.418243518666189	0.09343618470474856
1.451151097719313	0.09539612204499411
1.484058676772437	0.09735326896062009
1.516966255825561	0.09932756098743456
1.549873834878685	0.1012886080827678
1.582781413931809	0.1032547506244978
1.615688992984933	0.1052444715871023
1.648596572038056	0.1072273585246003
1.68150415109118	0.10922466972365
1.714411730144304	0.1112292191606639
1.747319309197428	0.1132180917602137
1.780226888250552	0.1152295042173813
1.813134467303676	0.1172292792744771
1.8460420463568	0.1192475798263525
1.878949625409924	0.1212610105931254
1.911857204463048	0.1232869673535685
1.944764783516172	0.1253190711066559
1.977672362569296	0.1273332032818802
2.010579941622419	0.1293717100663365
2.043487520675543	0.13139024553535
2.076395099728667	0.1334336530473937
2.109302678781791	0.1354761766914796
2.142210257834915	0.1375113635329253
2.175117836888039	0.1395593113175194
2.208025415941163	0.1416109000597343
2.240932994994287	0.1436433537848749
2.273840574047411	0.1456933872257244
2.306748153100535	0.1477484226192165
2.339655732153659	0.1498001196725037
2.372563311206783	0.1518340276326245
2.405470890259906	0.1538892181088303
2.43837846931303	0.1559424007591223
2.471286048366154	0.1579827484907372
2.504193627419278	0.1600364133720994
2.537101206472402	0.162085431564054
2.570008785525526	0.1641360004754757
2.60291636457865	0.1661616807219374
2.635823943631774	0.1682038891976572
2.668731522684898	0.1702476759775254
2.701639101738022	0.1722884456686458
2.734546680791146	0.1742986323382177
2.76745425984427	0.1763318850294416
2.800361838897393	0.1783603850869762
2.833269417950517	0.1803812219601952
2.866176997003641	0.1824010129081934
2.899084576056765	0.1843989037149753
2.931992155109889	0.1864073043140555
2.964899734163013	0.1884057023196143
2.997807313216137	0.1904009884614914
3.030714892269261	0.192389868487907
3.063622471322385	0.1943445026545634
3.096530050375509	0.1963142106124475
3.129437629428633	0.1982789597225083
3.162345208481756	0.20023532801973
3.19525278753488	0.2021819790971033
3.228160366588004	0.204115167421486
3.261067945641128	0.2060142603964452
3.293975524694252	0.2079306369954915
3.326883103747376	0.2098356989652708
3.3597906828005	0.2117257375333453
3.392698261853624	0.213608410372097
3.425605840906748	0.2154791947437797
3.458513419959872	0.2173178776879774
3.491420999012996	0.2191626142305454
3.52432857806612	0.220991340182958
3.557236157119243	0.2228090735371567
3.590143736172367	0.224612412647326
3.623051315225491	0.2264012693874592
3.655958894278615	0.2281445851695776
3.688866473331739	0.2298977613079814
3.721774052384863	0.2316395961083477
3.754681631437987	0.2333657663345349
3.787589210491111	0.2350762469526223
3.820496789544235	0.236769425591221
3.853404368597359	0.238445282109308
3.886311947650483	0.2400992790928478
3.919219526703607	0.2417077365220204
3.95212710575673	0.2433305068164961
3.985034684809854	0.2450092224535055
4.017942263862978	0.2465891999983409
4.050849842916102	0.2481905040803007
4.083757421969225	0.2497884467784274
4.116665001022349	0.2512825387236917
4.149572580075472	0.252837744139024
4.182480159128596	0.2542721674690212
4.215387738181719	0.2557585783403176
4.248295317234843	0.2571655002914231
4.281202896287966	0.2586444986136136
4.314110475341089	0.2599999135374088
4.347018054394213	0.2614461656893003
4.379925633447336	0.262774524427801
4.41283321250046	0.2641462047844313
4.445740791553583	0.2654262300170739
4.478648370606707	0.2668761800458594
4.51155594965983	0.2682792881651559
4.544463528712954	0.2698321205612904
4.577371107766077	0.2715796749750659
4.610278686819201	0.2734337810762821
4.643186265872324	0.2743727416063188
4.676093844925448	0.2772264991201371
4.709001423978571	0.2794103446493668
4.741909003031695	0.28294741243803
4.774816582084818	0.2853510932680489
4.807724161137942	0.2903364545000523
4.840631740191065	0.2937719449564135
4.873539319244188	0.3004318876996264
4.906446898297312	0.305582237187769
4.939354477350435	0.3143641748360694
4.972262056403559	0.3239539438844509
5.005169635456682	0.3327844347136163
5.038077214509806	0.34459372469789
5.070984793562929	0.3557176761845831
5.103892372616053	0.3705768518785709
5.136799951669176	0.3845453817777507
5.1697075307223	0.4020943391616114
5.202615109775423	0.4212076906745616
5.235522688828547	0.4401400663523327
5.26843026788167	0.4626050753468579
5.301337846934794	0.4839902316258036
5.334245425987917	0.5113839620756329
5.367153005041041	0.5389318674886544
5.400060584094164	0.5680964309175019
5.432968163147287	0.6012109039497299
5.465875742200411	0.6318030578913152
5.498783321253534	0.6720287764881364
5.531690900306658	0.7116201158098314
5.564598479359781	0.7523560258587261
5.597506058412905	0.799748765399016
5.630413637466028	0.8484854376724807
5.663321216519152	0.8996668008400859
5.696228795572275	0.9560736881252226
5.729136374625399	1.015373654896907
5.762043953678522	1.077569125568087
5.794951532731646	1.144827854836683
5.827859111784769	1.216447338384454
5.860766690837893	1.291572675728833
5.893674269891016	1.372786556689618
5.92658184894414	1.458562153856264
5.959489427997263	1.549045112006317
5.992397007050386	1.645855178855957
6.02530458610351	1.748084824208872
6.058212165156633	1.854546497698321
6.091119744209757	1.969985452110177
6.12402732326288	2.091394586014535
6.156934902316004	2.217178950290132
6.189842481369127	2.354795695184418
6.222750060422251	2.498395646459659
6.255657639475374	2.65029909827221
6.288565218528498	2.809268043187587
6.321472797581621	2.978501117554774
6.354380376634745	3.156824916180892
6.387287955687868	3.342336493108261
6.420195534740992	3.541728312471113
6.453103113794115	3.750689763533818
6.486010692847239	3.971815517128718
6.518918271900362	4.202171219190526
6.551825850953485	4.446659720215791
6.584733430006609	4.705153661830747
6.617641009059732	4.976085707525499
6.650548588112856	5.26025332100197
6.683456167165979	5.559995307831413
6.716363746219103	5.87615234171421
6.749271325272226	6.204409207411779
6.78217890432535	6.55514370326593
6.815086483378473	6.922101731522465
6.847994062431597	7.30833530078598
6.88090164148472	7.709571679045519
6.913809220537844	8.136443521422018
6.946716799590967	8.584045503728102
6.979624378644091	9.0529018079877
7.012531957697214	9.544534497603593
7.045439536750338	10.06005711208575
7.078347115803461	10.6027358309246
7.111254694856584	11.17134332811257
7.144162273909708	11.76730028210235
7.177069852962831	12.39078150100431
7.209977432015955	13.04815703787908
7.242885011069078	13.73572593338424
7.275792590122202	14.45574363854812
7.308700169175325	15.2078330198431
7.341607748228449	16.00060237143654
7.374515327281572	16.83094598861293
7.407422906334696	17.69892141473682
7.440330485387819	18.60846046136939
7.473238064440943	19.55961125193785
7.506145643494066	20.55786485883326
7.53905322254719	21.60194890238278
7.571960801600313	22.69486021191162
7.604868380653437	23.83865999169518
7.63777595970656	25.0338866549073
7.670683538759683	26.28790015500345
7.703591117812807	27.59786979772918
7.73649869686593	28.96882136202914
7.769406275919054	30.40244269769646
7.802313854972177	31.90086549152736
7.835221434025301	33.46869839122388
7.868129013078424	35.1080870689014
7.901036592131548	36.82192684445631
7.933944171184671	38.61334746333747
7.966851750237795	40.48463178902331
7.999759329290918	42.44145601122374
8.032666908344043	44.4862660696779
8.065574487397166	46.62269327879118
8.098482066450289	48.85489122590007
8.131389645503413	51.18466577657965
8.164297224556536	53.62124028145494
8.19720480360966	56.16563189960781
8.230112382662783	58.82272587164113
8.263019961715907	61.59742237194357
8.29592754076903	64.49434507553268
8.328835119822154	67.51766513256661
8.361742698875277	70.67652299164908
8.394650277928401	73.97327177657854
8.427557856981524	77.41457441192928
8.460465436034648	81.00639654494769
8.493373015087771	84.75535878542679
8.526280594140895	88.6656601019594
8.559188173194018	92.74810964469238
8.592095752247142	97.00746231980482
8.625003331300265	101.4513378815156
8.657910910353388	106.0865349829329
8.690818489406512	110.9238042172806
8.723726068459635	115.9661061685417
8.756633647512759	121.2286376348446
8.789541226565882	126.7165687252777
8.822448805619006	132.4396034046876
8.855356384672129	138.4071305416372
8.888263963725253	144.6311913632217
8.921171542778376	151.1160700913821
8.9540791218315	157.8830027363746
8.986986700884623	164.936172313818
9.019894279937747	172.2887140659653
9.05280185899087	179.952276639601
9.085709438043994	187.9417797904063
9.118617017097117	196.2681920556322
9.15152459615024	204.9443724842888
9.184432175203364	213.9884855196575
9.217339754256487	223.4130975837687
9.250247333309611	233.2330325621294
9.283154912362734	243.4655487721904
9.316062491415858	254.1280665475272
9.348970070468981	265.2361295150818
9.381877649522105	276.8056043188741
9.414785228575228	288.8620431051401
9.447692807628352	301.4194474961845
9.480600386681475	314.5004908311904
9.513507965734599	328.1267081741719
9.546415544787722	342.3171546866103
9.579323123840846	357.0964151447788
9.612230702893969	372.4802803531259
9.645138281947093	388.510741523302
9.678045861000216	405.2009012400192
9.710953440053339	422.5804443556941
9.743861019106463	440.6744228613301
9.776768598159586	459.5154296101579
9.80967617721271	479.1304167710389
9.842583756265833	499.5513446320277
9.875491335318957	520.8035818451104
9.90839891437208	542.9325093342892
9.941306493425204	565.9639838379389
9.974214072478327	589.9360590159712
10.00712165153145	614.8835429980238
10.04002923058457	640.8481567202282
10.0729368096377	667.8674995632255
10.10584438869082	695.9836555160423
10.13875196774394	725.2333860286344
10.17165954679707	755.6751913524429
10.20456712585019	787.3449565746257
10.23747470490332	820.2911477892654
10.27038228395644	854.6518505724274
10.30328986300956	890.3483718931897
10.33619744206269	927.4986268516518
10.36910502111581	966.1703852190666
10.40201260016893	1006.651098538328
10.43492017922206	1048.006073429799
10.46782775827518	1091.666346797588
10.5007353373283	1137.020352379345
10.53364291638143	1184.256273860639
10.56655049543455	1233.136369493163
10.59945807448767	1283.823541573064
10.6323656535408	1337.110256922728
10.66527323259392	1392.639348130944
10.69818081164704	1448.337819549551
10.73108839070017	1510.139327956045
10.76399596975329	1573.001497766937
10.79690354880641	1638.526678944556
10.82981112785954	1707.084721972578
10.86271870691266	1777.836731029667
10.89562628596578	1851.766866005715
10.92853386501891	1929.904946020888
10.96144144407203	2011.099817308167
10.99434902312515	2092.893112998081
11.02725660217828	2183.739542941428
11.0601641812314	2276.359604835221
11.09307176028453	2373.450611184919
11.12597933933765	2474.76879790271
11.15888691839077	2580.122088362183
11.1917944974439	2690.790196509943
11.22470207649702	2807.184394352761
11.25760965555014	2928.612727879171
11.29051723460327	3055.808696918275
11.32342481365639	3188.31658042603
11.35633239270951	3327.167312403207
11.38923997176264	3473.568684070195
11.42214755081576	3626.503822159162
11.45505512986888	3786.807246220234
11.48796270892201	3954.400898534677
11.52087028797513	4129.851396658029
11.55377786702825	4314.681415219206
11.58668544608138	4508.190029547577
11.6195930251345	4711.158767336772
11.65250060418762	4923.357703349348
11.68540818324075	5146.693490694797
11.71831576229387	5380.805471723173
11.75122334134699	5626.357324587058
11.78413092040012	5883.960096396472
11.81703849945324	6153.349397131234
11.84994607850637	6436.634659552225
11.88285365755949	6734.572974854322
11.91576123661261	7046.758251013955
11.94866881566574	7374.182364983782
11.98157639471886	7718.2338057747
12.01448397377198	8077.324171438157
12.04739155282511	8455.886016064185
12.08029913187823	8852.787468972516
12.11320671093135	9269.103850039412
12.14611428998448	9705.94194130763
12.1790218690376	10163.46146418028
12.21192944809072	10644.53717148105
12.24483702714385	11148.8294012748
12.27774460619697	11677.63519603859
12.31065218525009	12232.22060163598
12.34355976430322	12814.02117268079
12.37646734335634	13422.48037394046
12.40937492240946	14062.54680069662
12.44228250146259	14732.77882066762
12.47519008051571	15435.25745570368
12.50809765956883	16171.47839543993
12.54100523862196	16943.24495409873
12.57391281767508	17750.74758174305
12.6068203967282	18597.58000723478
12.63972797578133	19484.49529525097
12.67263555483445	20413.29625321563
12.70554313388758	21385.83090872351
12.7384507129407	22404.35902204558
12.77135829199382	23469.40017367567
12.80426587104695	24584.74707904324
12.83717345010007	25751.61442405334
12.87008102915319	26972.23301780647
12.90298860820632	28248.86830455168
12.93589618725944	29584.09144219404
12.96880376631256	30978.84249566875
13.00171134536569	32437.77166012705
13.03461892441881	33962.14606162957
13.06752650347193	35554.72722684302
13.10043408252506	37218.21043263934
13.13334166157818	38955.53622098122
13.1662492406313	40767.3891218057
13.19915681968443	42662.02619472099
13.23206439873755	44637.86156496046
13.26497197779067	46699.20288289101
13.2978795568438	48849.49930407034
13.33078713589692	51092.13247309002
13.36369471495004	53430.96936751213
13.39660229400317	55866.98942002178
13.42950987305629	58407.16475766487
13.46241745210942	61053.52659933647
13.49532503116254	63810.08422365505
13.52823261021566	66680.75755688449
13.56114018926879	69669.54015526219
13.59404776832191	72781.3264820659
13.62695534737503	76017.24371662739
13.65986292642816	79385.72633903926
13.69277050548128	82889.26672222889
13.7256780845344	86532.70842739339
13.75858566358753	90320.83832244335
13.79149324264065	94258.02212824854
13.82440082169377	98350.20031863646
13.8573084007469	102600.0088891382
13.89021597980002	107015.8729487493
13.92312355885314	111601.6861299574
13.95603113790627	116362.8820670462
13.98893871695939	121304.8826670342
14.02184629601251	126434.2693511375
14.05475387506564	131755.9043716372
14.08766145411876	137274.6678877094
14.12056903317188	143000.5653675181
14.15347661222501	148936.9499208969
14.18638419127813	155090.93488782
14.21929177033125	161469.4395343109
14.25219934938438	168079.1087499178
14.2851069284375	174927.6661743275
14.31801450749063	182020.8982246049
14.35092208654375	189365.9260556442
14.38382966559687	196972.4055591388
14.41673724465	204847.0385821823
14.44964482370312	212997.4668701553
14.48255240275624	221432.0042042974
14.51545998180937	230159.234501252
14.54836756086249	239186.9134138111
14.58127513991561	248527.7103349821
14.61418271896874	258179.8126292317
14.64709029802186	268162.845338483
14.67999787707498	278482.5224402439
14.71290545612811	289148.4895145984
14.74581303518123	300170.6052738915
14.77872061423435	311559.9452160171
14.81162819328748	323324.5012677274
14.8445357723406	335476.9926510477
14.87744335139372	348023.3330833113
14.91035093044685	360980.0447025151
14.94325850949997	374357.1532157262
14.97616608855309	388166.8307207885
15.00907366760622	402418.759771082
15.04198124665934	417125.5135213506
15.07488882571247	432300.0030703169
15.10779640476559	447953.7819687295
15.14070398381871	464101.006900463
15.17361156287184	480757.2466816715
15.20651914192496	497932.2536182202
15.23942672097808	515639.4686527204
15.27233430003121	533897.0358241255
15.30524187908433	552717.8774358708
15.33814945813745	572117.2164874065
15.37105703719058	592110.6389171595
15.4039646162437	612714.7147313862
15.43687219529682	633940.1363628587
15.46977977434995	655810.8336737379
15.50268735340307	678339.973592073
15.53559493245619	701546.5127164319
15.56850251150932	725452.6148576032
15.60141009056244	750067.0083126109
15.63431766961556	775408.705019305
15.66722524866869	801501.1242101907
15.70013282772181	828366.4109293072
15.73304040677493	856012.7284203887
15.76594798582806	884476.1067659608
15.79885556488118	913768.0860976902
15.8317631439343	943909.9887422691
15.86467072298743	974923.7493050477
15.89757830204055	1006833.108747876
15.93048588109368	1039662.856871882
15.9633934601468	1073435.056520874
15.99630103919992	1108179.980979799
16.02920861825305	1143909.04395928
16.06211619730617	1180649.103003369
16.09502377635929	1218397.173341152
16.12793135541242	1257390.547217474
16.16083893446554	1297303.154689595
16.19374651351866	1338380.57105473
16.22665409257179	1380606.003515399
16.25956167162491	1424021.066665053
16.29246925067804	1468633.16698604
16.32537682973116	1514801.061662439
16.35828440878428	1561677.873960447
16.39119198783741	1610107.715980704
16.42409956689053	1659881.45940893
16.45700714594365	1711019.671008466
16.48991472499678	1763558.471802754
16.5228223040499	1817492.512227851
16.55572988310302	1873090.363863658
16.58863746215615	1930005.646266266
16.62154504120927	1988500.494007458
16.65445262026239	2048589.623045573
16.68736019931552	2110290.588082194
16.72026777836864	2173649.859002998
16.75317535742176	2238606.47357564
16.78608293647489	2305616.589057827
16.81899051552801	2374189.414649087
16.85189809458113	2444610.083491899
16.88480567363426	2516829.206375078
16.91771325268738	2591054.098487128
16.9506208317405	2667247.083140399
16.98352841079363	2745357.557708914
17.01643598984675	2825827.076468413
17.04934356889988	2908237.889126459
17.082251147953	2992835.98263598
17.11515872700612	3079615.53776634
17.14806630605925	3168733.148514202
17.18097388511237	3260186.283526232
17.21388146416549	3354135.580642795
17.24678904321862	3450636.207225327
17.27969662227174	3549419.251571824
17.31260420132486	3650778.943239609
17.34551178037799	3754673.081378601
17.37841935943111	3861329.250872916
17.41132693848423	3970722.773314749
17.44423451753736	4083002.828627861
17.47714209659048	4198234.868733772
17.5100496756436	4316166.691056389
17.54295725469673	4437037.330904666
17.57586483374985	4560989.914844062
17.60877241280297	4688190.260225252
17.6416799918561	4818602.449932478
17.67458757090922	4952489.739523559
17.70749514996234	5089286.227968466
17.74040272901547	5230133.771889313
17.77331030806859	5374082.129052578
17.80621788712171	5521646.554696976
17.83912546617484	5672951.895116061
17.87203304522796	5827848.461116405
17.90494062428109	5986988.237485697
17.93784820333421	6149903.037236939
17.97075578238733	6317134.774442291
18.00366336144046	6488129.717710328
18.03657094049358	6663409.251300219
18.0694785195467	6843089.703131712
18.10238609859983	7027333.746830205
18.13529367765295	7216051.774442493
18.16820125670607	7409711.518626889
18.2011088357592	7608042.069820844
18.23401641481232	7811839.099586983
18.26692399386544	8019913.388103142
18.29983157291857	8233234.578674285
18.33273915197169	8451910.629505131
18.36564673102481	8675772.143496308
18.39855431007794	8905561.157114362
18.43146188913106	9140801.858129757
18.46436946818418	9382011.58966583
18.49727704723731	9629058.796632519
18.53018462629043	9881835.038714562
18.56309220534355	10140766.62331428
18.59599978439668	10405978.32227875
18.6289073634498	10677867.9794689
18.66181494250293	10956595.33525348
18.69472252155605	11242235.10694765
18.72763010060917	11534457.71518885
18.7605376796623	11833473.02797323
18.79344525871542	12140163.15905415
18.82635283776854	12453936.7825721
18.85926041682167	12775258.02589713
18.89216799587479	13104406.2809591
18.92507557492791	13441674.88162307
18.95798315398104	13787256.19886989
18.99089073303416	14140778.86076798
19.02379831208728	14502496.20025487
19.05670589114041	14873461.1261452
19.08961347019353	15252556.64032887
19.12252104924665	15640805.9257417
19.15542862829978	16038584.359523
19.1883362073529	16446056.3639493
19.22124378640602	16863280.03887469
19.25415136545915	17290163.84113508
19.28705894451227	17727001.33622294
19.31996652356539	18174338.30280565
19.35287410261852	18632447.16334431
19.38578168167164	19100826.87188714
19.41868926072476	19580713.34961576
19.45159683977789	20071976.34159962
19.48450441883101	20575377.21309498
19.51741199788414	21090082.39052093
19.55031957693726	21616704.85441312
19.58322715599038	22155887.67812915
19.61613473504351	22707701.16332272
19.64904231409663	23272749.28901848
19.68194989314975	23850336.26783707
19.71485747220288	24441924.20961889
19.747765051256	25047836.25200416
19.78067263030912	25667421.72088574
19.81358020936225	26301359.76391704
19.84648778841537	26950061.27147297
19.87939536746849	27614074.40019561
19.91230294652162	28293430.612584
19.94521052557474	28988295.56784672
19.97811810462786	29699841.91417354
20.01102568368099	30427949.68686655
20.04393326273411	31173002.26302199
20.07684084178723	31935135.11173231
20.10974842084036	32714823.99177064
20.14265599989348	33512673.14652896
20.1755635789466	34328994.41644484
20.20847115799973	35163745.67393725
20.24137873705285	36018399.9193354
20.27428631610598	36891274.72438861
20.3071938951591	37788016.97386725
20.34010147421222	38703518.43587567
20.37300905326535	39640379.34514306
20.40591663231847	40598849.83547073
20.43882421137159	41579257.5667023
20.47173179042472	42582332.21217979
20.50463936947784	43608690.59284876
20.53754694853096	44659447.47003648
20.57045452758409	45733973.38537517
20.60336210663721	46832459.60463242
20.63626968569033	47958458.84871148
20.66917726474346	49109221.99311269
20.70208484379658	50286450.09182181
20.7349924228497	51490360.0821477
20.76790000190283	52722528.92139856
20.80080758095595	53983488.58246518
20.83371516000907	55272988.77794059
20.8666227390622	56592175.7161236
20.89953031811532	57942284.77264441
20.93243789716844	59323440.37154
20.96534547622157	60736694.85844148
20.99825305527469	62182370.16497067
21.03116063432782	63661586.26667568
21.06406821338094	65175543.49132538
21.09697579243406	66724172.29685074
21.12988337148719	68308228.63639192
21.16279095054031	69929463.21642745
21.19569852959343	71588747.40513134
21.22860610864656	73286165.63934489
21.26151368769968	75022761.36800873
21.2944212667528	76799177.4880735
21.32732884580593	78618286.10110104
21.36023642485905	80479473.51737912
21.39314400391217	82383354.2302058
21.4260515829653	84331338.59692188
21.45895916201842	86324974.77503958
21.49186674107154	88365242.6791154
21.52477432012467	90453646.41259086
21.55768189917779	92590378.1292886
21.59058947823091	94776538.57234789
21.62349705728404	97014466.63813485
21.65640463633716	99304855.87016627
21.68931221539028	101649389.9540554
21.72221979444341	104048611.2627214
21.75512737349653	106504546.4192457
21.78803495254965	109018099.8096088
21.82094253160278	111591315.7315066
21.8538501106559	114225597.0943726
21.88675768970903	116921696.8451933
21.91966526876215	119682015.1762013
21.95257284781527	122508382.8507958
21.9854804268684	125401346.2538923
22.01838800592152	128363737.5231263
22.05129558497464	131397022.684667
22.08420316402777	134502375.5822119
22.11711074308089	137682253.1001771
22.15001832213401	140938299.6476029
22.18292590118714	144271718.7671459
22.21583348024026	147686608.3342169
22.24874105929338	151184395.9763556
22.28164863834651	154765955.2661805
22.31455621739963	158434523.2419283
22.34746379645275	162192384.5674189
22.38037137550588	166041860.1768028
22.413278954559	169984854.0640832
22.44618653361212	174024430.1892154
22.47909411266525	178161794.7155234
22.51200169171837	182401650.4433484
22.54490927077149	186746614.4445034
22.57781684982462	191197810.8000466
22.61072442887774	195758729.842115
22.64363200793087	200432997.7733817
22.67653958698399	205223264.0634347
22.70944716603711	210132557.2639129
22.74235474509024	215164539.6078866
22.77526232414336	220320908.6983779
22.80816990319648	225607778.1163156
22.84107748224961	231026856.6053147
22.87398506130273	236583590.941706
22.90689264035585	242280238.0177922
22.93980021940898	248120985.7904653
22.9727077984621	254110229.5047426
23.00561537751522	260251810.659975
23.03852295656835	266550191.7403207
23.07143053562147	273008400.7506868
23.10433811467459	279633845.5328215
23.13724569372772	286429654.5837587
23.17015327278084	293400897.3181809
23.20306085183396	300552634.1749038
23.23596843088709	307888199.1312951
23.26887600994021	315416424.0918224
23.30178358899333	323139716.8585387
23.33469116804646	331064879.2619214
23.36759874709958	339197605.280502
23.4005063261527	347543220.1176723
23.43341390520583	356109834.7608666
23.46632148425895	364902143.2573182
23.49922906331208	373927537.4192404
23.5321366423652	383193127.2343776
23.56504422141832	392704498.7239385
23.59795180047145	402470455.6424277
23.63085937952457	412497707.7164618
23.66376695857769	422794673.2276217
23.69667453763082	433367406.3302911
23.72958211668394	444227067.7933938
23.76248969573706	455380370.4417912
23.79539727479019	466837511.3937579
23.82830485384331	478605984.9460574
23.86121243289643	490694699.3768266
23.89412001194956	503116261.2915667
23.92702759100268	515878062.9844307
23.9599351700558	528991943.9927049
23.99284274910893	542467622.4275652
24.02575032816205	556314987.8002737
24.05865790721517	570549159.9925779
24.0915654862683	585178723.4664587
24.12447306532142	600218099.3666041
24.15738064437454	615676712.1301892
24.19028822342767	631572955.2029493
24.22319580248079	647913200.40545
24.25610338153392	664715105.8839753
24.28901096058704	681991213.2687222
24.32191853964016	699757502.8591239
24.35482611869329	718027824.5374705
24.38773369774641	736820480.0248878
24.42064127679953	756149292.0025676
24.45354885585266	776032560.0009258
24.48645643490578	796487634.0487139
24.5193640139589	817523594.8597006
24.55227159301203	839175262.9394072
24.58517917206515	861455098.1590887
24.61808675111827	884381670.5545669
24.6509943301714	907976212.8400189
24.68390190922452	932260313.8729429
24.71680948827764	957254327.1329709
24.74971706733077	982983537.9042783
24.78262464638389	1009468609.999031
24.81553222543701	1036734037.640907
24.84843980449014	1064827484.540917
24.88134738354326	1093731036.798538
24.91425496259638	1123490203.986561
24.94716254164951	1154133087.55494
24.98007012070263	1185687374.634543
25.01297769975575	1218183419.919689
25.04588527880888	1251650326.645945
25.078792857862	1286118858.552853
25.11170043691513	1321624242.183489
25.14460801596825	1358192868.807288
25.17751559502137	1395838089.379546
25.2104231740745	1434658580.111899
25.24333075312762	1474660440.818039
25.27623833218074	1515882562.847863
25.30914591123387	1558365439.997278
25.34205349028699	1602150348.310792
25.37496106934011	1647281019.959434
25.40786864839324	1693800324.866055
25.44077622744636	1741754454.282003
25.47368380649948	1791184469.483255
25.50659138555261	1842212419.110202
25.53949896460573	1894757203.863814
25.57240654365885	1948929620.172367
25.60531412271198	2004781764.136541
25.6382217017651	2062369405.798653
25.67112928081822	2121749351.971968
25.70403685987135	2182980605.872631
25.73694443892447	2246124181.658064
25.76985201797759	2311243902.937862
25.80275959703072	2378403610.914848
25.83566717608384	2447620511.069003
25.86857475513697	2519074464.656723
25.90148233419009	2592786949.438145
25.93438991324321	2668833967.960589
25.96729749229634	2747294078.688998
26.00020507134946	2828248581.96087
26.03311265040258	2911781391.196945
26.06602022945571	2997979253.827153
26.09892780850883	3086932441.331106
26.13183538756195	3178732785.687731
26.16474296661508	3273511665.955162
26.1976505456682	3371294672.86538
26.23055812472132	3472220464.377249
26.26346570377445	3576393482.513019
26.29637328282757	3683922675.988343
26.32928086188069	3794921378.551588
26.36218844093382	3909506665.913321
26.39509601998694	4027799698.598217
26.42800359904006	4149925873.536345
26.46091117809319	4276014974.170877
26.49381875714631	4406138323.639332
26.52672633619943	4540615708.732882
26.55963391525256	4679421690.227756
26.59254149430568	4822756252.704754
26.6254490733588	4970776748.510504
26.65835665241193	5123639507.640391
26.69126423146505	5281511877.546437
26.72417181051818	5444564067.739635
26.7570793895713	5612973200.74069
26.78998696862442	5786922048.889207
26.82289454767755	5966575026.462791
26.85580212673067	6152201778.080459
26.88870970578379	6343909720.09074
26.92161728483692	6541982313.788497
26.95452486389004	6746617242.634249
26.98743244294316	6958033681.171769
27.02034002199629	7176468428.826535
27.05324760104941	7402160110.865973
27.08615518010253	7635358353.161788
27.11906275915566	7876320462.231426
27.15197033820878	8125362697.668689
27.1848779172619	8382614848.011965
27.21778549631503	8648514091.87208
27.25069307536815	8923299752.238857
27.28360065442127	9207252797.365271
27.3165082334744	9500701981.271505
27.34941581252752	9803975617.895166
27.38232339158064	10117412645.26114
27.41523097063377	10441362663.21477
27.44813854968689	10776189894.6797
27.48104612874002	11122206785.20486
27.51395370779314	11479945544.44994
27.54686128684626	11849685301.09859
27.57976886589939	12231867369.46595
27.61267644495251	12627057027.37082
27.64558402400563	13035502825.12113
27.67849160305876	13457746414.86246
27.71139918211188	13894273616.21578
27.744306761165	14345567917.61829
27.77721434021813	14812141081.08026
27.81012191927125	15294638067.39052
27.84302949832437	15793328177.39826
27.8759370773775	16309004102.25926
27.90884465643062	16842117508.15857
27.94175223548374	17393394069.41851
27.97465981453687	17963269157.05034
28.00756739358999	18552590474.47495
28.04047497264311	19161985690.59446
28.07338255169624	19792099219.81001
28.10629013074936	20443689193.97736
28.13919770980248	21117114601.85394
28.17210528885561	21813992500.94674
28.20501286790873	22534560365.93473
28.23792044696185	23279901719.13576
28.27082802601498	24050706173.42863
28.3037356050681	24847903386.66617
28.33664318412123	25672511866.22287
28.36955076317435	26525308217.42434
28.40245834222747	27407500261.65687
28.4353659212806	28319853033.37486
28.46827350033372	29264202197.82361
28.50118107938684	30240125959.79685
28.53408865843997	31249927767.25394
28.56699623749309	32294222835.38884
28.59990381654621	33374494208.51843
28.63281139559934	34491849142.40095
28.66571897465246	35647630621.124
28.69862655370558	36843139371.36449
28.73153413275871	38079841800.21231
28.76444171181183	39359000888.72327
28.79734929086495	40682368210.97581
28.83025686991808	42050902224.85645
28.8631644489712	43467385386.53371
28.89607202802432	44931912067.20331
28.92897960707745	46447497504.92626
28.96188718613057	48015249698.70693
28.99479476518369	49637244367.83727
29.02770234423682	51315220915.27927
29.06060992328994	53051209464.83572
29.09351750234307	54847217756.02708
29.12642508139619	56705430613.53748
29.15933266044931	58627382878.16016
29.19224023950244	60616262336.61298
29.22514781855556	62674954966.19577
29.25805539760868	64803892087.01879
29.29096297666181	67007106833.36343
29.32387055571493	69286865141.23424
29.35677813476805	71645552984.26312
29.38968571382118	74086239277.83926
29.4225932928743	76611609183.19281
29.45550087192742	79224654587.29776
29.48840845098055	81929660244.47542
29.52131603003367	84726976323.87915
29.55422360908679	87621383057.3053
29.58713118813992	90616484890.1308
29.62003876719304	93716246348.59865
29.65294634624616	96922808568.5466
29.68585392529929	100240829505.2586
29.71876150435241	103674272560.1809
29.75166908340553	107226798323.2747
29.78457666245866	110902813804.5131
29.81748424151178	114705101519.9783
29.85039182056491	118642031527.8147
29.88329939961803	122715184972.3211
29.91620697867115	126929627951.6494
29.94911455772428	131291008145.1366
29.9820221367774	135804703282.0234
30.01492971583052	140475981246.1145
30.04783729488365	145309335505.4391
30.08074487393677	150311679407.1025
30.11365245298989	155488512219.3715
30.14656003204302	160846398447.9172
30.17946761109614	166389457916.0867
30.21237519014926	172126977630.5497
30.24528276920239	178065897639.3789
30.27819034825551	184210666260.8815
30.31109792730863	190569342601.6275
30.34400550636176	197150134717.7581
30.37691308541488	203960801971.5827
30.409820664468	211009845804.6678
30.44272824352113	218304181101.6317
30.47563582257425	225853659014.4678
30.50854340162737	233665919178.5852
30.5414509806805	241751308023.5716
30.57435855973362	250116625603.6066
30.60726613878674	258775337012.6947
30.64017371783987	267737727319.8969
30.67308129689299	277011695342.456
30.70598887594612	286608952232.6849
30.73889645499924	296541509169.5403
30.77180403405236	306820494331.3107
30.80471161310549	317457147412.1885
30.83761919215861	328467641454.0707
30.87052677121173	339862877108.1033
30.90343435026486	351655166983.3287
30.93634192931798	363860364554.1497
30.9692495083711	376491468931.3856
31.00215708742423	389562306573.4438
31.03506466647735	403091532471.9539
31.06797224553047	417094650191.9742
31.1008798245836	431586441418.0658
31.13378740363672	446583563987.4142
31.16669498268984	462106658030.1364
31.19960256174297	478171433650.2825
31.23251014079609	494799690409.2341
31.26541771984921	512011363971.6317
31.29832529890234	529823774612.0803
31.33123287795546	548259807276.8216
31.36414045700858	567340645470.2388
31.39704803606171	587088218308.5818
31.42995561511483	607527899678.0045
31.46286319416796	628686299286.2992
31.49577077322108	650581664803.6721
31.5286783522742	673242421997.3942
31.56158593132733	696696174114.6593
31.59449351038045	720969335720.6566
31.62740108943357	746093295844.7976
31.6603086684867	772097845235.0245
31.69321624753982	799011840488.782
31.72612382659294	826866822973.4121
31.75903140564607	855696814216.0811
31.79193898469919	885534520904.7159
31.82484656375231	916414928828.6619
31.85775414280544	948378676502.179
31.89066172185856	981460483650.5441
31.92356930091168	1015698168646.664
31.95647687996481	1051132313850.097
31.98938445901793	1087806585220.882
32.02229203807106	1125762211950.626
32.05519961712418	1165046614457.866
32.0881071961773	1205706001619.933
32.12101477523043	1247786627603.684
32.15392235428355	1291339430408.451
32.18682993333667	1336415121697.491
32.2197375123898	1383065899240.093
0
1000	0.5109989461	100000000000000.1
5	0	0	1
5	0	0	0
-0.654933961680612	-0.01710388463254242
-0.6220263826274882	-0.02220504273821555
-0.5891188035743644	-0.02680884028752614
-0.5562112245212406	-0.03076528771638689
-0.5233036454681168	-0.03403698071130658
-0.490396066414993	-0.03665377335196314
-0.4574884873618692	-0.03868092245029098
-0.4245809083087454	-0.04019851566303499
-0.3916733292556216	-0.04128901145393225
-0.3587657502024978	-0.04203019933068871
-0.325858171149374	-0.04249162211782782
-0.2929505920962502	-0.04273313091729217
-0.2600430130431264	-0.04280470418468554
-0.2271354339900026	-0.0427469776022879
-0.1942278549368788	-0.04259213956890992
-0.161320275883755	-0.04236498168781497
-0.1284126968306312	-0.04208397938536662
-0.09550511777750736	-0.04176233178262038
-0.06259753872438356	-0.04140892350061196
-0.02968995967125975	-0.04102919159951657
0.003217619381864059	-0.04062589310497514
0.03612519843498787	-0.04019977562512067
0.06903277748811168	-0.03975015736791043
0.1019403565412355	-0.03927542467866146
0.1348479355943593	-0.03877345582497733
0.1677555146474831	-0.03824197966142809
0.2006630937006069	-0.03767887732347357
0.2335706727537307	-0.03708243442384187
0.2664782518068545	-0.03645155047336913
0.2993858308599783	-0.03578591149227139
0.3322934099131021	-0.03470946440047572
0.3652009889662259	-0.0339850501052959
0.3981085680193497	-0.03325652206944636
0.4310161470724735	-0.03252563160562522
0.4639237261255973	-0.03179391036031444
0.4968313051787211	-0.03106271279872353
0.529738884231845	-0.03033325351095875
0.5626464632849688	-0.02960663981322513
0.5955540423380926	-0.02888390010510175
0.6284616213912164	-0.02816600842526796
0.6613692004443402	-0.02741313823605098
0.694276779497464	-0.02671240298147857
0.7271843585505878	-0.02602224879260516
0.7600919376037116	-0.02534314943227498
0.7929995166568354	-0.02467549826607076
0.8259070957099592	-0.02401961547900449
0.858814674763083	-0.02337575620086622
0.8917222538162068	-0.02274411874064711
0.9246298328693306	-0.02212485252492012
0.9575374119224545	-0.02151806554122522
0.9904449909755783	-0.02091948244515693
1.023352570028702	-0.0203382458251558
1.056260149081826	-0.01976999190412586
1.08916772813495	-0.01921468555091194
1.122075307188074	-0.01867226043424793
1.154982886241198	-0.01814262316481113
1.187890465294322	-0.01762565704449986
1.220798044347446	-0.01712122545372412
1.253705623400569	-0.0166291749060443
1.286613202453693	-0.01614933779789432
1.319520781506817	-0.01568080016506607
1.352428360559941	-0.01522491227071919
1.385335939613065	-0.01478073434246381
1.418243518666189	-0.01434805726545936
1.451151097719313	-0.01392666491462019
1.484058676772437	-0.0135163356444474
1.516966255825561	-0.01311684362000644
1.549873834878685	-0.01272796000444539
1.582781413931809	-0.01234945401703078
1.615688992984933	-0.01198109387437286
1.648596572038056	-0.01162256500279057
1.68150415109118	-0.01127381062770066
1.714411730144304	-0.01093451475048515
1.747319309197428	-0.01060444793286641
1.780226888250552	-0.01028338284974486
1.813134467303676	-0.009971094753963775
1.8460420463568	-0.009667361880720864
1.878949625409924	-0.009371965798103276
1.911857204463048	-0.009084691709492904
1.944764783516172	-0.008805328712941339
1.977672362569296	-0.008533570895511697
2.010579941622419	-0.008269424898361985
2.043487520675543	-0.008012590218366356
2.076395099728667	-0.007762872138590481
2.109302678781791	-0.007520080351369756
2.142210257834915	-0.007284029063455758
2.175117836888039	-0.007054537077526219
2.208025415941163	-0.006831427852732587
2.240932994994287	-0.006614529546603313
2.273840574047411	-0.006403675040313423
2.306748153100535	-0.006198598204238915
2.339655732153659	-0.00599935900962194
2.372563311206783	-0.005805699049912285
2.405470890259906	-0.005617468987467649
2.43837846931303	-0.005434523750293825
2.471286048366154	-0.005256722500292245
2.504193627419278	-0.005083928593044995
2.537101206472402	-0.004916009530111621
2.570008785525526	-0.004752836904657761
2.60291636457865	-0.004594286341108501
2.635823943631774	-0.004440091713720164
2.668731522684898	-0.004290442988798321
2.701639101738022	-0.004145078190531014
2.734546680791146	-0.004003886649710826
2.76745425984427	-0.003866760862277688
2.800361838897393	-0.003733596436318302
2.833269417950517	-0.003604292035010119
2.866176997003641	-0.003478749316152172
2.899084576056765	-0.003356872868792371
2.931992155109889	-0.003238570147360691
2.964899734163013	-0.003123598487740795
2.997807313216137	-0.003012213250656938
3.030714892269261	-0.002904135120520777
3.063622471322385	-0.002799289168377077
3.096530050375509	-0.002697597109635871
3.129437629428633	-0.002598981353751936
3.162345208481756	-0.00250336586444261
3.19525278753488	-0.002410676390140729
3.228160366588004	-0.002320840518224534
3.261067945641128	-0.002233787668211211
3.293975524694252	-0.002149368678833666
3.326883103747376	-0.00206768462117299
3.3597906828005	-0.00198858845714231
3.392698261853624	-0.001912015606814501
3.425605840906748	-0.001837902837806407
3.458513419959872	-0.001766188233651224
3.491420999012996	-0.001696811163159961
3.52432857806612	-0.001629712250795916
3.557236157119243	-0.001564833348098937
3.590143736172367	-0.001502117506213956
3.623051315225491	-0.001441490556754053
3.655958894278615	-0.001382936060660586
3.688866473331739	-0.001326382379187799
3.721774052384863	-0.001271776999572207
3.754681631437987	-0.001219068393501445
3.787589210491111	-0.001168205995312011
3.820496789544235	-0.001119140182015944
3.853404368597359	-0.001071822255024102
3.886311947650483	-0.00102620442344189
3.919219526703607	-0.0009822397888198011
3.95212710575673	-0.0009616468367279543
3.985034684809854	-0.0009185595862814655
4.017942263862978	-0.0008752835565226869
4.050849842916102	-0.000832051074827382
4.083757421969225	-0.0007891682748731103
4.116665001022349	-0.0007506598872933985
4.149572580075472	-0.0007170430858626559
4.182480159128596	-0.0006847347456013442
4.215387738181719	-0.0006536943022033147
4.248295317234843	-0.0006238818357192159
4.281202896287966	-0.000593371028451249
4.314110475341089	-0.0005659848499367312
4.347018054394213	-0.000539889285661686
4.379925633447336	-0.0005150600129156406
4.41283321250046	-0.0004914709282246691
4.445740791553583	-0.0004811568507945373
4.478648370606707	-0.0004888316980399904
4.51155594965983	-0.0005043051661160751
4.544463528712954	-0.0005279318718608623
4.577371107766077	-0.0005600739554633467
4.610278686819201	-0.0004445811080832906
4.643186265872324	-0.0005672471869125649
4.676093844925448	-0.0006548977714070399
4.709001423978571	-0.0007478119789315691
4.741909003031695	-0.000851458902227025
4.774816582084818	-0.0009671751762639592
4.807724161137942	-0.001095165184282821
4.840631740191065	-0.001235148462927735
4.873539319244188	-0.001386559271269301
4.906446898297312	-0.001548623305135195
4.939354477350435	-0.001782148786222103
4.972262056403559	-0.001956970599957715
5.005169635456682	-0.002133954249030556
5.038077214509806	-0.002312272227401599
5.070984793562929	-0.00249121358619492
5.103892372616053	-0.002670180517053905
5.136799951669176	-0.002848685143163427
5.1697075307223	-0.003026346527374762
5.202615109775423	-0.003202887891628104
5.235522688828547	-0.003378134036203725
5.26843026788167	-0.003529964096291516
5.301337846934794	-0.003704557168741283
5.334245425987917	-0.003879720461911849
5.367153005041041	-0.004055482600256921
5.400060584094164	-0.00423184038843699
5.432968163147287	-0.004408795382024044
5.465875742200411	-0.004586351309227059
5.498783321253534	-0.004764513900422501
5.531690900306658	-0.004943290926529272
5.564598479359781	-0.00512269229683188
5.597506058412905	-0.005301677532792612
5.630413637466028	-0.005482444646041656
5.663321216519152	-0.005663974587269991
5.696228795572275	-0.005846283105020012
5.729136374625399	-0.006029384307242261
5.762043953678522	-0.006213290623804405
5.794951532731646	-0.006398012774332825
5.827859111784769	-0.006583559741010343
5.860766690837893	-0.006769938745959753
5.893674269891016	-0.006957155232852287
5.92658184894414	-0.007145545047420585
5.959489427997263	-0.007334415245057997
5.992397007050386	-0.007524100677828932
6.02530458610351	-0.007714602611650109
6.058212165156633	-0.007905921866192519
6.091119744209757	-0.008098060866228307
6.12402732326288	-0.008291019661596236
6.156934902316004	-0.008484795415161832
6.189842481369127	-0.008679386738779058
6.222750060422251	-0.00887479172669503
6.255657639475374	-0.009070840183720116
6.288565218528498	-0.009267879895909405
6.321472797581621	-0.009465738607614111
6.354380376634745	-0.009664410910596621
6.387287955687868	-0.009863890212711867
6.420195534740992	-0.01006418215743934
6.453103113794115	-0.01026528194842875
6.486010692847239	-0.01046716728757885
6.518918271900362	-0.01066982664593685
6.551825850953485	-0.01087324727718388
6.584733430006609	-0.01107787865228715
6.617641009059732	-0.0112827373497521
6.650548588112856	-0.01148827285395867
6.683456167165979	-0.01169447175111424
6.716363746219103	-0.01190132145665557
6.749271325272226	-0.01210881022710428
6.78217890432535	-0.01231692717268324
6.815086483378473	-0.0125256622705371
6.847994062431597	-0.01273500637841676
6.88090164148472	-0.01294495124870364
6.913809220537844	-0.01315519890236814
6.946716799590967	-0.01336634996248122
6.979624378644091	-0.01357810719572849
7.012531957697214	-0.01379046360239354
7.045439536750338	-0.0140034118918165
7.078347115803461	-0.01421694449215343
7.111254694856584	-0.01443105355967528
7.144162273909708	-0.01464573098764484
7.177069852962831	-0.01486096841480629
7.209977432015955	-0.01507675723352035
7.242885011069078	-0.01529284806565193
7.275792590122202	-0.01550974688898125
7.308700169175325	-0.01572718486934904
7.341607748228449	-0.0159451478754758
7.374515327281572	-0.0161636214700824
7.407422906334696	-0.01638259106182272
7.440330485387819	-0.01660204203103873
7.473238064440943	-0.01682195983375274
7.506145643494066	-0.01704233008756783
7.53905322254719	-0.01726313864252686
7.571960801600313	-0.01748451402062549
7.604868380653437	-0.0177061443064344
7.63777595970656	-0.0179281608938923
7.670683538759683	-0.01815055230792023
7.703591117812807	-0.01837330795580195
7.73649869686593	-0.01859641816746773
7.769406275919054	-0.01881987425012726
7.802313854972177	-0.01904366856106023
7.835221434025301	-0.0192677946037832
7.868129013078424	-0.01949224715480643
7.901036592131548	-0.0197160564757587
7.933944171184671	-0.0199412081266886
7.966851750237795	-0.02016677095693016
7.999759329290918	-0.02039274869912603
8.032666908344043	-0.02061914418475572
8.065574487397166	-0.02084595935947807
8.098482066450289	-0.02107319530440522
8.131389645503413	-0.02130085226259662
8.164297224556536	-0.02152892967006461
8.19720480360966	-0.02175742619059784
8.230112382662783	-0.02198646416784658
8.263019961715907	-0.02221577954139824
8.29592754076903	-0.02244549575998802
8.328835119822154	-0.02267561024109601
8.361742698875277	-0.02290612030052017
8.394650277928401	-0.02313702315937686
8.427557856981524	-0.02336831595112762
8.460465436034648	-0.02359999572861521
8.493373015087771	-0.02383205947109408
8.526280594140895	-0.02406450409124056
8.559188173194018	-0.02429736737936925
8.592095752247142	-0.02453056027364571
8.625003331300265	-0.02476412112088888
8.657910910353388	-0.02499804707427678
8.690818489406512	-0.02523233541069772
8.723726068459635	-0.02546698352969694
8.756633647512759	-0.02570198895251456
8.789541226565882	-0.02593734932120898
8.822448805619006	-0.02617306239786099
8.855356384672129	-0.02640912606385383
8.888263963725253	-0.02664546193423815
8.921171542778376	-0.0268822278090836
8.9540791218315	-0.02711934504965885
8.986986700884623	-0.02735681132240798
9.019894279937747	-0.02759462408814455
9.05280185899087	-0.02783278060406429
9.085709438043994	-0.02807127792569669
9.118617017097117	-0.02831011290879636
9.15152459615024	-0.02854928221117683
9.184432175203364	-0.02878878229448821
9.217339754256487	-0.02902834542281713
9.250247333309611	-0.02926851832075927
9.283154912362734	-0.02950903312464222
9.316062491415858	-0.02974988323764643
9.348970070468981	-0.02999106057099632
9.381877649522105	-0.03023255557948925
9.414785228575228	-0.03047435731779871
9.447692807628352	-0.03071645351628796
9.480600386681475	-0.03095883067461056
9.513507965734599	-0.03120147417097873
9.546415544787722	-0.03144304168057472
9.579323123840846	-0.03168624737992432
9.612230702893969	-0.03192979828621868
9.645138281947093	-0.03217367528520873
9.678045861000216	-0.03241785011720772
9.710953440053339	-0.03266228434021457
9.743861019106463	-0.03290692848949619
9.776768598159586	-0.03315172155184531
9.80967617721271	-0.03339659088059099
9.842583756265833	-0.03364145267169134
9.875491335318957	-0.03388597634649781
9.90839891437208	-0.03413026312174795
9.941306493425204	-0.03437434605558041
9.974214072478327	-0.03461820811776724
10.00712165153145	-0.03486183332657961
10.04002923058457	-0.03510520252865555
10.0729368096377	-0.03534828709407353
10.10584438869082	-0.03559103923474231
10.13875196774394	-0.03583337665309848
10.17165954679707	-0.03607515726106396
10.20456712585019	-0.03633771240425155
10.23747470490332	-0.03658904466646784
10.27038228395644	-0.03684354927519221
10.30328986300956	-0.03710482078635466
10.33619744206269	-0.0374248184716548
10.36910502111581	-0.03756808050474475
10.40201260016893	-0.03784730711913922
10.43492017922206	-0.03811574939364326
10.46782775827518	-0.03838479458450035
10.5007353373283	-0.0386564957665663
10.53364291638143	-0.03883963543389034
10.56655049543455	-0.03913158710585165
10.59945807448767	-0.03943303173880377
10.6323656535408	-0.03974494953073644
10.66527323259392	-0.04006838808475702
10.69818081164704	-0.04040445957456044
10.73108839070017	-0.0407543334455109
10.76399596975329	-0.04111922321019281
10.79690354880641	-0.04150036567956972
10.82981112785954	-0.04189899081653544
10.86271870691266	-0.04236593193961818
10.89562628596578	-0.04280123370800223
10.92853386501891	-0.04325204817171671
10.96144144407203	-0.04371868756547541
10.99434902312515	-0.04420145753798367
11.02725660217828	-0.04470065532698246
11.0601641812314	-0.04521656780433533
11.09307176028453	-0.04574946938969307
11.12597933933765	-0.04629961983221011
11.15888691839077	-0.04686726186086323
11.1917944974439	-0.04745547324152753
11.22470207649702	-0.04805852728697121
11.25760965555014	-0.0486794187982231
11.29051723460327	-0.04931831177474848
11.32342481365639	-0.04997535375668132
11.35633239270951	-0.05065067372509334
11.38923997176264	-0.05134437993550056
11.42214755081576	-0.0520565576900003
11.45505512986888	-0.05278726705453284
11.48796270892201	-0.05353654052892748
11.52087028797513	-0.0543074293474358
11.55377786702825	-0.05509356589409925
11.58668544608138	-0.05589790508302874
11.6195930251345	-0.05672036370124154
11.65250060418762	-0.05756083385869969
11.68540818324075	-0.05841918138335482
11.71831576229387	-0.059295244250496
11.75122334134699	-0.06018883105609193
11.78413092040012	-0.06109971954443878
11.81703849945324	-0.06202765520099758
11.84994607850637	-0.06297475254162416
11.88285365755949	-0.06393568680605496
11.91576123661261	-0.06491248818536953
11.94866881566574	-0.065904777281989
11.98157639471886	-0.06691214822497363
12.01448397377198	-0.06793416830137591
12.04739155282511	-0.06897037771781667
12.08029913187823	-0.07002028950057561
12.11320671093135	-0.07108338954225037
12.14611428998448	-0.07215913680270217
12.1790218690376	-0.07324625004201864
12.21192944809072	-0.07434560444845467
12.24483702714385	-0.07545589407309695
12.27774460619697	-0.07657647536582379
12.31065218525009	-0.07770667734781717
12.34355976430322	-0.07884580221992395
12.37646734335634	-0.07999312611399577
12.40937492240946	-0.08114789999002074
12.44228250146259	-0.08230935068111465
12.47519008051571	-0.08347668208763506
12.50809765956883	-0.08464893767620654
12.54100523862196	-0.08582555306575243
12.57391281767508	-0.08700555531616244
12.6068203967282	-0.08818807473109323
12.63972797578133	-0.08937222543936314
12.67263555483445	-0.09055710700399371
12.70554313388758	-0.09174180614473536
12.7384507129407	-0.09292539856939513
12.77135829199382	-0.09410695090850033
12.80426587104695	-0.09528552274706378
12.83717345010007	-0.09646053613195349
12.87008102915319	-0.09763026409354381
12.90298860820632	-0.09879414287904384
12.93589618725944	-0.09995123196905371
12.96880376631256	-0.101100596091142
13.00171134536569	-0.1022413073806676
13.03461892441881	-0.103372447575586
13.06752650347193	-0.1044931102355598
13.10043408252506	-0.105602402975463
13.13334166157818	-0.1066994497032077
13.1662492406313	-0.107782008598634
13.19915681968443	-0.1088521036897499
13.23206439873755	-0.1099075735987315
13.26497197779067	-0.1109476251405666
13.2978795568438	-0.1119714845014891
13.33078713589692	-0.1129783985906187
13.36369471495004	-0.1139676363461196
13.39660229400317	-0.114938489989124
13.42950987305629	-0.1158902762190668
13.46241745210942	-0.1168223373445083
13.49532503116254	-0.1177348289083977
13.52823261021566	-0.1186254910175693
13.56114018926879	-0.1194945577275664
13.59404776832191	-0.1203414933636895
13.62695534737503	-0.1211657948299896
13.65986292642816	-0.1219669920358686
13.69277050548128	-0.1227446482568942
13.7256780845344	-0.1234983604263273
13.75858566358753	-0.1242277593545916
13.79149324264065	-0.1249325098746088
13.82440082169377	-0.125612768630085
13.8573084007469	-0.1262672846207218
13.89021597980002	-0.1268963242778465
13.92312355885314	-0.1274996980357055
13.95603113790627	-0.1280772498309696
13.98893871695939	-0.1286288564667055
14.02184629601251	-0.1291544269627673
14.05475387506564	-0.1296539018862942
14.08766145411876	-0.1301272526577649
14.12056903317188	-0.130574480829515
14.15347661222501	-0.1309955911837928
14.18638419127813	-0.1313904466928624
14.21929177033125	-0.13175949863088
14.25219934938438	-0.132102871706213
14.2851069284375	-0.1324207024074911
14.31801450749063	-0.1327131397918044
14.35092208654375	-0.1329803454774496
14.38382966559687	-0.1332224932202327
14.41673724465	-0.1334397682569939
14.44964482370312	-0.1336323665120155
14.48255240275624	-0.133803586215267
14.51545998180937	-0.1339471826290593
14.54836756086249	-0.1340664838348381
14.58127513991561	-0.1341617448022976
14.61418271896874	-0.1342332396494141
14.64709029802186	-0.1342812608915301
14.67999787707498	-0.1343061186860532
14.71290545612811	-0.1343081400771514
14.74581303518123	-0.1342876682451389
14.77872061423435	-0.1342450617656948
14.81162819328748	-0.1341796643174821
14.8445357723406	-0.1340940033427365
14.87744335139372	-0.1339874593353425
14.91035093044685	-0.1338604397114508
14.94325850949997	-0.1337133593575999
14.97616608855309	-0.1335466398468527
15.00907366760622	-0.1333607086753605
15.04198124665934	-0.1331559985207389
15.07488882571247	-0.1329329465234937
15.10779640476559	-0.132691993592593
15.14070398381871	-0.1324315338118467
15.17361156287184	-0.132156290726234
15.20651914192496	-0.1318646611459579
15.23942672097808	-0.1315570781159329
15.27233430003121	-0.1312339661757839
15.30524187908433	-0.1308957407318113
15.33814945813745	-0.1305428074659192
15.37105703719058	-0.1301755617811745
15.4039646162437	-0.1297943882835882
15.43687219529682	-0.1293996602996546
15.46977977434995	-0.1289957806966195
15.50268735340307	-0.1285746659242527
15.53559493245619	-0.1281406987472927
15.56850251150932	-0.1276942360796706
15.60141009056244	-0.1272356397424175
15.63431766961556	-0.1267652763432309
15.66722524866869	-0.1262835171673453
15.70013282772181	-0.1257907380793847
15.73304040677493	-0.1252873194358575
15.76594798582806	-0.1247736460079416
15.79885556488118	-0.1242493820633695
15.8317631439343	-0.123717009105568
15.86467072298743	-0.123175622088513
15.89757830204055	-0.1226253801047409
15.93048588109368	-0.1220661121059844
15.9633934601468	-0.1214961555713685
15.99630103919992	-0.1208917732098603
16.02920861825305	-0.1203791381244768
16.06211619730617	-0.1197776112872704
16.09502377635929	-0.119180503903171
16.12793135541242	-0.1185776716197007
16.16083893446554	-0.1179719747536842
16.19374651351866	-0.1173597364674235
16.22665409257179	-0.1167411806334822
16.25956167162491	-0.1161165362712769
16.29246925067804	-0.1154860368521517
16.32537682973116	-0.1148499197272985
16.35828440878428	-0.1142084256577776
16.39119198783741	-0.1135617984298724
16.42409956689053	-0.1129102845421328
16.45700714594365	-0.1122561923028729
16.48991472499678	-0.1115954784836004
16.5228223040499	-0.1109304538510915
16.55572988310302	-0.1102613900321361
16.58863746215615	-0.1095885700192286
16.62154504120927	-0.1089122881788975
16.65445262026239	-0.1082328502653059
16.68736019931552	-0.1075505734390204
16.72026777836864	-0.1068657862908237
16.75317535742176	-0.1061788288704301
16.78608293647489	-0.1054731634724332
16.81899051552801	-0.1047844300812619
16.85189809458113	-0.1040960476812244
16.88480567363426	-0.1034082577067062
16.91771325268738	-0.1027212400406398
16.9506208317405	-0.1020351130165457
16.98352841079363	-0.1013499334376398
17.01643598984675	-0.1006656966113131
17.04934356889988	-0.09998233639738563
17.082251147953	-0.09929972526862853
17.11515872700612	-0.09864412809698063
17.14806630605925	-0.09796003753998403
17.18097388511237	-0.09727370415561093
17.21388146416549	-0.09658498313537872
17.24678904321862	-0.09589378320434695
17.27969662227174	-0.09520006676704761
17.31260420132486	-0.09450385004296495
17.34551178037799	-0.09380520319245365
17.37841935943111	-0.09310425043392108
17.41132693848423	-0.09240117015304385
17.44423451753736	-0.09168534389489963
17.47714209659048	-0.09097972498193023
17.5100496756436	-0.09027375916566512
17.54295725469673	-0.08956774911326783
17.57586483374985	-0.08886200516530045
17.60877241280297	-0.08815684539684958
17.6416799918561	-0.08745259567998943
17.67458757090922	-0.08674958974730938
17.70749514996234	-0.08604816925624345
17.74040272901547	-0.08534868385395175
17.77331030806859	-0.08463719090950407
17.80621788712171	-0.08394392866594447
17.83912546617484	-0.08325491027759557
17.87203304522796	-0.08257039472517901
17.90494062428109	-0.08189058752773759
17.93784820333421	-0.08121564080687753
17.97075578238733	-0.08054565335423865
18.00366336144046	-0.07988067070144289
18.03657094049358	-0.07922068519184902
18.0694785195467	-0.07856563605351442
18.10238609859983	-0.07793187408096761
18.13529367765295	-0.0772848377467729
18.16820125670607	-0.07664084352945542
18.2011088357592	-0.07599976112152107
18.23401641481232	-0.07536147849067158
18.26692399386544	-0.07472590193732956
18.29983157291857	-0.07409295614965947
18.33273915197169	-0.07346258425604509
18.36564673102481	-0.07283474787501061
18.39855431007794	-0.07220942716259431
18.43146188913106	-0.07158286619864669
18.46436946818418	-0.07096292578094174
18.49727704723731	-0.07034587109370671
18.53018462629043	-0.06973172445405185
18.56309220534355	-0.06912051071232636
18.59599978439668	-0.06851225728870433
18.6289073634498	-0.06790699420807784
18.66181494250293	-0.06730475413323535
18.69472252155605	-0.06670557239632874
18.72763010060917	-0.06610948702864851
18.7605376796623	-0.065515259472413
18.79344525871542	-0.0649256057392771
18.82635283776854	-0.06433928725554536
18.85926041682167	-0.06375634206556684
18.89216799587479	-0.06317680551838953
18.92507557492791	-0.06260071028982718
18.95798315398104	-0.06202808640328509
18.99089073303416	-0.06145896124938485
19.02379831208728	-0.06089335960443663
19.05670589114041	-0.06033130364780814
19.08961347019353	-0.05977321038214547
19.12252104924665	-0.05921826664879845
19.15542862829978	-0.05866688607683299
19.1883362073529	-0.0581190840454851
19.22124378640602	-0.05757487512264256
19.25415136545915	-0.05703427307624962
19.28705894451227	-0.056497290884963
19.31996652356539	-0.05596394074810412
19.35287410261852	-0.05543423409495073
19.38578168167164	-0.05490818159340945
19.41868926072476	-0.05438585550541573
19.45159683977789	-0.05386713474627929
19.48450441883101	-0.05335209037783142
19.51741199788414	-0.05284073063849524
19.55031957693726	-0.0523330633089581
19.58322715599038	-0.05182909571772197
19.61613473504351	-0.05132883474628114
19.64904231409663	-0.05083228683395104
19.68194989314975	-0.05033945798237073
19.71485747220288	-0.04985035375970073
19.747765051256	-0.04936562444072923
19.78067263030912	-0.04888392701981056
19.81358020936225	-0.04840591375676931
19.84648778841537	-0.04793159409922432
19.87939536746849	-0.04746097986032607
19.91230294652162	-0.04699408522060439
19.94521052557474	-0.04653092672955034
19.97811810462786	-0.0460715233069061
20.01102568368099	-0.04561589624361167
20.04393326273411	-0.04516406920230993
20.07684084178723	-0.04471408693954848
20.10974842084036	-0.04427011667214361
20.14265599989348	-0.04383019938273324
20.1755635789466	-0.04339435114799083
20.20847115799973	-0.04296258188740271
20.24137873705285	-0.0425348953672698
20.27428631610598	-0.0421112892052481
20.3071938951591	-0.04169175487592499
20.34010147421222	-0.04127627771842571
20.37300905326535	-0.0408648369481865
20.40591663231847	-0.04045962527453809
20.43882421137159	-0.04005597573034247
20.47173179042472	-0.03965607603128298
20.50463936947784	-0.03925989973140256
20.53754694853096	-0.03886742375644262
20.57045452758409	-0.03847862840342931
20.60336210663721	-0.03809349734020856
20.63626968569033	-0.0377120176049326
20.66917726474346	-0.0373341796055003
20.70208484379658	-0.03695997711895342
20.7349924228497	-0.0365883475722731
20.76790000190283	-0.03622150527315595
20.80080758095595	-0.03585838973503581
20.83371516000907	-0.03549899904630064
20.8666227390622	-0.03514333009171938
20.89953031811532	-0.03479137855292624
20.93243789716844	-0.03444313890887742
20.96534547622157	-0.03409860443628176
20.99825305527469	-0.03375776721000603
21.03116063432782	-0.03342061810345588
21.06406821338094	-0.03308732184947294
21.09697579243406	-0.0327575012132651
21.12988337148719	-0.03243131929154809
21.16279095054031	-0.03210876366747377
21.19569852959343	-0.03178982147913503
21.22860610864656	-0.03147447941967283
21.26151368769968	-0.03116272373737418
21.2944212667528	-0.03085454023576182
21.32732884580593	-0.03054991427367636
21.36023642485905	-0.03024883076535126
21.39314400391217	-0.02995130261441648
21.4260515829653	-0.02965725435209774
21.45895916201842	-0.02936669824308308
21.49186674107154	-0.02907961769804209
21.52477432012467	-0.02879599580401312
21.55768189917779	-0.02851581532145111
21.59058947823091	-0.0282390586806023
21.62349705728404	-0.02796570797703227
21.65640463633716	-0.02769574496607989
21.68931221539028	-0.02742915105593713
21.72221979444341	-0.02716590910930565
21.75512737349653	-0.0269059943697849
21.78803495254965	-0.02664939100762173
21.82094253160278	-0.02639607956555948
21.8538501106559	-0.02614604030907412
21.88675768970903	-0.02589925320132298
21.91966526876215	-0.02565569786241128
21.95257284781527	-0.02541535350025596
21.9854804268684	-0.02517819878698535
22.01838800592152	-0.0249442116233602
22.05129558497464	-0.02471234043461713
22.08420316402777	-0.02448469904669239
22.11711074308089	-0.02426018063348719
22.15001832213401	-0.02403876355024919
22.18292590118714	-0.02382042517283417
22.21583348024026	-0.02360514209142977
22.24874105929338	-0.02339289020051463
22.28164863834651	-0.0231836447446032
22.31455621739963	-0.02297738034322736
22.34746379645275	-0.02277407100539158
22.38037137550588	-0.02257385661473835
22.413278954559	-0.02237636525606877
22.44618653361212	-0.02218173182943468
22.47909411266525	-0.02198992899112438
22.51200169171837	-0.02180092976843611
22.54490927077149	-0.02161470755311329
22.57781684982462	-0.02143123609542263
22.61072442887774	-0.02125048949880274
22.64363200793087	-0.02107244221501867
22.67653958698399	-0.02089706903976751
22.70944716603711	-0.02072420321093874
22.74235474509024	-0.02055411512093702
22.77526232414336	-0.0203866402875324
22.80816990319648	-0.02022175383109743
22.84107748224961	-0.02005943046786094
22.87398506130273	-0.01989964450973392
22.90689264035585	-0.0197423698642159
22.93980021940898	-0.01958758003435679
22.9727077984621	-0.01943524811875792
23.00561537751522	-0.0192853468116008
23.03852295656835	-0.01913802449852664
23.07143053562147	-0.0189928851965703
23.10433811467459	-0.01885007725135082
23.13724569372772	-0.01870957326131389
23.17015327278084	-0.01857134618030476
23.20306085183396	-0.01843536931747133
23.23596843088709	-0.01830161633716721
23.26887600994021	-0.01817006125885465
23.30178358899333	-0.01804067845700759
23.33469116804646	-0.01791344266101447
23.36759874709958	-0.01778830242725278
23.4005063261527	-0.01766528861231397
23.43341390520583	-0.01754435036558987
23.46632148425895	-0.01742546360590538
23.49922906331208	-0.01730860449213583
23.5321366423652	-0.01719374942314178
23.56504422141832	-0.0170808750377039
23.59795180047145	-0.01696995821445771
23.63085937952457	-0.01686097607182836
23.66376695857769	-0.01675390596796535
23.69667453763082	-0.01664860592046262
23.72958211668394	-0.0165453035743247
23.76248969573706	-0.01644385690204791
23.79539727479019	-0.01634424318665322
23.82830485384331	-0.01624643943496458
23.86121243289643	-0.01615042237768545
23.89412001194956	-0.01605616846947528
23.92702759100268	-0.01596365388902591
23.9599351700558	-0.0158728545391379
23.99284274910893	-0.01578374604679684
24.02575032816205	-0.0156965996495554
24.05865790721517	-0.01561077230527067
24.0915654862683	-0.01552653599738527
24.12447306532142	-0.01544386780734268
24.15738064437454	-0.01536274581692587
24.19028822342767	-0.01528314910798199
24.22319580248079	-0.01520505776214706
24.25610338153392	-0.01512845286057092
24.28901096058704	-0.01505331648364214
24.32191853964016	-0.01497963171071311
24.35482611869329	-0.01490682753776453
24.38773369774641	-0.01483604862870637
24.42064127679953	-0.01476672354270824
24.45354885585266	-0.01469883455539845
24.48645643490578	-0.01463236254664452
24.5193640139589	-0.01456728700093717
24.55227159301203	-0.01450358600777395
24.58517917206515	-0.01444123626204281
24.61808675111827	-0.01438021306440563
24.6509943301714	-0.01432049032168147
24.68390190922452	-0.01426314831142861
24.71680948827764	-0.01420584399261718
24.74971706733077	-0.01414965971315171
24.78262464638389	-0.01409457338121934
24.81553222543701	-0.01404056628943806
24.84843980449014	-0.01398762311392728
24.88134738354326	-0.0139357319133785
24.91425496259638	-0.01388488412812638
24.94716254164951	-0.01383507457922007
24.98007012070263	-0.01378630146749482
25.01297769975575	-0.01373683993130717
25.04588527880888	-0.01369030152948919
25.078792857862	-0.01364496058717841
25.11170043691513	-0.01360081389578964
25.14460801596825	-0.01355785417796757
25.17751559502137	-0.0135160700887039
25.2104231740745	-0.01347544621645411
25.24333075312762	-0.01343596308425388
25.27623833218074	-0.01339759715083517
25.30914591123387	-0.01336032081174189
25.34205349028699	-0.0133259242013141
25.37496106934011	-0.01329056578123675
25.40786864839324	-0.01325603555116129
25.44077622744636	-0.01322230540836745
25.47368380649948	-0.01318935104760443
25.50659138555261	-0.01315715196004884
25.53949896460573	-0.01312569143226303
25.57240654365885	-0.01309495654515388
25.60531412271198	-0.01306493817293172
25.6382217017651	-0.01303563098206971
25.67112928081822	-0.01300572861285465
25.70403685987135	-0.01297795912598258
25.73694443892447	-0.01295101802126964
25.76985201797759	-0.01292490384809342
25.80275959703072	-0.01289961331689459
25.83566717608384	-0.01287514129968114
25.86857475513697	-0.01285148083053265
25.90148233419009	-0.01282862310610425
25.93438991324321	-0.01280655748613055
25.96729749229634	-0.01278527149392925
26.00020507134946	-0.01276538707278257
26.03311265040258	-0.01274555891215533
26.06602022945571	-0.01272640807408338
26.09892780850883	-0.01270792023953395
26.13183538756195	-0.01269008199892875
26.16474296661508	-0.01267288085189457
26.1976505456682	-0.01265630520701417
26.23055812472132	-0.01264034438157706
26.26346570377445	-0.01262498860133043
26.29637328282757	-0.01261022900023025
26.32928086188069	-0.01259583888866707
26.36218844093382	-0.01258226815467038
26.39509601998694	-0.01256929096498584
26.42800359904006	-0.01255690019372196
26.46091117809319	-0.01254508867884362
26.49381875714631	-0.01253384922218204
26.52672633619943	-0.0125231745894446
26.55963391525256	-0.01251305751022494
26.59254149430568	-0.0125034906780127
26.6254490733588	-0.01249446675020357
26.65835665241193	-0.01248590338698343
26.69126423146505	-0.01247794977020497
26.72417181051818	-0.01247052315932392
26.7570793895713	-0.01246361541967432
26.78998696862442	-0.01245721805733435
26.82289454767755	-0.01245132221922478
26.85580212673067	-0.0124459186932073
26.88870970578379	-0.01244099790818283
26.92161728483692	-0.01243654993418984
26.95452486389004	-0.01243256448250259
26.98743244294316	-0.01242927418277413
27.02034002199629	-0.01242615981413902
27.05324760104941	-0.01242345435560977
27.08615518010253	-0.01242114818668951
27.11906275915566	-0.01241923237755061
27.15197033820878	-0.01241769868884559
27.1848779172619	-0.01241653957151814
27.21778549631503	-0.01241574816661417
27.25069307536815	-0.01241531830509291
27.28360065442127	-0.01241524450763808
27.3165082334744	-0.01241531053107726
27.34941581252752	-0.01241595400906743
27.38232339158064	-0.01241695915005149
27.41523097063377	-0.01241832140442929
27.44813854968689	-0.01242003599965361
27.48104612874002	-0.01242209794029113
27.51395370779314	-0.01242450200808341
27.54686128684626	-0.01242724276200784
27.57976886589939	-0.01243031453833847
27.61267644495251	-0.01243371145070704
27.64558402400563	-0.01243772132251041
27.67849160305876	-0.01244172378655758
27.71139918211188	-0.01244600750968279
27.744306761165	-0.01245056825559942
27.77721434021813	-0.01245540283303798
27.81012191927125	-0.01246050909546041
27.84302949832437	-0.01246588594077446
27.8759370773775	-0.01247153331104813
27.90884465643062	-0.01247745219222428
27.94175223548374	-0.01248364461383523
27.97465981453687	-0.01248945343528377
28.00756739358999	-0.01249626198308986
28.04047497264311	-0.0125034123084625
28.07338255169624	-0.01251090490715096
28.10629013074936	-0.01251873847040936
28.13919770980248	-0.01252690988548976
28.17210528885561	-0.01253541423613516
28.20501286790873	-0.01254424480307227
28.23792044696185	-0.0125533930645042
28.27082802601498	-0.01256284869660292
28.3037356050681	-0.01257333345086615
28.33664318412123	-0.0125833003045607
28.36955076317435	-0.01259347062439678
28.40245834222747	-0.01260383322519699
28.4353659212806	-0.0126143782864897
28.46827350033372	-0.01262509735213634
28.50118107938684	-0.01263598332995887
28.53408865843997	-0.01264703049136713
28.56699623749309	-0.01265823447098661
28.59990381654621	-0.01266959226628614
28.63281139559934	-0.01268082192030665
28.66571897465246	-0.01269250874760526
28.69862655370558	-0.01270437228634209
28.73153413275871	-0.01271641255926091
28.76444171181183	-0.01272862974143889
28.79734929086495	-0.01274102416024506
28.83025686991808	-0.01275359629529867
28.8631644489712	-0.01276634677842772
28.89607202802432	-0.01277927639362729
28.92897960707745	-0.01279238607701813
28.96188718613057	-0.01280539549133703
28.99479476518369	-0.01281889378518418
29.02770234423682	-0.01283259969178367
29.06060992328994	-0.01284651232338747
29.09351750234307	-0.01286062973073502
29.12642508139619	-0.01287494890334288
29.15933266044931	-0.01288946576979423
29.19224023950244	-0.01290417519802837
29.22514781855556	-0.01291907099562999
29.25805539760868	-0.01293414591011849
29.29096297666181	-0.01294994807851901
29.32387055571493	-0.01296530568569204
29.35677813476805	-0.01298076718901037
29.38968571382118	-0.0129963259072112
29.4225932928743	-0.01301197649967124
29.45550087192742	-0.01302771496604112
29.48840845098055	-0.01304353864587991
29.52131603003367	-0.01305944621828979
29.55422360908679	-0.01307543770155072
29.58713118813992	-0.01309151445275543
29.62003876719304	-0.01310719207633252
29.65294634624616	-0.01312349215747208
29.68585392529929	-0.01313993084140008
29.71876150435241	-0.01315651062758863
29.75166908340553	-0.0131732332522918
29.78457666245866	-0.01319009968875359
29.81748424151178	-0.01320711014741591
29.85039182056491	-0.01322426407612641
29.88329939961803	-0.01324156016034631
29.91620697867115	-0.01325899632335814
29.94911455772428	-0.01327672275565247
29.9820221367774	-0.01329441617309745
30.01492971583052	-0.01331222591361205
30.04783729488365	-0.0133301481762485
30.08074487393677	-0.01334817905873916
30.11365245298989	-0.01336631455752417
30.14656003204302	-0.01338455056777903
30.17946761109614	-0.01340288288344214
30.21237519014926	-0.01342130719724239
30.24528276920239	-0.01343981910072672
30.27819034825551	-0.01345859048868199
30.31109792730863	-0.01347724823500001
30.34400550636176	-0.01349596480543852
30.37691308541488	-0.01351473691149701
30.409820664468	-0.01353356192423992
30.44272824352113	-0.01355243787411699
30.47563582257425	-0.01357136345078381
30.50854340162737	-0.01359033800292228
30.5414509806805	-0.01360936153806127
30.57435855973362	-0.01362843472239724
30.60726613878674	-0.01364737861734881
30.64017371783987	-0.01366657178260643
30.67308129689299	-0.01368583580592314
30.70598887594612	-0.013705172428623
30.73889645499924	-0.01372458327255382
30.77180403405236	-0.01374406984011973
30.80471161310549	-0.01376363351431361
30.83761919215861	-0.01378327555874963
30.87052677121173	-0.01380299711769566
30.90343435026486	-0.01382279921610576
30.93634192931798	-0.01384260740193693
30.9692495083711	-0.01386257988669433
31.00215708742423	-0.01388264164957438
31.03506466647735	-0.01390279258739462
31.06797224553047	-0.01392303215289806
31.1008798245836	-0.013943359354874
31.13378740363672	-0.01396377275827874
31.16669498268984	-0.01398427048435627
31.19960256174297	-0.01400485021075895
31.23251014079609	-0.01402550917166813
31.26541771984921	-0.01404636196826733
31.29832529890234	-0.01406715883793408
31.33123287795546	-0.01408801401187689
31.36414045700858	-0.01410892396965917
31.39704803606171	-0.01412988525594345
31.42995561511483	-0.0141508944804735
31.46286319416796	-0.01417194831805672
31.49577077322108	-0.01419304350854635
31.5286783522742	-0.01421417685682369
31.56158593132733	-0.01423534523278047
31.59449351038045	-0.01425654557130103
31.62740108943357	-0.01427777487224469
31.6603086684867	-0.01429903020042798
31.69321624753982	-0.01432030868560691
31.72612382659294	-0.01434160752245938
31.75903140564607	-0.01436292397056738
31.79193898469919	-0.01438425535439931
31.82484656375231	-0.01440559906329234
31.85775414280544	-0.01442695255143471
31.89066172185856	-0.01444831333784803
31.92356930091168	-0.01446967900636967
31.95647687996481	-0.01449104720563502
31.98938445901793	-0.01451241564905989
32.02229203807106	-0.01453378211482283
32.05519961712418	-0.01455514444584749
32.0881071961773	-0.01457650054978497
32.12101477523043	-0.01459784839899619
32.15392235428355	-0.01461918603053429
32.18682993333667	-0.01464051154612693
32.2197375123898	-0.0146618231121587
