0
1000	0.5109989461	100000000000000.1
5	0	0	1
5	0	0	0
-0.654933961680612	0.0003573589772717198
-0.6220263826274882	0.001288245443852541
-0.5891188035743644	0.002506908887213004
-0.5562112245212406	0.004000595182187534
-0.5233036454681168	0.005748497973413984
-0.490396066414993	0.007726472794876756
-0.4574884873618692	0.009910056606234834
-0.4245809083087454	0.01227625434836978
-0.3916733292556216	0.01480448972981637
-0.3587657502024978	0.01747701367753221
-0.325858171149374	0.02027897319873086
-0.2929505920962502	0.02319827590179408
-0.2600430130431264	0.02622533848069284
-0.2271354339900026	0.0293527759104874
-0.1942278549368788	0.03257506728704079
-0.161320275883755	0.03588822068077408
-0.1284126968306312	0.03928945062096083
-0.09550511777750736	0.04277687623495924
-0.06259753872438356	0.04634924454170532
-0.02968995967125975	0.05000568122091416
0.003217619381864059	0.05374546987716557
0.03612519843498787	0.05756786008298897
0.06903277748811168	0.06147190411568881
0.1019403565412355	0.06545632216739625
0.1348479355943593	0.06951939582092438
0.1677555146474831	0.07365888968973383
0.2006630937006069	0.07787200128266865
0.2335706727537307	0.08215533935009671
0.2664782518068545	0.08650493118316897
0.2993858308599783	0.09091625956321986
0.3322934099131021	0.09536263263188241
0.3652009889662259	0.09982185480153692
0.3981085680193497	0.1043471645423922
0.4310161470724735	0.1089160078412528
0.4639237261255973	0.1135019909433822
0.4968313051787211	0.1181417277175256
0.529738884231845	0.122853138988856
0.5626464632849688	0.1275660227466962
0.5955540423380926	0.1323226804596152
0.6284616213912164	0.1371286430804558
0.6613692004443402	0.1419453309586442
0.694276779497464	0.1468067336198406
0.7271843585505878	0.1516772622641389
0.7600919376037116	0.156591822574284
0.7929995166568354	0.1615483695424157
0.8259070957099592	0.1664818133207583
0.858814674763083	0.1714864101555361
0.8917222538162068	0.1764972716385875
0.9246298328693306	0.1815341581947647
0.9575374119224545	0.1865994334356687
0.9904449909755783	0.1916764244999067
1.023352570028702	0.1967710584606487
1.056260149081826	0.2018964568017555
1.08916772813495	0.2070286904571746
1.122075307188074	0.2122088257046195
1.154982886241198	0.2173739942659121
1.187890465294322	0.222568052577683
1.220798044347446	0.2277620637346101
1.253705623400569	0.2330133162333413
1.286613202453693	0.2382362883001099
1.319520781506817	0.2434926879723595
1.352428360559941	0.2487856732753597
1.385335939613065	0.2540498054178673
1.418243518666189	0.2593248258329248
1.451151097719313	0.2646558137039279
1.484058676772437	0.2699728453167137
1.516966255825561	0.2753342697673465
1.549873834878685	0.2806544577079496
1.582781413931809	0.2859852696725268
1.615688992984933	0.2913790422099363
1.648596572038056	0.2967500065224092
1.68150415109118	0.3021607025129295
1.714411730144304	0.3075863115353372
1.747319309197428	0.3129646664750517
1.780226888250552	0.3184052637912209
1.813134467303676	0.32380647689484
1.8460420463568	0.3292623525620658
1.878949625409924	0.3346981305498112
1.911857204463048	0.3401712851734481
1.944764783516172	0.345657355338373
1.977672362569296	0.3510901468896062
2.010579941622419	0.3565912937362312
2.043487520675543	0.3620348250925539
2.076395099728667	0.3675476670590415
2.109302678781791	0.3730600429457104
2.142210257834915	0.3785468277268567
2.175117836888039	0.3840730166434453
2.208025415941163	0.3896078773527493
2.240932994994287	0.3950863689457397
2.273840574047411	0.4006208706037945
2.306748153100535	0.4061677768908148
2.339655732153659	0.4117095184910469
2.372563311206783	0.4171969360366713
2.405470890259906	0.4227494185526087
2.43837846931303	0.4283005079784925
2.471286048366154	0.4338143214702912
2.504193627419278	0.439370795946857
2.537101206472402	0.4449207422214446
2.570008785525526	0.4504757459781794
2.60291636457865	0.4559616045085964
2.635823943631774	0.4615050288600021
2.668731522684898	0.4670548821598132
2.701639101738022	0.4726015270915506
2.734546680791146	0.4780664396070979
2.76745425984427	0.4836037381740406
2.800361838897393	0.489134277321187
2.833269417950517	0.494653548040818
2.866176997003641	0.5001737852924186
2.899084576056765	0.5056376158700785
2.931992155109889	0.5111416104971898
2.964899734163013	0.5166293771516484
2.997807313216137	0.5221133059554282
3.030714892269261	0.5275887050530624
3.063622471322385	0.5329738200160865
3.096530050375509	0.5384170459503443
3.129437629428633	0.5438547884760948
3.162345208481756	0.5492799867104453
3.19525278753488	0.5546894489624596
3.228160366588004	0.5600764151650082
3.261067945641128	0.5653720233265096
3.293975524694252	0.5707327720534316
3.326883103747376	0.5761157392219909
3.3597906828005	0.5813168146366283
3.392698261853624	0.5867546523927909
3.425605840906748	0.5919976555223557
3.458513419959872	0.597049159415221
3.491420999012996	0.6024890678734806
3.52432857806612	0.6076237336810476
3.557236157119243	0.6130366708547358
3.590143736172367	0.6180580414916764
3.623051315225491	0.623053399030875
3.655958894278615	0.6282691761859598
3.688866473331739	0.633263803379937
3.721774052384863	0.6384357237352302
3.754681631437987	0.6434335249436232
3.787589210491111	0.64861871837102
3.820496789544235	0.6534349676966961
3.853404368597359	0.6587452578660844
3.886311947650483	0.6632931919407888
3.919219526703607	0.668553826431339
3.95212710575673	0.6729667800321313
3.985034684809854	0.6784781215644736
4.017942263862978	0.6826053377163412
4.050849842916102	0.6876751097700594
4.083757421969225	0.6920961061434031
4.116665001022349	0.6968479616258612
4.149572580075472	0.7014201734217884
4.182480159128596	0.706007106933173
4.215387738181719	0.7104411697312826
4.248295317234843	0.7150026690466028
4.281202896287966	0.7193183293982365
4.314110475341089	0.7238159074302006
4.347018054394213	0.7291380180170371
4.379925633447336	0.7325287597820433
4.41283321250046	0.7369235956806908
4.445740791553583	0.7409469830796814
4.478648370606707	0.7453618925133374
4.51155594965983	0.7489800423512054
4.544463528712954	0.7538017816800243
4.577371107766077	0.7583235465035366
4.610278686819201	0.762750722831788
4.643186265872324	0.7659755242548345
4.676093844925448	0.7720166961351409
4.709001423978571	0.7760067534568814
4.741909003031695	0.7821805700244361
4.774816582084818	0.7860873429671366
4.807724161137942	0.7938220968813585
4.840631740191065	0.7989060261093575
4.873539319244188	0.8075474671773807
4.906446898297312	0.8142812848761017
4.939354477350435	0.8248281478135201
4.972262056403559	0.8354009947280181
5.005169635456682	0.8451309551811792
5.038077214509806	0.8578935596160129
5.070984793562929	0.8689775863180463
5.103892372616053	0.8843689781448447
5.136799951669176	0.8980917537442946
5.1697075307223	0.9153698092854279
5.202615109775423	0.9339623231414046
5.235522688828547	0.9516409088282826
5.26843026788167	0.9765388729293997
5.301337846934794	0.9920699685207552
5.334245425987917	1.017748073020576
5.367153005041041	1.043180406847338
5.400060584094164	1.069036046555106
5.432968163147287	1.098956064966366
5.465875742200411	1.125538251571813
5.498783321253534	1.161196859084892
5.531690900306658	1.196657933479574
5.564598479359781	1.231683385099766
5.597506058412905	1.273554115447755
5.630413637466028	1.315780446184158
5.663321216519152	1.359783908270492
5.696228795572275	1.408674365719433
5.729136374625399	1.459741590691383
5.762043953678522	1.511980150526209
5.794951532731646	1.569841617664731
5.827859111784769	1.630938597152233
5.860766690837893	1.694176072759942
5.893674269891016	1.76307541998374
5.92658184894414	1.835759314021131
5.959489427997263	1.911614171730531
5.992397007050386	1.993516168335515
6.02530458610351	2.079166255810428
6.058212165156633	2.16762611348966
6.091119744209757	2.264858230409603
6.12402732326288	2.366636430004966
6.156934902316004	2.470260996621637
6.189842481369127	2.585864306791828
6.222750060422251	2.705737915229885
6.255657639475374	2.832277098996618
6.288565218528498	2.964599736697927
6.321472797581621	3.104620463948167
6.354380376634745	3.252720898292451
6.387287955687868	3.405562662207639
6.420195534740992	3.571409558002671
6.453103113794115	3.744202788012223
6.486010692847239	3.927457566202204
6.518918271900362	4.117234251001637
6.551825850953485	4.319709887055455
6.584733430006609	4.533453780971287
6.617641009059732	4.756699291513319
6.650548588112856	4.990895830487324
6.683456167165979	5.238285535980324
6.716363746219103	5.498927481369481
6.749271325272226	5.76815730856453
6.78217890432535	6.057448753193111
6.815086483378473	6.359876849006235
6.847994062431597	6.677853916453988
6.88090164148472	7.006732720534961
6.913809220537844	7.358568791415729
6.946716799590967	7.720308775250566
6.979624378644091	8.112163216648545
7.012531957697214	8.516293449558006
7.045439536750338	8.939508559908074
7.078347115803461	9.385519346837565
7.111254694856584	9.852627894957312
7.144162273909708	10.34163294092259
7.177069852962831	10.85273361521491
7.209977432015955	11.39264502888001
7.242885011069078	11.95710737070034
7.275792590122202	12.54794407615354
7.308700169175325	13.16370308455008
7.341607748228449	13.81430186735667
7.374515327281572	14.49552455531283
7.407422906334696	15.20732468986749
7.440330485387819	15.9530255523395
7.473238064440943	16.73212038199086
7.506145643494066	17.55065857507122
7.53905322254719	18.40584651384016
7.571960801600313	19.30159903474652
7.604868380653437	20.2386718899467
7.63777595970656	21.21692015812349
7.670683538759683	22.24443833719363
7.703591117812807	23.31753477787271
7.73649869686593	24.44352150811888
7.769406275919054	25.61384370856977
7.802313854972177	26.83990403685156
7.835221434025301	28.12395185409966
7.868129013078424	29.46625183613558
7.901036592131548	30.86929885515146
7.933944171184671	32.33578058991299
7.966851750237795	33.86637545337207
7.999759329290918	35.46870143243349
8.032666908344043	37.14231740375347
8.065574487397166	38.89082682108472
8.098482066450289	40.71743085451468
8.131389645503413	42.62212131234035
8.164297224556536	44.61658173871295
8.19720480360966	46.70171865292969
8.230112382662783	48.87163704026172
8.263019961715907	51.14119423199021
8.29592754076903	53.51058794346984
8.328835119822154	55.98166060385439
8.361742698875277	58.56504977851264
8.394650277928401	61.26067931319646
8.427557856981524	64.07405526849921
8.460465436034648	67.00932992775577
8.493373015087771	70.07349435654328
8.526280594140895	73.26833388342283
8.559188173194018	76.60424430549311
8.592095752247142	80.08399087374622
8.625003331300265	83.71383491492314
8.657910910353388	87.49978313217761
8.690818489406512	91.44997513259494
8.723726068459635	95.56514680748528
8.756633647512759	99.86169285382148
8.789541226565882	104.3414379858245
8.822448805619006	109.0120498116072
8.855356384672129	113.8813592103273
8.888263963725253	118.9592443601008
8.921171542778376	124.24722711867
8.9540791218315	129.7667449361781
8.986986700884623	135.5189012773687
9.019894279937747	141.5119518586759
9.05280185899087	147.7588760453266
9.085709438043994	154.2698165422742
9.118617017097117	161.05394151855
9.15152459615024	168.1207506661274
9.184432175203364	175.4872878635422
9.217339754256487	183.1616384499972
9.250247333309611	191.1562422251665
9.283154912362734	199.48552202821
9.316062491415858	208.1615195849095
9.348970070468981	217.1988199026744
9.381877649522105	226.6078079733521
9.414785228575228	236.4127295888068
9.447692807628352	246.6226566978214
9.480600386681475	257.2553608688748
9.513507965734599	268.3284677901907
9.546415544787722	279.8573745412015
9.579323123840846	291.8617767270986
9.612230702893969	304.3535661384517
9.645138281947093	317.3691118492058
9.678045861000216	330.9159859131004
9.710953440053339	345.0183069190853
9.743861019106463	359.6977411108101
9.776768598159586	374.9783902291351
9.80967617721271	390.8826430784479
9.842583756265833	407.4360815123455
9.875491335318957	424.6603604142419
9.90839891437208	442.5906362615332
9.941306493425204	461.2518940580581
9.974214072478327	480.6645958619276
10.00712165153145	500.8686925374597
10.04002923058457	521.8907475578213
10.0729368096377	543.763445790634
10.10584438869082	566.5205014987664
10.13875196774394	590.1909897765404
10.17165954679707	614.8243836882042
10.20456712585019	640.4488578925749
10.23747470490332	667.1041971393531
10.27038228395644	694.8323908293092
10.30328986300956	723.6475317405051
10.33619744206269	753.6702112110011
10.36910502111581	784.8702304911029
10.40201260016893	817.320079877195
10.43492017922206	851.0640573336364
10.46782775827518	886.161883209518
10.5007353373283	922.660518304363
10.53364291638143	960.6151871124748
10.56655049543455	1000.081709246541
10.59945807448767	1041.119134378069
10.6323656535408	1083.788562494121
10.66527323259392	1128.154100174696
10.69818081164704	1174.280331537864
10.73108839070017	1222.2346328309
10.76399596975329	1272.092666846945
10.79690354880641	1323.924459484468
10.82981112785954	1377.807795135941
10.86271870691266	1433.819362684153
10.89562628596578	1492.042355333699
10.92853386501891	1552.563650693478
10.96144144407203	1615.471281320599
10.99434902312515	1680.857123826887
11.02725660217828	1748.811394286605
11.0601641812314	1819.446047284896
11.09307176028453	1892.855926130407
11.12597933933765	1969.147438578467
11.15888691839077	2048.432534521355
11.1917944974439	2130.825593778693
11.22470207649702	2216.446498609709
11.25760965555014	2305.41804281111
11.29051723460327	2397.871934873997
11.32342481365639	2493.940269381098
11.35633239270951	2593.755927775243
11.38923997176264	2697.476237507323
11.42214755081576	2805.240437043086
11.45505512986888	2917.205988137291
11.48796270892201	3033.532666754752
11.52087028797513	3154.388479394912
11.55377786702825	3279.942304538912
11.58668544608138	3410.398813411192
11.6195930251345	3545.903034471553
11.65250060418762	3686.666904738465
11.68540818324075	3832.891873125149
11.71831576229387	3984.781451811764
11.75122334134699	4142.573285472812
11.78413092040012	4306.460645417355
11.81703849945324	4476.689156064855
11.84994607850637	4653.501069368609
11.88285365755949	4837.145252820181
11.91576123661261	5027.914396473341
11.94866881566574	5226.014766445538
11.98157639471886	5431.757032187166
12.01448397377198	5645.430334995393
12.04739155282511	5867.331780975982
12.08029913187823	6097.798888500938
12.11320671093135	6337.109641755423
12.14611428998448	6585.605034909022
12.1790218690376	6843.599707187003
12.21192944809072	7111.071026153437
12.24483702714385	7390.130944162754
12.27774460619697	7679.126613184721
12.31065218525009	7979.20171616381
12.34355976430322	8290.748419590291
12.37646734335634	8613.882285710803
12.40937492240946	8950.437327359228
12.44228250146259	9299.270118369503
12.47519008051571	9661.438647279274
12.50809765956883	10037.41876425336
12.54100523862196	10427.3082679854
12.57391281767508	10833.55658562541
12.6068203967282	11254.46797157576
12.63972797578133	11691.44874846371
12.67263555483445	12145.07528505137
12.70554313388758	12615.74194796567
12.7384507129407	13106.31886181834
12.77135829199382	13613.04272573118
12.80426587104695	14140.08527271673
12.83717345010007	14687.20067097592
12.87008102915319	15255.0721382191
12.90298860820632	15848.81990399068
12.93589618725944	16457.1170793954
12.96880376631256	17092.51715291372
13.00171134536569	17752.07514852953
13.03461892441881	18436.65501593542
13.06752650347193	19146.68880276359
13.10043408252506	19885.39092465667
13.13334166157818	20651.20177113797
13.1662492406313	21446.05923860758
13.19915681968443	22271.06868752243
13.23206439873755	23127.26485600582
13.26497197779067	23972.17673758937
13.2978795568438	24939.1252525375
13.33078713589692	25896.75560971984
13.36369471495004	26890.65971919803
13.39660229400317	27922.20661247848
13.42950987305629	28992.69450567717
13.46241745210942	30105.40938727191
13.49532503116254	31257.59292955143
13.52823261021566	32454.58552417846
13.56114018926879	33696.83454064993
13.59404776832191	34985.98860139052
13.62695534737503	36323.67779148478
13.65986292642816	37714.32975232055
13.69277050548128	39154.05889475965
13.7256780845344	40649.6689627036
13.75858566358753	42201.75504380212
13.79149324264065	43812.39048966215
13.82440082169377	45483.63847893589
13.8573084007469	47220.82657779016
13.89021597980002	49018.93145544719
13.92312355885314	50887.08073516117
13.95603113790627	52825.46684472104
13.98893871695939	54836.88746562803
14.02184629601251	56924.00935774964
14.05475387506564	59082.80856495463
14.08766145411876	61337.63802985645
14.12056903317188	63669.59468043195
14.15347661222501	66089.27038307831
14.18638419127813	68599.89768568175
14.21929177033125	71204.7644958016
14.25219934938438	73892.67393133789
14.2851069284375	76699.40098842814
14.31801450749063	79609.06434478138
14.35092208654375	82629.57361971901
14.38382966559687	85764.13401710344
14.41673724465	89008.08363019477
14.44964482370312	92383.98925161597
14.48255240275624	95884.28268041267
14.51545998180937	99526.07764928017
14.54836756086249	103301.845231652
14.58127513991561	107214.7986853851
14.61418271896874	111269.6724446788
14.64709029802186	115495.911833691
14.67999787707498	119885.8580017078
14.71290545612811	124451.362809495
14.74581303518123	129186.1751995213
14.77872061423435	134107.6136633297
14.81162819328748	139213.8561195992
14.8445357723406	144540.1469210636
14.87744335139372	150082.4904216383
14.91035093044685	155919.6324019521
14.94325850949997	161944.3018305524
14.97616608855309	168182.773150234
15.00907366760622	174686.9402491983
15.04198124665934	181469.936140458
15.07488882571247	188535.6806573138
15.10779640476559	195941.1525973853
15.14070398381871	203617.2232348856
15.17361156287184	211607.4872521349
15.20651914192496	219948.2989956762
15.23942672097808	228630.4016439272
15.27233430003121	237698.6362536694
15.30524187908433	247229.2336557224
15.33814945813745	257107.8473865594
15.37105703719058	267409.6986369773
15.4039646162437	278164.0585692317
15.43687219529682	289376.9941562391
15.46977977434995	301094.3133274311
15.50268735340307	313398.888299146
15.53559493245619	326184.9934881511
15.56850251150932	339538.8810837138
15.60141009056244	353473.529842033
15.63431766961556	368037.6590059376
15.66722524866869	383236.4290820628
15.70013282772181	399126.8464149003
15.73304040677493	415774.4942270928
15.76594798582806	433124.6738798617
15.79885556488118	451242.3735709859
15.8317631439343	470179.7018940507
15.86467072298743	489971.0614043011
15.89757830204055	510637.1337450713
15.93048588109368	532315.8976511926
15.9633934601468	554909.0158389757
15.99630103919992	578518.5857489145
16.02920861825305	603180.3686530776
16.06211619730617	628956.4211472537
16.09502377635929	655890.2836067542
16.12793135541242	684014.7997050469
16.16083893446554	713491.2592174019
16.19374651351866	744222.7227761077
16.22665409257179	776325.8875609549
16.25956167162491	809849.4770200285
16.29246925067804	844877.1062883664
16.32537682973116	881461.8577090864
16.35828440878428	919655.1505392019
16.39119198783741	959596.3331088049
16.42409956689053	1001259.468778922
16.45700714594365	1044754.342078795
16.48991472499678	1090096.541172039
16.5228223040499	1137545.887869042
16.55572988310302	1187009.498905508
16.58863746215615	1238607.739217387
16.62154504120927	1292537.95016844
16.65445262026239	1348736.885416422
16.68736019931552	1407352.722325783
16.72026777836864	1468485.063483318
16.75317535742176	1532232.079564121
16.78608293647489	1598699.990050687
16.81899051552801	1667985.364257497
16.85189809458113	1740260.939728627
16.88480567363426	1815541.043468477
16.91771325268738	1893971.224338206
16.9506208317405	1975676.850661033
16.98352841079363	2060780.220010757
17.01643598984675	2149406.218040428
17.04934356889988	2241687.828283433
17.082251147953	2337761.695359198
17.11515872700612	2437798.626876959
17.14806630605925	2541870.548344737
17.18097388511237	2650156.702344115
17.21388146416549	2762803.182921744
17.24678904321862	2879974.646113359
17.27969662227174	3001827.0145965
17.31260420132486	3128525.538288719
17.34551178037799	3260247.397543514
17.37841935943111	3397213.457203464
17.41132693848423	3539499.388945848
17.44423451753736	3687332.870281273
17.47714209659048	3840914.977542393
17.5100496756436	4000426.545005267
17.54295725469673	4166077.930490981
17.57586483374985	4338085.004077021
17.60877241280297	4516653.212370707
17.6416799918561	4702061.522134296
17.67458757090922	4894414.692677945
17.70749514996234	5094016.148093066
17.74040272901547	5301078.831908803
17.77331030806859	5515851.202035396
17.80621788712171	5738606.511965338
17.83912546617484	5969590.369697873
17.87203304522796	6209088.651415317
17.90494062428109	6457387.596693817
17.93784820333421	6714682.424270043
17.97075578238733	6981334.227164327
18.00366336144046	7257620.331669126
18.03657094049358	7543926.596372218
18.0694785195467	7840337.420455311
18.10238609859983	8147415.94716748
18.13529367765295	8465426.854663752
18.16820125670607	8794761.744429056
18.2011088357592	9135645.416469948
18.23401641481232	9488481.967140645
18.26692399386544	9853686.699385181
18.29983157291857	10231638.34570569
18.33273915197169	10622716.60314061
18.36564673102481	11027343.84377854
18.39855431007794	11445919.67743208
18.43146188913106	11878877.32878564
18.46436946818418	12326738.70386083
18.49727704723731	12789813.2763324
18.53018462629043	13268626.58120841
18.56309220534355	13763719.0033709
18.59599978439668	14275518.30296742
18.6289073634498	14804526.98618829
18.66181494250293	15351273.52829624
18.69472252155605	15916315.10151628
18.72763010060917	16500198.01027446
18.7605376796623	17103545.90179646
18.79344525871542	17726872.99790028
18.82635283776854	18370774.46760286
18.85926041682167	19035886.08005183
18.89216799587479	19722898.37386846
18.92507557492791	20432358.61850576
18.95798315398104	21164976.34032995
18.99089073303416	21921477.74118316
19.02379831208728	22702584.63573353
19.05670589114041	23508976.5312334
19.08961347019353	24341527.45634548
19.12252104924665	25200878.91229312
19.15542862829978	26087797.10947461
19.1883362073529	27003188.8074654
19.22124378640602	27947708.88809687
19.25415136545915	28922583.88205396
19.28705894451227	29928570.67494873
19.31996652356539	30966535.27513786
19.35287410261852	32037453.96053596
19.38578168167164	33142458.09965909
19.41868926072476	34282244.83548717
19.45159683977789	35457884.94082688
19.48450441883101	36670640.58973055
19.51741199788414	37921518.67974803
19.55031957693726	39211757.03535879
19.58322715599038	40542300.59853937
19.61613473504351	41914423.07153418
19.64904231409663	43329423.66763821
19.68194989314975	44788440.84916541
19.71485747220288	46292693.1333468
19.747765051256	47843752.20289658
19.78067263030912	49442894.25705684
19.81358020936225	51091606.73926654
19.84648778841537	52791136.36244912
19.87939536746849	54543470.47752739
19.91230294652162	56349383.51907318
19.94521052557474	58210740.44982756
19.97811810462786	60129010.377735
20.01102568368099	62106209.68619619
20.04393326273411	64144056.48600313
20.07684084178723	66243987.88539055
20.10974842084036	68408006.22072574
20.14265599989348	70638136.93007462
20.1755635789466	72935889.00977239
20.20847115799973	75302573.96841963
20.24137873705285	77741820.68606004
20.27428631610598	80255166.2095591
20.3071938951591	82844656.21929976
20.34010147421222	85512607.94291297
20.37300905326535	88261150.56274012
20.40591663231847	91093152.7159213
20.43882421137159	94010106.40400395
20.47173179042472	97014361.65182035
20.50463936947784	100109565.464757
20.53754694853096	103298492.0362892
20.57045452758409	106582450.6120881
20.60336210663721	109964936.1789456
20.63626968569033	113448675.9355023
20.66917726474346	117037069.3074365
20.70208484379658	120732257.1427837
20.7349924228497	124536926.9942516
20.76790000190283	128456016.6476919
20.80080758095595	132492220.4595607
20.83371516000907	136648271.0807316
20.8666227390622	140928098.3567903
20.89953031811532	145335050.9422129
20.93243789716844	149873158.1078642
20.96534547622157	154545699.1073137
20.99825305527469	159355911.3563695
21.03116063432782	164309529.3234494
21.06406821338094	169410662.8832238
21.09697579243406	174661722.316656
21.12988337148719	180068229.6752766
21.16279095054031	185634383.4840738
21.19569852959343	191363980.5756604
21.22860610864656	197263701.7877015
21.26151368769968	203336918.5168133
21.2944212667528	209588415.2234122
21.32732884580593	216024482.0591033
21.36023642485905	222650645.5050265
21.39314400391217	229470388.205649
21.4260515829653	236490585.3819146
21.45895916201842	243716283.196309
21.49186674107154	251154150.2510471
21.52477432012467	258812982.108646
21.55768189917779	266692594.7811102
21.59058947823091	274801493.1684415
21.62349705728404	283147852.0493771
21.65640463633716	291738161.5377061
21.68931221539028	300578195.3928623
21.72221979444341	309675331.5840755
21.75512737349653	319036526.6449015
21.78803495254965	328670737.9628182
21.82094253160278	338586636.2166827
21.8538501106559	348784304.2950903
21.88675768970903	359281009.6780372
21.91966526876215	370083265.8059806
21.95257284781527	381199575.5548694
21.9854804268684	392637120.182319
22.01838800592152	404405631.2850098
22.05129558497464	416514021.1377661
22.08420316402777	428976078.4453505
22.11711074308089	441795308.78975
22.15001832213401	454982361.5872536
22.18292590118714	468552797.4085984
22.21583348024026	482513340.8084999
22.24874105929338	496876499.8656711
22.28164863834651	511651628.423139
22.31455621739963	526851173.8752697
22.34746379645275	542486285.5691785
22.38037137550588	558573093.1614431
22.413278954559	575118063.6521239
22.44618653361212	592132871.9621376
22.47909411266525	609639335.8656393
22.51200169171837	627636202.4214119
22.54490927077149	646157390.233181
22.57781684982462	665207573.2699503
22.61072442887774	684802083.7445695
22.64363200793087	704955239.8810195
22.67653958698399	725685733.2383623
22.70944716603711	747005590.9971116
22.74235474509024	768928603.8481646
22.77526232414336	791481804.1739601
22.80816990319648	814669047.1750214
22.84107748224961	838539548.1155388
22.87398506130273	863068430.8172646
22.90689264035585	888289985.1758602
22.93980021940898	914223936.2445984
22.9727077984621	940888714.8694675
23.00561537751522	968308646.9985029
23.03852295656835	996494668.4091903
23.07143053562147	1025477965.143685
23.10433811467459	1055265417.975941
23.13724569372772	1085911006.459011
23.17015327278084	1117370128.100236
23.20306085183396	1149745660.961133
23.23596843088709	1183029544.049133
23.26887600994021	1217247172.322719
23.30178358899333	1252428055.722685
23.33469116804646	1288592256.437647
23.36759874709958	1325765230.532604
23.4005063261527	1363984015.963742
23.43341390520583	1403262444.164799
23.46632148425895	1443668813.291696
23.49922906331208	1485159414.686152
23.5321366423652	1527852833.722591
23.56504422141832	1571710540.768939
23.59795180047145	1616786655.437675
23.63085937952457	1663117055.473767
23.66376695857769	1710726482.310895
23.69667453763082	1759660900.522221
23.72958211668394	1809942434.689838
23.76248969573706	1861640338.947314
23.79539727479019	1914710399.086352
23.82830485384331	1969293033.111643
23.86121243289643	2025386752.775953
23.89412001194956	2082999296.890086
23.92702759100268	2142191644.834519
23.9599351700558	2203005315.82164
23.99284274910893	2265484751.949356
24.02575032816205	2329674044.494225
24.05865790721517	2395606242.616275
24.0915654862683	2463360566.593348
24.12447306532142	2532938070.690888
24.15738064437454	2604438366.530055
24.19028822342767	2677799557.694662
24.22319580248079	2753232660.443109
24.25610338153392	2830724105.243376
24.28901096058704	2910325631.261216
24.32191853964016	2992098192.51829
24.35482611869329	3076089455.725132
24.38773369774641	3162359160.368971
24.42064127679953	3250982011.052777
24.45354885585266	3342034271.284203
24.48645643490578	3435510595.297705
24.5193640139589	3531533713.994511
24.55227159301203	3630163044.636083
24.58517917206515	3731460010.574325
24.61808675111827	3835495438.399089
24.6509943301714	3942337421.300277
24.68390190922452	4052057378.024867
24.71680948827764	4164729243.927461
24.74971706733077	4280420603.43891
24.78262464638389	4399268237.777398
24.81553222543701	4521182201.260798
24.84843980449014	4646667123.440175
24.88134738354326	4775248100.898804
24.91425496259638	4907234319.361835
24.94716254164951	5042708218.390553
24.98007012070263	5181754338.78125
25.01297769975575	5324461396.70061
25.04588527880888	5470918111.303392
25.078792857862	5621222744.55969
25.11170043691513	5775447123.348001
25.14460801596825	5933653968.629458
25.17751559502137	6095981159.236576
25.2104231740745	6262635965.54944
25.24333075312762	6433650413.954482
25.27623833218074	6609135114.599089
25.30914591123387	6789203660.261706
25.34205349028699	6973972613.640349
25.37496106934011	7163562857.390094
25.40786864839324	7358098098.564095
25.44077622744636	7557688177.824745
25.47368380649948	7762487157.368395
25.50659138555261	7972453239.679005
25.53949896460573	8188066883.995844
25.57240654365885	8409310892.673409
25.60531412271198	8636331093.662413
25.6382217017651	8869276576.808458
25.67112928081822	9108299636.066126
25.70403685987135	9353555900.035984
25.73694443892447	9605203989.195459
25.76985201797759	9863405786.94751
25.80275959703072	10128321466.07757
25.83566717608384	10400456234.80146
25.86857475513697	10679303571.69179
25.90148233419009	10965351955.91996
25.93438991324321	11258778191.23948
25.96729749229634	11559763592.3905
26.00020507134946	11868494148.56586
26.03311265040258	12185160696.31789
26.06602022945571	12509959102.63754
26.09892780850883	12843090458.91919
26.13183538756195	13184761286.52607
26.16474296661508	13534906775.09209
26.1976505456682	13894319185.45735
26.23055812472132	14262937920.16168
26.26346570377445	14641004316.52235
26.29637328282757	15028754972.26691
26.32928086188069	15426431999.52338
26.36218844093382	15834282752.19996
26.39509601998694	16252560645.83913
26.42800359904006	16681524844.65833
26.46091117809319	17121440447.68029
26.49381875714631	17572910878.83241
26.52672633619943	18035369956.91261
26.55963391525256	18509789442.1167
26.59254149430568	18996253238.05206
26.6254490733588	19495090759.00621
26.65835665241193	20006583987.05536
26.69126423146505	20531046666.31067
26.72417181051818	21068796334.80866
26.7570793895713	21620157622.65311
26.78998696862442	22185463147.58858
26.82289454767755	22765032107.38671
26.85580212673067	23359446587.31922
26.88870970578379	23968663307.10294
26.92161728483692	24593161658.35798
26.95452486389004	25233411050.73071
26.98743244294316	25889801195.51204
27.02034002199629	26562662177.47391
27.05324760104941	27252420096.74282
27.08615518010253	27959486089.80036
27.11906275915566	28684283524.08024
27.15197033820878	29427366533.50441
27.1848779172619	30188858265.48611
27.21778549631503	30969651782.74084
27.25069307536815	31769284456.61362
27.28360065442127	32589623499.53777
27.3165082334744	33430272691.22168
27.34941581252752	34292010138.86957
27.38232339158064	35175333006.06616
27.41523097063377	36080727511.54368
27.44813854968689	37008771842.68616
27.48104612874002	37959630692.45139
27.51395370779314	38934805130.29287
27.54686128684626	39934174369.6191
27.57976886589939	40959115778.52728
27.61267644495251	42008975868.53071
27.64558402400563	43085494939.42185
27.67849160305876	44188844521.05402
27.71139918211188	45319775680.1489
27.744306761165	46479044032.52009
27.77721434021813	47667249829.51532
27.81012191927125	48885780826.07601
27.84302949832437	50133886878.39083
27.8759370773775	51413577655.43859
27.90884465643062	52724974560.93615
27.94175223548374	54068953961.94678
27.97465981453687	55447257754.62808
28.00756739358999	56858905063.70222
28.04047497264311	58306454262.79721
28.07338255169624	59789843397.02985
28.10629013074936	61310149348.50888
28.13919770980248	62867998665.1126
28.17210528885561	64465585792.43066
28.20501286790873	66102247070.68326
28.23792044696185	67780422152.46005
28.27082802601498	69500429804.15198
28.3037356050681	71263340905.56447
28.33664318412123	73070278671.32642
28.36955076317435	74923063466.68346
28.40245834222747	76821599182.80533
28.4353659212806	78767784555.44324
28.46827350033372	80763650279.54536
28.50118107938684	82808727134.12587
28.53408865843997	84905978266.10446
28.56699623749309	87055031698.9256
28.59990381654621	89258615038.97263
28.63281139559934	91517536877.10486
28.66571897465246	93833329931.99451
28.69862655370558	96207383508.1718
28.73153413275871	98641264018.83046
28.76444171181183	101137324770.601
28.79734929086495	103695509925.9502
28.83025686991808	106318232768.6596
28.8631644489712	109008314727.2616
28.89607202802432	111765498850.6927
28.92897960707745	114593726337.0637
28.96188718613057	117492818871.2843
28.99479476518369	120466066964.0855
29.02770234423682	123514837741.8389
29.06060992328994	126641231614.0035
29.09351750234307	129847214813.6564
29.12642508139619	133134927629.9395
29.15933266044931	136507343845.5427
29.19224023950244	139965458620.7488
29.22514781855556	143512609212.7502
29.25805539760868	147149772694.6518
29.29096297666181	150881198521.3285
29.32387055571493	154709350199.9199
29.35677813476805	158635061839.3383
29.38968571382118	162662684006.5864
29.4225932928743	166794223383.5032
29.45550087192742	171032893227.2063
29.48840845098055	175381973230.9839
29.52131603003367	179843310828.0156
29.55422360908679	184420251588.3504
29.58713118813992	189117356382.4613
29.62003876719304	193937106031.7085
29.65294634624616	198881726034.3105
29.68585392529929	203956198795.6924
29.71876150435241	209164689316.4431
29.75166908340553	214509177459.0653
29.78457666245866	219994632253.7111
29.81748424151178	225624187764.8795
29.85039182056491	231403584725.867
29.88329939961803	237335696295.7376
29.91620697867115	243424956089.1472
29.94911455772428	249676173507.6728
29.9820221367774	256094171358.542
30.01492971583052	262684581652.7615
30.04783729488365	269449857595.6999
30.08074487393677	276396779752.7552
30.11365245298989	283531314676.9305
30.14656003204302	290857387412.809
30.17946761109614	298380260520.1692
30.21237519014926	306107656826.7757
30.24528276920239	314044658849.007
30.27819034825551	322196441400.8598
30.31109792730863	330569695384.3621
30.34400550636176	339171059037.2618
30.37691308541488	348007677073.974
30.409820664468	357086435817.1107
30.44272824352113	366413975303.3831
30.47563582257425	375998916777.1154
30.50854340162737	385846788216.8643
30.5414509806805	395966754998.9761
30.57435855973362	406365519100.292
30.60726613878674	417052473443.0167
30.64017371783987	428037777610.0593
30.67308129689299	439328619284.504
30.70598887594612	450933887821.1182
30.73889645499924	462863799132.1776
30.77180403405236	475127704359.4161
30.80471161310549	487735515122.6187
30.83761919215861	500699476825.9487
30.87052677121173	514029212250.5262
30.90343435026486	527735220735.4225
30.93634192931798	541830684475.211
30.9692495083711	556326445969.4901
31.00215708742423	571233120034.6047
31.03506466647735	586565697615.697
31.06797224553047	602337610900.3494
31.1008798245836	618560965757.7574
31.13378740363672	635249716347.7876
31.16669498268984	652420127463.8727
31.19960256174297	670085071023.1991
31.23251014079609	688261743574.9868
31.26541771984921	706966468333.631
31.29832529890234	726213498317.703
31.33123287795546	746020382700.3101
31.36414045700858	766405696907.496
31.39704803606171	787387929548.2268
31.42995561511483	808984176061.8896
31.46286319416796	831216690086.0941
31.49577077322108	854100508169.5096
31.5286783522742	877659103115.4719
31.56158593132733	901914002607.8538
31.59449351038045	926886033795.4894
31.62740108943357	952599708603.6179
31.6603086684867	979079143008.1357
31.69321624753982	1006346544083.158
31.72612382659294	1034427142623.718
31.75903140564607	1063347663475.168
31.79193898469919	1093133918421.084
31.82484656375231	1123814010123.425
31.85775414280544	1155419224071.671
31.89066172185856	1187977030344.574
31.92356930091168	1221516447082.424
31.95647687996481	1256069276282.323
31.98938445901793	1291670085227.908
32.02229203807106	1328351626308.216
32.05519961712418	1366149428414.786
32.0881071961773	1405099792112.954
32.12101477523043	1445239139414.61
32.15392235428355	1486606606783.878
32.18682993333667	1529241727248.578
32.2197375123898	1573184699004.852
0
1000	0.5109989461	100000000000000.1
5	0	0	1
5	0	0	0
-0.654933961680612	-0.04598144752802457
-0.6220263826274882	-0.06090172842571798
-0.5891188035743644	-0.07444338270191661
-0.5562112245212406	-0.08610485257195823
-0.5233036454681168	-0.09574843841521272
-0.490396066414993	-0.1034522749468947
-0.4574884873618692	-0.1094072124047787
-0.4245809083087454	-0.1138511001483307
-0.3916733292556216	-0.1170295641132928
-0.3587657502024978	-0.1191741941195485
-0.325858171149374	-0.1204916642603447
-0.2929505920962502	-0.1211594745065286
-0.2600430130431264	-0.1213255478139051
-0.2271354339900026	-0.1211099516616738
-0.1942278549368788	-0.1206076825546239
-0.161320275883755	-0.1198918770388583
-0.1284126968306312	-0.1190170789855082
-0.09550511777750736	-0.1180223577219763
-0.06259753872438356	-0.1169341723422789
-0.02968995967125975	-0.11576893806132
0.003217619381864059	-0.1145352859185514
0.03612519843498787	-0.1132360270322019
0.06903277748811168	-0.111869842965297
0.1019403565412355	-0.1104327283612932
0.1348479355943593	-0.1089192132000315
0.1677555146474831	-0.1073233912822541
0.2006630937006069	-0.1056397797790039
0.2335706727537307	-0.1038640324323661
0.2664782518068545	-0.1019935265948315
0.2993858308599783	-0.10002784193532
0.3322934099131021	-0.09685836255929603
0.3652009889662259	-0.09474263996161633
0.3981085680193497	-0.09262302737825329
0.4310161470724735	-0.09050410577028339
0.4639237261255973	-0.08838980465902117
0.4968313051787211	-0.08628352539279245
0.529738884231845	-0.08418825048936325
0.5626464632849688	-0.0821066400824373
0.5955540423380926	-0.08004111659382433
0.6284616213912164	-0.07799393875690976
0.6613692004443402	-0.07588634219161816
0.694276779497464	-0.07388950825266714
0.7271843585505878	-0.07192428912176821
0.7600919376037116	-0.06999212129277203
0.7929995166568354	-0.06809416640108548
0.8259070957099592	-0.06623134879585316
0.858814674763083	-0.06440438909998775
0.8917222538162068	-0.06261383415302119
0.9246298328693306	-0.06086008369605161
0.9575374119224545	-0.05914341412468545
0.9904449909755783	-0.05745143031277444
1.023352570028702	-0.05581052507555138
1.056260149081826	-0.05420803708559375
1.08916772813495	-0.05264381764673814
1.122075307188074	-0.05111762688410037
1.154982886241198	-0.04962914637951665
1.187890465294322	-0.04817799046812078
1.220798044347446	-0.04676371633385343
1.253705623400569	-0.04538583302727806
1.286613202453693	-0.04404380951616854
1.319520781506817	-0.04273483818335126
1.352428360559941	-0.04146304435248328
1.385335939613065	-0.04022552256836359
1.418243518666189	-0.03902162060083832
1.451151097719313	-0.03785066739406402
1.484058676772437	-0.03671197742739577
1.516966255825561	-0.03560485457526016
1.549873834878685	-0.03452859552166503
1.582781413931809	-0.03348249277846103
1.615688992984933	-0.03246583735075823
1.648596572038056	-0.03147761927767637
1.68150415109118	-0.03051777425708904
1.714411730144304	-0.02958528363870557
1.747319309197428	-0.02867944866779101
1.780226888250552	-0.0277995778304587
1.813134467303676	-0.02694498816043966
1.8460420463568	-0.02611500636371841
1.878949625409924	-0.02530896978256692
1.911857204463048	-0.0245262272177866
1.944764783516172	-0.02376613962561938
1.977672362569296	-0.02302781771309118
2.010579941622419	-0.02231120379789919
2.043487520675543	-0.02161542572591087
2.076395099728667	-0.02093989454255191
2.109302678781791	-0.02028403481413372
2.142210257834915	-0.01964728488597604
2.175117836888039	-0.01902909707510007
2.208025415941163	-0.01842893780567414
2.240932994994287	-0.01784628769426936
2.273840574047411	-0.0172806415910223
2.306748153100535	-0.01673122895370068
2.339655732153659	-0.01619815895482404
2.372563311206783	-0.01568068576477537
2.405470890259906	-0.01517835804081649
2.43837846931303	-0.01469073727742833
2.471286048366154	-0.01421739770706314
2.504193627419278	-0.01375792618182413
2.537101206472402	-0.01331192203837139
2.570008785525526	-0.01287899694802541
2.60291636457865	-0.01245877475376045
2.635823943631774	-0.01205065217812566
2.668731522684898	-0.01165477674389551
2.701639101738022	-0.0112705672262116
2.734546680791146	-0.01089769200447977
2.76745425984427	-0.01053582957528594
2.800361838897393	-0.01018466837590374
2.833269417950517	-0.009843906613260999
2.866176997003641	-0.009513252099864115
2.899084576056765	-0.009192422098804505
2.931992155109889	-0.008881143180871158
2.964899734163013	-0.008578417226253647
2.997807313216137	-0.008285511575279091
3.030714892269261	-0.008001456017177637
3.063622471322385	-0.0077260108145383
3.096530050375509	-0.007458942600136268
3.129437629428633	-0.007200024270901309
3.162345208481756	-0.006949034879566523
3.19525278753488	-0.006705759523539528
3.228160366588004	-0.006469989230168467
3.261067945641128	-0.00624152083684335
3.293975524694252	-0.006040143435349453
3.326883103747376	-0.005397606864486548
3.3597906828005	-0.005585013914490337
3.392698261853624	-0.005392515703478126
3.425605840906748	-0.005200975254549418
3.458513419959872	-0.005014151154247042
3.491420999012996	-0.004832681290970473
3.52432857806612	-0.004656670346630178
3.557236157119243	-0.004486072409626527
3.590143736172367	-0.004320787961972521
3.623051315225491	-0.004160292498556128
3.655958894278615	-0.004005362634829725
3.688866473331739	-0.003855364177000243
3.721774052384863	-0.003710162368654509
3.754681631437987	-0.003569626058140659
3.787589210491111	-0.003433627652345502
3.820496789544235	-0.003302043050350133
3.853404368597359	-0.003174751564544953
3.886311947650483	-0.003051635834057394
3.919219526703607	-0.002932581733667271
3.95212710575673	-0.002833059653241733
3.985034684809854	-0.002720213447000677
4.017942263862978	-0.00260986129693385
4.050849842916102	-0.002502085519716928
4.083757421969225	-0.002397027254910025
4.116665001022349	-0.002297565472652336
4.149572580075472	-0.002204043596313375
4.182480159128596	-0.002113775937631786
4.215387738181719	-0.002026669972078564
4.248295317234843	-0.001942634948908277
4.281202896287966	-0.001856964190895072
4.314110475341089	-0.001779002033507379
4.347018054394213	-0.001704287763910155
4.379925633447336	-0.001632776729943665
4.41283321250046	-0.00156442050452572
4.445740791553583	-0.001508414004256845
4.478648370606707	-0.001468462990324369
4.51155594965983	-0.001436804983761702
4.544463528712954	-0.001413722938233523
4.577371107766077	-0.001399499715923047
4.610278686819201	-0.001186488349369198
4.643186265872324	-0.001297889016405032
4.676093844925448	-0.001351396197419894
4.709001423978571	-0.001402739502231949
4.741909003031695	-0.001460915094696833
4.774816582084818	-0.001528463218473592
4.807724161137942	-0.001606144582844739
4.840631740191065	-0.001694013043636582
4.873539319244188	-0.001791756233921501
4.906446898297312	-0.001898827943230037
4.939354477350435	-0.002063186192792111
4.972262056403559	-0.002182271694803404
5.005169635456682	-0.002303991235534841
5.038077214509806	-0.002427662538519706
5.070984793562929	-0.002552695849098359
5.103892372616053	-0.002678590689410466
5.136799951669176	-0.002804933246084027
5.1697075307223	-0.002931394096270136
5.202615109775423	-0.003057726159665011
5.235522688828547	-0.003183762825137136
5.26843026788167	-0.00329211540389553
5.301337846934794	-0.003418971716278051
5.334245425987917	-0.003546941340547983
5.367153005041041	-0.003676000527429676
5.400060584094164	-0.003806127538113148
5.432968163147287	-0.003937302643580424
5.465875742200411	-0.004069508163680289
5.498783321253534	-0.004202728658132098
5.531690900306658	-0.004336952646398991
5.564598479359781	-0.004472141110384001
5.597506058412905	-0.004607528556775277
5.630413637466028	-0.004744746472310404
5.663321216519152	-0.004883006187753575
5.696228795572275	-0.005022303714883634
5.729136374625399	-0.005162634511739372
5.762043953678522	-0.005303993447202063
5.794951532731646	-0.005446374768586373
5.827859111784769	-0.005589772072112963
5.860766690837893	-0.005734178276130495
5.893674269891016	-0.005879585596950693
5.92658184894414	-0.006026076360333065
5.959489427997263	-0.006173451469496824
5.992397007050386	-0.006321792286802865
6.02530458610351	-0.006471088819324223
6.058212165156633	-0.006621330666040558
6.091119744209757	-0.006772509397493714
6.12402732326288	-0.006924613951981658
6.156934902316004	-0.007077630039767029
6.189842481369127	-0.007231545162238775
6.222750060422251	-0.007386346332557379
6.255657639475374	-0.007542164717051655
6.288565218528498	-0.007698683798321162
6.321472797581621	-0.007856034956643568
6.354380376634745	-0.00801420461341794
6.387287955687868	-0.008173179313954546
6.420195534740992	-0.008332961283453988
6.453103113794115	-0.008493542095253936
6.486010692847239	-0.008654894441208018
6.518918271900362	-0.008817004929244194
6.551825850953485	-0.00897986015418307
6.584733430006609	-0.009143399398220219
6.617641009059732	-0.009307708742862034
6.650548588112856	-0.009472726342197774
6.683456167165979	-0.009638438191038233
6.716363746219103	-0.009804830109818271
6.749271325272226	-0.009971887760805532
6.78217890432535	-0.01013959666402606
6.815086483378473	-0.01030794221284423
6.847994062431597	-0.01047690968914727
6.88090164148472	-0.01064648427809522
6.913809220537844	-0.01081684052291173
6.946716799590967	-0.01098756710814032
6.979624378644091	-0.01115884012312954
7.012531957697214	-0.01133064628213382
7.045439536750338	-0.01150297304714892
7.078347115803461	-0.01167580862746838
7.111254694856584	-0.01184914197949083
7.144162273909708	-0.01202296280675679
7.177069852962831	-0.0121972615601957
7.209977432015955	-0.01237202943856468
7.242885011069078	-0.01254700172821973
7.275792590122202	-0.0127227080134092
7.308700169175325	-0.01289888295815295
7.341607748228449	-0.01307551837459722
7.374515327281572	-0.01325260576659689
7.407422906334696	-0.01343013634557453
7.440330485387819	-0.01360810104556768
7.473238064440943	-0.01378649053748506
7.506145643494066	-0.01396529524259511
7.53905322254719	-0.01414450534527189
7.571960801600313	-0.01432421827732912
7.604868380653437	-0.01450419887776457
7.63777595970656	-0.01468454518350642
7.670683538759683	-0.01486524756479288
7.703591117812807	-0.0150462966462131
7.73649869686593	-0.01522768330791469
7.769406275919054	-0.01540939868678666
7.802313854972177	-0.01559143417761354
7.835221434025301	-0.01577378143419737
7.868129013078424	-0.01595643237044543
7.901036592131548	-0.01613933659599498
7.933944171184671	-0.01632257740416566
7.966851750237795	-0.01650610201399555
7.999759329290918	-0.01668990259598744
8.032666908344043	-0.01687397153731174
8.065574487397166	-0.01705830147420143
8.098482066450289	-0.01724288532066409
8.131389645503413	-0.01742771629387792
8.164297224556536	-0.01761278793661006
8.19720480360966	-0.01779809413696609
8.230112382662783	-0.01798354928124462
8.263019961715907	-0.01816931440343144
8.29592754076903	-0.0183553049217749
8.328835119822154	-0.01854151566493521
8.361742698875277	-0.01872794150018865
8.394650277928401	-0.0189145773351839
8.427557856981524	-0.01910141811925902
8.460465436034648	-0.01928845884438824
8.493373015087771	-0.01947569454582114
8.526280594140895	-0.01966312030247158
8.559188173194018	-0.01985072608817597
8.592095752247142	-0.02003851893610896
8.625003331300265	-0.02022648724286963
8.657910910353388	-0.02041462606133251
8.690818489406512	-0.02060293055664243
8.723726068459635	-0.02079139600363843
8.756633647512759	-0.02098001778380231
8.789541226565882	-0.02116879138200493
8.822448805619006	-0.02135771238322191
8.855356384672129	-0.02154677646932331
8.888263963725253	-0.02173598109454206
8.921171542778376	-0.02192531858457803
8.9540791218315	-0.0221147866300999
8.986986700884623	-0.02230438129202005
9.019894279937747	-0.02249409871908861
9.05280185899087	-0.02268393514559377
9.085709438043994	-0.02287388688929265
9.118617017097117	-0.02306395034954687
9.15152459615024	-0.02325412200564158
9.184432175203364	-0.02344439841526801
9.217339754256487	-0.02363467566832747
9.250247333309611	-0.02382517333784673
9.283154912362734	-0.02401576838265355
9.316062491415858	-0.0242064548420949
9.348970070468981	-0.0243972274172067
9.381877649522105	-0.02458808147698122
9.414785228575228	-0.024779013058052
9.447692807628352	-0.02497001886030265
9.480600386681475	-0.02516109624005209
9.513507965734599	-0.02535224320191204
9.546415544787722	-0.02554329730471108
9.579323123840846	-0.02573459409562853
9.612230702893969	-0.02592597203378307
9.645138281947093	-0.02611743027603216
9.678045861000216	-0.02630896786957996
9.710953440053339	-0.0265005837447399
9.743861019106463	-0.02669227670925152
9.776768598159586	-0.02688404544424981
9.80967617721271	-0.02707588850207587
9.842583756265833	-0.02726780430624366
9.875491335318957	-0.02745980630820674
9.90839891437208	-0.02765185919089146
9.941306493425204	-0.02784397858066001
9.974214072478327	-0.02803616322039374
10.00712165153145	-0.028228411910316
10.04002923058457	-0.02842072350702818
10.0729368096377	-0.02861309692262852
10.10584438869082	-0.02880553112390915
10.13875196774394	-0.02899802513162663
10.17165954679707	-0.02919057801984204
10.20456712585019	-0.02938319221424436
10.23747470490332	-0.02957586002120888
10.27038228395644	-0.02976858396007516
10.30328986300956	-0.02996136333500755
10.33619744206269	-0.03015419751558961
10.36910502111581	-0.03034708593730051
10.40201260016893	-0.0305400281021863
10.43492017922206	-0.03073302357973127
10.46782775827518	-0.03092607200793829
10.5007353373283	-0.03111917309462682
10.53364291638143	-0.03131232788128949
10.56655049543455	-0.03150553361681862
10.59945807448767	-0.03169879145157837
10.6323656535408	-0.03189210139136801
10.66527323259392	-0.03208546352845921
10.69818081164704	-0.0322788780456252
10.73108839070017	-0.03247234522069913
10.76399596975329	-0.03266586543171709
10.79690354880641	-0.03285943916270973
10.82981112785954	-0.03305306701021554
10.86271870691266	-0.03324674240883327
10.89562628596578	-0.033440481288127
10.92853386501891	-0.03363427748533976
10.96144144407203	-0.0338281321043826
10.99434902312515	-0.03402204637360454
11.02725660217828	-0.03421602165493316
11.0601641812314	-0.03441005945399074
11.09307176028453	-0.0346041614313057
11.12597933933765	-0.03479832941475701
11.15888691839077	-0.03499256541340755
11.1917944974439	-0.03518672271422377
11.22470207649702	-0.03538111033409966
11.25760965555014	-0.03557558757658207
11.29051723460327	-0.03577015719021013
11.32342481365639	-0.03596482127442936
11.35633239270951	-0.03615958119225962
11.38923997176264	-0.03635443749685184
11.42214755081576	-0.03654938987592166
11.45505512986888	-0.0367444371174685
11.48796270892201	-0.03693957709932413
11.52087028797513	-0.03713577522986712
11.55377786702825	-0.0373309271980362
11.58668544608138	-0.03752612038686095
11.6195930251345	-0.03772136213927805
11.65250060418762	-0.03791665876150384
11.68540818324075	-0.03811201612571542
11.71831576229387	-0.03830744004198832
11.75122334134699	-0.03850293651466086
11.78413092040012	-0.03869851194136271
11.81703849945324	-0.03889417328688295
11.84994607850637	-0.03909048838844106
11.88285365755949	-0.03928636321756093
11.91576123661261	-0.03948229484475065
11.94866881566574	-0.03967826989733792
11.98157639471886	-0.03987426014315591
12.01448397377198	-0.04007020331620407
12.04739155282511	-0.04026594574385206
12.08029913187823	-0.04046101460471746
12.11320671093135	-0.0406530547588824
12.14611428998448	-0.04044082391218597
12.1790218690376	-0.04105633913951659
12.21192944809072	-0.04125415688322998
12.24483702714385	-0.04145221496620564
12.27774460619697	-0.04165052160141205
12.31065218525009	-0.04184908451252938
12.34355976430322	-0.04204791080650067
12.37646734335634	-0.04224700683680264
12.40937492240946	-0.04244637805862227
12.44228250146259	-0.04264602887756044
12.47519008051571	-0.04284596249395727
12.50809765956883	-0.04304668400132938
12.54100523862196	-0.04324714546462233
12.57391281767508	-0.04344784673419646
12.6068203967282	-0.04364878823404188
12.63972797578133	-0.04384997084661958
12.67263555483445	-0.04405139588354468
12.70554313388758	-0.04425306506104498
12.7384507129407	-0.04445498047956842
12.77135829199382	-0.0446571446070174
12.80426587104695	-0.04485956026517657
12.83717345010007	-0.04506219347024078
12.87008102915319	-0.04526512562124721
12.90298860820632	-0.04546832281318988
12.93589618725944	-0.04567178882222279
12.96880376631256	-0.04587552761107456
13.00171134536569	-0.04607954333174825
13.03461892441881	-0.04628384032893092
13.06752650347193	-0.04648842314410333
13.10043408252506	-0.04669329652034214
13.13334166157818	-0.04689846540781412
13.1662492406313	-0.04710380841425011
13.19915681968443	-0.04730959372671904
13.23206439873755	-0.04751570198242412
13.26497197779067	-0.04772213837071047
13.2978795568438	-0.0479289077133483
13.33078713589692	-0.04813601442823366
13.36369471495004	-0.04834346248974455
13.39660229400317	-0.04855125538557917
13.42950987305629	-0.04875939606991025
13.46241745210942	-0.0489678869127002
13.49532503116254	-0.04917652648482636
13.52823261021566	-0.04938573332723213
13.56114018926879	-0.04959531279722069
13.59404776832191	-0.04980526469540721
13.62695534737503	-0.05001558691341062
13.65986292642816	-0.05022627512905051
13.69277050548128	-0.05043732244584246
13.7256780845344	-0.05064871896679483
13.75858566358753	-0.05086045129070062
13.79149324264065	-0.05107250191698696
13.82440082169377	-0.05128547738679848
13.8573084007469	-0.0514979501476238
13.89021597980002	-0.05171062424285847
13.92312355885314	-0.05192349446165387
13.95603113790627	-0.05213655458256848
13.98893871695939	-0.05234979460817594
14.02184629601251	-0.05256319659578435
14.05475387506564	-0.05277672819222167
14.08766145411876	-0.05299033227012359
14.12056903317188	-0.05320390964584611
14.15347661222501	-0.05336879622908963
14.18638419127813	-0.05358505462613235
14.21929177033125	-0.05380310107132964
14.25219934938438	-0.05402311323279434
14.2851069284375	-0.05424530431575707
14.31801450749063	-0.05446992167040113
14.35092208654375	-0.05469724916381263
14.38382966559687	-0.05492761203714001
14.41673724465	-0.05516138394978468
14.44964482370312	-0.05539899638267844
14.48255240275624	-0.05562490499325862
14.51545998180937	-0.05587252119286053
14.54836756086249	-0.0561272677503875
14.58127513991561	-0.05639011485084387
14.61418271896874	-0.05666218688300638
14.64709029802186	-0.05694479512373066
14.67999787707498	-0.05723947542385466
14.71290545612811	-0.05754803041434852
14.74581303518123	-0.05787257450408186
14.77872061423435	-0.05821557765422277
14.81162819328748	-0.05869335290147537
14.8445357723406	-0.05908469461720084
14.87744335139372	-0.05949138877580323
14.91035093044685	-0.05991370841494317
14.94325850949997	-0.06035191118755633
14.97616608855309	-0.06080623722751635
15.00907366760622	-0.06127690690094442
15.04198124665934	-0.06176411844791312
15.07488882571247	-0.06226804552091431
15.10779640476559	-0.06278883462821074
15.14070398381871	-0.06333030918250104
15.17361156287184	-0.06388485132312896
15.20651914192496	-0.06445617588197709
15.23942672097808	-0.06504431531884765
15.27233430003121	-0.06564927956327733
15.30524187908433	-0.06627105419302928
15.33814945813745	-0.06690959860359735
15.37105703719058	-0.06756484417866788
15.4039646162437	-0.06823669247246157
15.43687219529682	-0.06892501341583607
15.46977977434995	-0.06963227279154328
15.50268735340307	-0.07035279879315547
15.53559493245619	-0.07108896994553035
15.56850251150932	-0.07184053087112666
15.60141009056244	-0.07260719907932515
15.63431766961556	-0.07338866401246844
15.66722524866869	-0.07418458617366763
15.70013282772181	-0.07499459634591442
15.73304040677493	-0.07581829491209195
15.76594798582806	-0.07665525128542654
15.79885556488118	-0.07750722799908104
15.8317631439343	-0.07836909081541191
15.86467072298743	-0.07924253883934061
15.89757830204055	-0.08012703231801827
15.93048588109368	-0.0810220098142185
15.9633934601468	-0.0819268885691844
15.99630103919992	-0.08284106499473537
16.02920861825305	-0.08376391529753004
16.06211619730617	-0.08469479623767484
16.09502377635929	-0.08563304602309926
16.12793135541242	-0.08657827264219491
16.16083893446554	-0.08752916704759511
16.19374651351866	-0.08848532499972477
16.22665409257179	-0.08944602825837536
16.25956167162491	-0.09041054716603933
16.29246925067804	-0.0913781419480959
16.32537682973116	-0.0923480641087215
16.35828440878428	-0.09331955791823993
16.39119198783741	-0.0942918619869484
16.42409956689053	-0.09526421091979539
16.45700714594365	-0.09623544023511128
16.48991472499678	-0.09720559179960632
16.5228223040499	-0.09817352634857511
16.55572988310302	-0.09913848181548203
16.58863746215615	-0.1000996986212444
16.62154504120927	-0.1010564211853555
16.65445262026239	-0.1020078994601139
16.68736019931552	-0.1029533904809238
16.72026777836864	-0.1038921599254933
16.75317535742176	-0.1048234836746684
16.78608293647489	-0.1057472126710736
16.81899051552801	-0.1066614609416739
16.85189809458113	-0.1075661241224726
16.88480567363426	-0.1084605416230791
16.91771325268738	-0.1093440724375325
16.9506208317405	-0.1102160963402617
16.98352841079363	-0.1110760150435048
17.01643598984675	-0.1119232533107418
17.04934356889988	-0.112757260021047
17.082251147953	-0.1135775091796433
17.11515872700612	-0.1143829968061564
17.14806630605925	-0.1151742849882078
17.18097388511237	-0.1159504473947414
17.21388146416549	-0.1167110672942503
17.24678904321862	-0.1174557538591879
17.27969662227174	-0.1181841424166264
17.31260420132486	-0.1188958946474555
17.34551178037799	-0.1195906987328316
17.37841935943111	-0.1202682694470012
17.41132693848423	-0.1209283481960211
17.44423451753736	-0.1215701788488172
17.47714209659048	-0.122194632128927
17.5100496756436	-0.1228010290702961
17.54295725469673	-0.1233892165871169
17.57586483374985	-0.123959064061402
17.60877241280297	-0.1245104627456508
17.6416799918561	-0.1250433251510795
17.67458757090922	-0.1255575844210131
17.70749514996234	-0.1260531936894185
17.74040272901547	-0.126530125424899
17.77331030806859	-0.1269895096908182
17.80621788712171	-0.1274289602008419
17.83912546617484	-0.1278496705225838
17.87203304522796	-0.128251696495646
17.90494062428109	-0.1286351134575703
17.93784820333421	-0.1290000153918348
17.97075578238733	-0.1293465141078858
18.00366336144046	-0.129674738447603
18.03657094049358	-0.1299848335138808
18.0694785195467	-0.1302769599180504
18.10238609859983	-0.1305508834181283
18.13529367765295	-0.1308075289184308
18.16820125670607	-0.1310468723575466
18.2011088357592	-0.1312691338187134
18.23401641481232	-0.1314745356569953
18.26692399386544	-0.1316633027671471
18.29983157291857	-0.1318356624943491
18.33273915197169	-0.1319918443506584
18.36564673102481	-0.1321320796228201
18.39855431007794	-0.1322566009189682
18.43146188913106	-0.1323668536330686
18.46436946818418	-0.1324605372531607
18.49727704723731	-0.1325391064677724
18.53018462629043	-0.1326028048210813
18.56309220534355	-0.1326518796452661
18.59599978439668	-0.1326865816132097
18.6289073634498	-0.1327071643046404
18.66181494250293	-0.132713883786946
18.69472252155605	-0.1327069982120027
18.72763010060917	-0.1326867674305263
18.7605376796623	-0.1326546231451691
18.79344525871542	-0.1326083819820078
18.82635283776854	-0.1325494825074949
18.85926041682167	-0.1324781984178443
18.89216799587479	-0.1323948087737044
18.92507557492791	-0.1322995977360074
18.95798315398104	-0.1321928543115864
18.99089073303416	-0.1320748721087519
19.02379831208728	-0.1319459491029582
19.05670589114041	-0.131806387412669
19.08961347019353	-0.1316534432971424
19.12252104924665	-0.1314937954482395
19.15542862829978	-0.1313246971295287
19.1883362073529	-0.1311464391186739
19.22124378640602	-0.1309593020617228
19.25415136545915	-0.1307635562795416
19.28705894451227	-0.1305594615891117
19.31996652356539	-0.1303472671391491
19.35287410261852	-0.1301272112595048
19.38578168167164	-0.1298995213238039
19.41868926072476	-0.12966544348517
19.45159683977789	-0.1294230245769734
19.48450441883101	-0.1291735069408473
19.51741199788414	-0.1289170764294342
19.55031957693726	-0.1286539159451576
19.58322715599038	-0.1283842019940318
19.61613473504351	-0.1281081041970641
19.64904231409663	-0.1278257851497471
19.68194989314975	-0.1275374003607465
19.71485747220288	-0.1272430982176111
19.747765051256	-0.1269464944928062
19.78067263030912	-0.1266404661824564
19.81358020936225	-0.1263286281053732
19.84648778841537	-0.1260111297525111
19.87939536746849	-0.12568812852801
19.91230294652162	-0.1253597897744225
19.94521052557474	-0.1250262867989085
19.97811810462786	-0.1246878009004911
20.01102568368099	-0.1243445213984817
20.04393326273411	-0.1239966456621646
20.07684084178723	-0.1236391749048211
20.10974842084036	-0.1232831920630075
20.14265599989348	-0.1229236952842765
20.1755635789466	-0.1225608700395842
20.20847115799973	-0.1221948874128983
20.24137873705285	-0.1218259041068801
20.27428631610598	-0.1214540624548946
20.3071938951591	-0.121079490438945
20.34010147421222	-0.1207023017131912
20.37300905326535	-0.1203225956328131
20.40591663231847	-0.1199443672649552
20.43882421137159	-0.1195595286305333
20.47173179042472	-0.1191720519252336
20.50463936947784	-0.1187820102143768
20.53754694853096	-0.1183894787632135
20.57045452758409	-0.1179945350666433
20.60336210663721	-0.1175972588703385
20.63626968569033	-0.1171977321747499
20.66917726474346	-0.1167960392027576
20.70208484379658	-0.1163922662829718
20.7349924228497	-0.1159867503606154
20.76790000190283	-0.1155793481101995
20.80080758095595	-0.1151702021593242
20.83371516000907	-0.1147593992247605
20.8666227390622	-0.1143470245853229
20.89953031811532	-0.1139331619879658
20.93243789716844	-0.1135178935662395
20.96534547622157	-0.1131012997705065
20.99825305527469	-0.1126834593092931
21.03116063432782	-0.1122644491011323
21.06406821338094	-0.1118426808912918
21.09697579243406	-0.1114217018896207
21.12988337148719	-0.1109999139804875
21.16279095054031	-0.1105773724124562
21.19569852959343	-0.1101541233013457
21.22860610864656	-0.1097302036250613
21.26151368769968	-0.1093056412267924
21.2944212667528	-0.1088804548256511
21.32732884580593	-0.1084546540338718
21.36023642485905	-0.1080282393797597
21.39314400391217	-0.107605504690149
21.4260515829653	-0.1071774450075529
21.45895916201842	-0.1067483544483978
21.49186674107154	-0.1063182346512047
21.52477432012467	-0.1058870969390431
21.55768189917779	-0.1054549623576824
21.59058947823091	-0.1050218617121187
21.62349705728404	-0.1045878356008402
21.65640463633716	-0.1041529344470538
21.68931221539028	-0.1037172185259119
21.72221979444341	-0.1032761549434284
21.75512737349653	-0.1028394355890693
21.78803495254965	-0.1024025322946399
21.82094253160278	-0.101965506551948
21.8538501106559	-0.1015284101443037
21.88675768970903	-0.1010912851211376
21.91966526876215	-0.1006541637324126
21.95257284781527	-0.1002170682903411
21.9854804268684	-0.09978001089267878
22.01838800592152	-0.09934299286425789
22.05129558497464	-0.0989073042234854
22.08420316402777	-0.09847019351777209
22.11711074308089	-0.09803280247779708
22.15001832213401	-0.09759513357293445
22.18292590118714	-0.09715719392177606
22.21583348024026	-0.09671899615608637
22.24874105929338	-0.09628055882981272
22.28164863834651	-0.09584190663745333
22.31455621739963	-0.09540307054363485
22.34746379645275	-0.09496408786762024
22.38037137550588	-0.09452017978243064
22.413278954559	-0.09408147849780706
22.44618653361212	-0.0936431858592813
22.47909411266525	-0.09320532240827109
22.51200169171837	-0.09276789504055769
22.54490927077149	-0.09233089701513719
22.57781684982462	-0.09189430796345079
22.61072442887774	-0.09145809389884413
22.64363200793087	-0.09102220722613721
22.67653958698399	-0.09058658675120788
22.70944716603711	-0.09015952237576721
22.74235474509024	-0.08972344800295093
22.77526232414336	-0.08928666837428879
22.80816990319648	-0.088849140767743
22.84107748224961	-0.0884108446875594
22.87398506130273	-0.08797178187140478
22.90689264035585	-0.08753197629691339
22.93980021940898	-0.08709147418763379
22.9727077984621	-0.08665034401838281
23.00561537751522	-0.08620867652002981
23.03852295656835	-0.08575706207377536
23.07143053562147	-0.08531552881958807
23.10433811467459	-0.08487467021348379
23.13724569372772	-0.08443458380750296
23.17015327278084	-0.08399534835497688
23.20306085183396	-0.08355702381913473
23.23596843088709	-0.08311965138138998
23.26887600994021	-0.08268325344931898
23.30178358899333	-0.08224783366434858
23.33469116804646	-0.08181337690916562
23.36759874709958	-0.08138460677558723
23.4005063261527	-0.08095153223386914
23.43341390520583	-0.08051886011098365
23.46632148425895	-0.08008654141151644
23.49922906331208	-0.07965452893327384
23.5321366423652	-0.07922277726994316
23.56504422141832	-0.07879124281355007
23.59795180047145	-0.0783598837567271
23.63085937952457	-0.07792866009480688
23.66376695857769	-0.07749753362775014
23.69667453763082	-0.07706997850738831
23.72958211668394	-0.07663862655695437
23.76248969573706	-0.07620697083672835
23.79539727479019	-0.07577501070081416
23.82830485384331	-0.07534276245605118
23.86121243289643	-0.0749102593606579
23.89412001194956	-0.07447755162276917
23.92702759100268	-0.07404470639887627
23.9599351700558	-0.07361180779217598
23.99284274910893	-0.07317895685083524
24.02575032816205	-0.07273885116125875
24.05865790721517	-0.07230712701496195
24.0915654862683	-0.07187648355413519
24.12447306532142	-0.07144702550027028
24.15738064437454	-0.07101884250699525
24.19028822342767	-0.07059200916328617
24.22319580248079	-0.07016658499663671
24.25610338153392	-0.06974261447618725
24.28901096058704	-0.06932012701581505
24.32191853964016	-0.06889913697718839
24.35482611869329	-0.06847923214821927
24.38773369774641	-0.06806125647744218
24.42064127679953	-0.06764476587055644
24.45354885585266	-0.06722971095606191
24.48645643490578	-0.0668160255502067
24.5193640139589	-0.06640362666015985
24.55227159301203	-0.06599241448716126
24.58517917206515	-0.06558227242964894
24.61808675111827	-0.06517306708636542
24.6509943301714	-0.06476464825944439
24.68390190922452	-0.06436919371567343
24.71680948827764	-0.06396073124873498
24.74971706733077	-0.06355145882840579
24.78262464638389	-0.06314126571936296
24.81553222543701	-0.06273007764570185
24.84843980449014	-0.06231785678502058
24.88134738354326	-0.06190460176249099
24.91425496259638	-0.0614903476449158
24.94716254164951	-0.06107516593477466
24.98007012070263	-0.06065916456426009
25.01297769975575	-0.06023392786739227
25.04588527880888	-0.05981751865970227
25.078792857862	-0.05940155681177926
25.11170043691513	-0.05898622198409168
25.14460801596825	-0.05857169331897757
25.17751559502137	-0.05815814944081325
25.2104231740745	-0.05774576845617752
25.24333075312762	-0.05733472795400989
25.27623833218074	-0.05692520500576487
25.30914591123387	-0.05651737616556158
25.34205349028699	-0.05610439918256977
25.37496106934011	-0.05570111090781762
25.40786864839324	-0.0553006374802681
25.44077622744636	-0.0549030927709337
25.47368380649948	-0.05450855986552961
25.50659138555261	-0.0541170910696669
25.53949896460573	-0.05372870791404331
25.57240654365885	-0.05334340115963009
25.60531412271198	-0.05296113080285636
25.6382217017651	-0.05258182608079045
25.67112928081822	-0.05221560544802487
25.70403685987135	-0.05184098693104685
25.73694443892447	-0.05146807201659979
25.76985201797759	-0.05109675522339759
25.80275959703072	-0.05072694441361025
25.83566717608384	-0.0503585607906533
25.86857475513697	-0.04999153889697638
25.90148233419009	-0.04962582661185039
25.93438991324321	-0.04926138514915373
25.96729749229634	-0.04889818905515733
26.00020507134946	-0.04853370246756986
26.03311265040258	-0.0481731987270841
26.06602022945571	-0.04781415763002206
26.09892780850883	-0.04745658523316312
26.13183538756195	-0.0471004900301514
26.16474296661508	-0.04674588295109828
26.1976505456682	-0.04639277736218468
26.23055812472132	-0.04604118906526237
26.26346570377445	-0.0456911362974552
26.29637328282757	-0.0453426397307593
26.32928086188069	-0.0449947827078987
26.36218844093382	-0.04464955395302192
26.39509601998694	-0.04430603758236457
26.42800359904006	-0.04396425588690601
26.46091117809319	-0.04362422953745683
26.49381875714631	-0.04328597758493563
26.52672633619943	-0.04294951746064465
26.55963391525256	-0.04261486497654494
26.59254149430568	-0.04228203432553131
26.6254490733588	-0.04195103808170761
26.65835665241193	-0.04162216320238049
26.69126423146505	-0.04129484245226102
26.72417181051818	-0.04096936075489576
26.7570793895713	-0.04064572659572233
26.78998696862442	-0.04032394803310303
26.82289454767755	-0.04000403269839868
26.85580212673067	-0.03968598779604236
26.88870970578379	-0.03936982010361288
26.92161728483692	-0.03905553597190804
26.95452486389004	-0.03874314132501779
26.98743244294316	-0.03843323270469499
27.02034002199629	-0.03812458047952194
27.05324760104941	-0.03781778291316626
27.08615518010253	-0.03751284932831372
27.11906275915566	-0.03720979117037777
27.15197033820878	-0.03690862200714519
27.1848779172619	-0.03660935752842299
27.21778549631503	-0.03631201554568434
27.25069307536815	-0.03601661599171498
27.28360065442127	-0.03572318092025943
27.3165082334744	-0.03543035346275509
27.34941581252752	-0.0351410449376008
27.38232339158064	-0.03485389669970548
27.41523097063377	-0.03456892735540286
27.44813854968689	-0.034286151674018
27.48104612874002	-0.03400558058850878
27.51395370779314	-0.03372722119610749
27.54686128684626	-0.03345107675896227
27.57976886589939	-0.03317714670477815
27.61267644495251	-0.03290542662745832
27.64558402400563	-0.03263730497582654
27.67849160305876	-0.03236985197127722
27.71139918211188	-0.03210445448305108
27.744306761165	-0.03184110483907902
27.77721434021813	-0.03157979756036787
27.81012191927125	-0.03132052936063436
27.84302949832437	-0.03106329914593897
27.8759370773775	-0.03080810801431991
27.90884465643062	-0.03055495925542745
27.94175223548374	-0.03030385835015792
27.97465981453687	-0.03005394785095762
28.00756739358999	-0.02980704487014288
28.04047497264311	-0.0295622925718464
28.07338255169624	-0.02931969772648392
28.10629013074936	-0.02907926556277822
28.13919770980248	-0.02884099976801662
28.17210528885561	-0.0286049024883089
28.20501286790873	-0.02837097432884451
28.23792044696185	-0.02813921435415025
28.27082802601498	-0.02790962008834759
28.3037356050681	-0.0276826908055277
28.33664318412123	-0.02745736956756166
28.36955076317435	-0.02723415476164504
28.40245834222747	-0.02701304209963455
28.4353659212806	-0.0267940279248715
28.46827350033372	-0.02657710921207659
28.50118107938684	-0.02636228356724445
28.53408865843997	-0.02614954922753846
28.56699623749309	-0.02593890506118518
28.59990381654621	-0.02573035056736923
28.63281139559934	-0.02552365118999422
28.66571897465246	-0.02531929795344547
28.69862655370558	-0.02511705654058842
28.73153413275871	-0.02491692694646554
28.76444171181183	-0.02471890878439017
28.79734929086495	-0.02452300128600989
28.83025686991808	-0.0243292033013705
28.8631644489712	-0.0241375132989796
28.89607202802432	-0.02394792936587035
28.92897960707745	-0.0237604492076653
28.96188718613057	-0.02357495273174268
28.99479476518369	-0.02339168216712308
29.02770234423682	-0.02321051614715245
29.06060992328994	-0.02303144983834994
29.09351750234307	-0.02285447751974293
29.12642508139619	-0.02267959258301523
29.15933266044931	-0.02250678753265489
29.19224023950244	-0.02233605398610252
29.22514781855556	-0.02216738267389886
29.25805539760868	-0.02200076343983306
29.29096297666181	-0.02183647859505472
29.32387055571493	-0.02167390338854054
29.35677813476805	-0.0215133196366769
29.38968571382118	-0.02135471617134123
29.4225932928743	-0.02119808220358457
29.45550087192742	-0.02104340732356861
29.48840845098055	-0.02089068150050236
29.52131603003367	-0.02073989508257918
29.55422360908679	-0.02059103879691363
29.58713118813992	-0.02044410374947833
29.62003876719304	-0.02029886430730604
29.65294634624616	-0.0201557658967804
29.68585392529929	-0.02001458269646145
29.71876150435241	-0.0198753054519385
29.75166908340553	-0.01973792435095132
29.78457666245866	-0.01960242902348298
29.81748424151178	-0.01946880854185302
29.85039182056491	-0.01933705142081029
29.88329939961803	-0.01920714561762595
29.91620697867115	-0.0190790785321864
29.94911455772428	-0.01895289912356196
29.9820221367774	-0.01882846391470439
30.01492971583052	-0.01870582102098892
30.04783729488365	-0.01858495615017422
30.08074487393677	-0.01846585472099645
30.11365245298989	-0.01834850186321749
30.14656003204302	-0.01823288241767312
30.17946761109614	-0.0181189809363212
30.21237519014926	-0.01800678168228984
30.24528276920239	-0.01789626862992551
30.27819034825551	-0.0177875687474273
30.31109792730863	-0.01768036611180427
30.34400550636176	-0.01757478773814181
30.37691308541488	-0.01747081768363236
30.409820664468	-0.01736844033488105
30.44272824352113	-0.01726764040785095
30.47563582257425	-0.01716840294780827
30.50854340162737	-0.01707071332926736
30.5414509806805	-0.01697455725593605
30.57435855973362	-0.01687992076066076
30.60726613878674	-0.0167867080685322
30.64017371783987	-0.01669507745585157
30.67308129689299	-0.01660493344789035
30.70598887594612	-0.01651626268410978
30.73889645499924	-0.01642905177859318
30.77180403405236	-0.01634328732004999
30.80471161310549	-0.01625895587182006
30.83761919215861	-0.01617604397187775
30.87052677121173	-0.01609453813283611
30.90343435026486	-0.01601442484195112
30.93634192931798	-0.01593563785305915
30.9692495083711	-0.01585827371082525
31.00215708742423	-0.01578226588876411
31.03506466647735	-0.01570760031751933
31.06797224553047	-0.01563426267507765
31.1008798245836	-0.01556223838681096
31.13378740363672	-0.01549151262551844
31.16669498268984	-0.01542207031146879
31.19960256174297	-0.01535389611244227
31.23251014079609	-0.01528697444377276
31.26541771984921	-0.01522137401897466
31.29832529890234	-0.01515690212089988
31.33123287795546	-0.01509362732674102
31.36414045700858	-0.01503153377270968
31.39704803606171	-0.01497060570743313
31.42995561511483	-0.01491082749193539
31.46286319416796	-0.01485218359961833
31.49577077322108	-0.01479465861624271
31.5286783522742	-0.01473823723990929
31.56158593132733	-0.01468290428103996
31.59449351038045	-0.01462864466235884
31.62740108943357	-0.01457544341887347
31.6603086684867	-0.01452328569785592
31.69321624753982	-0.01447215675882392
31.72612382659294	-0.01442204197352219
31.75903140564607	-0.01437292682590346
31.79193898469919	-0.01432479691210977
31.82484656375231	-0.01427763794045369
31.85775414280544	-0.01423143573139947
31.89066172185856	-0.01418617621754436
31.92356930091168	-0.01414184544359979
31.95647687996481	-0.01409842956637268
31.98938445901793	-0.01405591485474667
32.02229203807106	-0.01401428768966337
32.05519961712418	-0.01397353456410376
32.0881071961773	-0.01393364208306927
32.12101477523043	-0.01389459696356334
32.15392235428355	-0.01385638603457246
32.18682993333667	-0.01381899623704772
32.2197375123898	-0.01378241462388594
