0
1000	0.5109989461	100000000000000.1
5	0	0	1
5	0	0	0
-0.654933961680612	1.782176833022229e-10
-0.6220263826274882	3.655227995524755e-10
-0.5891188035743644	5.522983086034225e-10
-0.5562112245212406	7.556836415702558e-10
-0.5233036454681168	9.795603921733498e-10
-0.490396066414993	1.225081574029438e-09
-0.4574884873618692	1.492485607734714e-09
-0.4245809083087454	1.781657896870561e-09
-0.3916733292556216	2.092353935293652e-09
-0.3587657502024978	2.42429978727503e-09
-0.325858171149374	2.777239912852545e-09
-0.2929505920962502	3.150959923236316e-09
-0.2600430130431264	3.545296646584901e-09
-0.2271354339900026	3.960141570567791e-09
-0.1942278549368788	4.395440815839307e-09
-0.161320275883755	4.851193344946035e-09
-0.1284126968306312	5.327448348604675e-09
-0.09550511777750736	5.824302333815877e-09
-0.06259753872438356	6.341896203288148e-09
-0.02968995967125975	6.880412480985923e-09
0.003217619381864059	7.44007276077486e-09
0.03612519843498787	8.021135410183756e-09
0.06903277748811168	8.623893535679135e-09
0.1019403565412355	9.248673201689984e-09
0.1348479355943593	9.895831888281596e-09
0.1677555146474831	1.056575716907929e-08
0.2006630937006069	1.125886559010356e-08
0.2335706727537307	1.197560173057906e-08
0.2664782518068545	1.271643742790093e-08
0.2993858308599783	1.348187115040963e-08
0.3322934099131021	1.427161307379379e-08
0.3652009889662259	1.508530663144645e-08
0.3981085680193497	1.592540204617244e-08
0.4310161470724735	1.679172420357081e-08
0.4639237261255973	1.768397454771639e-08
0.4968313051787211	1.860415006244362e-08
0.529738884231845	1.955355636679141e-08
0.5626464632849688	2.053042732076839e-08
0.5955540423380926	2.153703309321223e-08
0.6284616213912164	2.257431839415707e-08
0.6613692004443402	2.364183767546678e-08
0.694276779497464	2.474156890781231e-08
0.7271843585505878	2.587302350794537e-08
0.7600919376037116	2.70383158349288e-08
0.7929995166568354	2.823807244123706e-08
0.8259070957099592	2.947119844410414e-08
0.858814674763083	3.0741610382447e-08
0.8917222538162068	3.204836253110034e-08
0.9246298328693306	3.339274016533788e-08
0.9575374119224545	3.47762181974604e-08
0.9904449909755783	3.619893193880318e-08
1.023352570028702	3.766230949668065e-08
1.056260149081826	3.916794502991965e-08
1.08916772813495	4.071596311256396e-08
1.122075307188074	4.230931118938221e-08
1.154982886241198	4.394639398030805e-08
1.187890465294322	4.563036507512438e-08
1.220798044347446	4.736139842098724e-08
1.253705623400569	4.914265053728131e-08
1.286613202453693	5.097250802718964e-08
1.319520781506817	5.285431846541716e-08
1.352428360559941	5.478995332372307e-08
1.385335939613065	5.677815750993541e-08
1.418243518666189	5.882196586550075e-08
1.451151097719313	6.092439001572197e-08
1.484058676772437	6.308441024489843e-08
1.516966255825561	6.530560001804182e-08
1.549873834878685	6.758675671417174e-08
1.582781413931809	6.993123962904034e-08
1.615688992984933	7.234223717323857e-08
1.648596572038056	7.481886733273602e-08
1.68150415109118	7.736490427931593e-08
1.714411730144304	7.998117032236099e-08
1.747319309197428	8.266746624794853e-08
1.780226888250552	8.542942309760366e-08
1.813134467303676	8.826509950127791e-08
1.8460420463568	9.118029501789072e-08
1.878949625409924	9.417383516118393e-08
1.911857204463048	9.725015829023056e-08
1.944764783516172	1.00410202760537e-07
1.977672362569296	1.036538961497131e-07
2.010579941622419	1.069874540142611e-07
2.043487520675543	1.104090518691411e-07
2.076395099728667	1.139247854929017e-07
2.109302678781791	1.175351609086771e-07
2.142210257834915	1.212410354551848e-07
2.175117836888039	1.2504734242545e-07
2.208025415941163	1.289552645533879e-07
2.240932994994287	1.329649906829726e-07
2.273840574047411	1.37083238359517e-07
2.306748153100535	1.413104842636086e-07
2.339655732153659	1.456492795271277e-07
2.372563311206783	1.500997370784463e-07
2.405470890259906	1.546691676600151e-07
2.43837846931303	1.593579814424262e-07
2.471286048366154	1.641673994576233e-07
2.504193627419278	1.691029655741894e-07
2.537101206472402	1.741661435275389e-07
2.570008785525526	1.793597233823527e-07
2.60291636457865	1.846839332018523e-07
2.635823943631774	1.901465308160666e-07
2.668731522684898	1.957481507208643e-07
2.701639101738022	2.014915642143338e-07
2.734546680791146	2.07377326850312e-07
2.76745425984427	2.134130749412373e-07
2.800361838897393	2.195996948888592e-07
2.833269417950517	2.25940064829447e-07
2.866176997003641	2.324372030260312e-07
2.899084576056765	2.390924266595444e-07
2.931992155109889	2.459122116544887e-07
2.964899734163013	2.528980437940712e-07
2.997807313216137	2.600523491593378e-07
3.030714892269261	2.673791208283502e-07
3.063622471322385	2.748788116779101e-07
3.096530050375509	2.825591313914269e-07
3.129437629428633	2.904212311017159e-07
3.162345208481756	2.984685586223386e-07
3.19525278753488	3.067045775513457e-07
3.228160366588004	3.151315255748879e-07
3.261067945641128	3.237506075434274e-07
3.293975524694252	3.325700677825422e-07
3.326883103747376	3.416597671085512e-07
3.3597906828005	3.506856948529484e-07
3.392698261853624	3.603444706912137e-07
3.425605840906748	3.699123523458108e-07
3.458513419959872	3.794992859393598e-07
3.491420999012996	3.899131146876128e-07
3.52432857806612	4.000714717750938e-07
3.557236157119243	4.109619686145984e-07
3.590143736172367	4.214507788510254e-07
3.623051315225491	4.321675475848782e-07
3.655958894278615	4.436933725028578e-07
3.688866473331739	4.549884858624936e-07
3.721774052384863	4.668617271475097e-07
3.754681631437987	4.787238298311808e-07
3.787589210491111	4.912008618682032e-07
3.820496789544235	5.033462380533772e-07
3.853404368597359	5.16644861169809e-07
3.886311947650483	5.289580501233216e-07
3.919219526703607	5.429508020448236e-07
3.95212710575673	5.556447280768648e-07
3.985034684809854	5.704480692517212e-07
4.017942263862978	5.833013065966687e-07
4.050849842916102	5.980445774015592e-07
4.083757421969225	6.119921251756443e-07
4.116665001022349	6.269361537989493e-07
4.149572580075472	6.418059379084619e-07
4.182480159128596	6.572483021404182e-07
4.215387738181719	6.725955578277638e-07
4.248295317234843	6.885779129981237e-07
4.281202896287966	7.04371076174287e-07
4.314110475341089	7.209020609656924e-07
4.347018054394213	7.391006609085613e-07
4.379925633447336	7.544324504150634e-07
4.41283321250046	7.717990578417103e-07
4.445740791553583	7.889252013588023e-07
4.478648370606707	8.069092000818706e-07
4.51155594965983	8.24015790657686e-07
4.544463528712954	8.432871807820112e-07
4.577371107766077	8.621230409906653e-07
4.610278686819201	8.810712466020191e-07
4.643186265872324	8.951035387999761e-07
4.676093844925448	9.189340956882681e-07
4.709001423978571	9.358099242910612e-07
4.741909003031695	9.594350449718464e-07
4.774816582084818	9.744533219634486e-07
4.807724161137942	1.001455378826194e-06
4.840631740191065	1.017219032647698e-06
4.873539319244188	1.046151885509511e-06
4.906446898297312	1.063962053565944e-06
4.939354477350435	1.095052832345814e-06
4.972262056403559	1.121319791434401e-06
5.005169635456682	1.143822111478847e-06
5.038077214509806	1.173123962216546e-06
5.070984793562929	1.195190668527822e-06
5.103892372616053	1.227464136289097e-06
5.136799951669176	1.251252889579659e-06
5.1697075307223	1.286024984716304e-06
5.202615109775423	1.318383318521703e-06
5.235522688828547	1.34569609824001e-06
5.26843026788167	1.387417594619856e-06
5.301337846934794	1.405813044518516e-06
5.334245425987917	1.44744422683093e-06
5.367153005041041	1.484964244468561e-06
5.400060584094164	1.518439052942143e-06
5.432968163147287	1.558508283910828e-06
5.465875742200411	1.582079059284067e-06
5.498783321253534	1.633759213545002e-06
5.531690900306658	1.677676793450492e-06
5.564598479359781	1.711659795026992e-06
5.597506058412905	1.761837143476862e-06
5.630413637466028	1.808072182251411e-06
5.663321216519152	1.850750746191369e-06
5.696228795572275	1.901655947402926e-06
5.729136374625399	1.952124449766853e-06
5.762043953678522	1.996063432722321e-06
5.794951532731646	2.052261743809527e-06
5.827859111784769	2.107488661620175e-06
5.860766690837893	2.15707447335325e-06
5.893674269891016	2.217682460920301e-06
5.92658184894414	2.278141400644023e-06
5.959489427997263	2.334877615630261e-06
5.992397007050386	2.400632630990436e-06
6.02530458610351	2.465641358391173e-06
6.058212165156633	2.523457802269376e-06
6.091119744209757	2.597731698725453e-06
6.12402732326288	2.670281710876498e-06
6.156934902316004	2.729149331676852e-06
6.189842481369127	2.814478202740658e-06
6.222750060422251	2.894351074480273e-06
6.255657639475374	2.975379778462317e-06
6.288565218528498	3.05534364315797e-06
6.321472797581621	3.14142954951997e-06
6.354380376634745	3.23013136811263e-06
6.387287955687868	3.309560138382098e-06
6.420195534740992	3.410261035669902e-06
6.453103113794115	3.507855896908647e-06
6.486010692847239	3.608516958914409e-06
6.518918271900362	3.704170406337066e-06
6.551825850953485	3.813984813689766e-06
6.584733430006609	3.924866815712222e-06
6.617641009059732	4.037606501849733e-06
6.650548588112856	4.150666938209808e-06
6.683456167165979	4.272599450158906e-06
6.716363746219103	4.397274010522142e-06
6.749271325272226	4.508837758634694e-06
6.78217890432535	4.651608461159577e-06
6.815086483378473	4.790331439434179e-06
6.847994062431597	4.931908732301883e-06
6.88090164148472	5.060855120230738e-06
6.913809220537844	5.221969807940763e-06
6.946716799590967	5.367835495168382e-06
6.979624378644091	5.539382434640263e-06
7.012531957697214	5.704820164765398e-06
7.045439536750338	5.871234297231226e-06
7.078347115803461	6.048800554627985e-06
7.111254694856584	6.230993406637401e-06
7.144162273909708	6.417864113541853e-06
7.177069852962831	6.603072003380162e-06
7.209977432015955	6.806797023917318e-06
7.242885011069078	7.014459704629029e-06
7.275792590122202	7.227888975193185e-06
7.308700169175325	7.43374745305368e-06
7.341607748228449	7.668932573550645e-06
7.374515327281572	7.905685878545594e-06
7.407422906334696	8.148687596873621e-06
7.440330485387819	8.399212579833382e-06
7.473238064440943	8.651655003077858e-06
7.506145643494066	8.921422233743386e-06
7.53905322254719	9.196990243534352e-06
7.571960801600313	9.482084238430345e-06
7.604868380653437	9.775820830707165e-06
7.63777595970656	1.007095980666286e-05
7.670683538759683	1.03878487646212e-05
7.703591117812807	1.071288414101047e-05
7.73649869686593	1.105325930415317e-05
7.769406275919054	1.139266219768517e-05
7.802313854972177	1.174093752248662e-05
7.835221434025301	1.211301905565906e-05
7.868129013078424	1.249497488941303e-05
7.901036592131548	1.288870004907732e-05
7.933944171184671	1.329499226591166e-05
7.966851750237795	1.370689282357365e-05
7.999759329290918	1.414393946835927e-05
8.032666908344043	1.459256353422914e-05
8.065574487397166	1.505531733981713e-05
8.098482066450289	1.553313451453984e-05
8.131389645503413	1.601037411323384e-05
8.164297224556536	1.652911014020746e-05
8.19720480360966	1.706389599518753e-05
8.230112382662783	1.760262233852607e-05
8.263019961715907	1.816519481960213e-05
8.29592754076903	1.874598852752738e-05
8.328835119822154	1.933459349901578e-05
8.361742698875277	1.995956558869716e-05
8.394650277928401	2.060170093551031e-05
8.427557856981524	2.126426415330948e-05
8.460465436034648	2.194705247397512e-05
8.493373015087771	2.265373172646762e-05
8.526280594140895	2.337683152010032e-05
8.559188173194018	2.413335785085046e-05
8.592095752247142	2.49131084715827e-05
8.625003331300265	2.57181805431621e-05
8.657910910353388	2.654967350686822e-05
8.690818489406512	2.740865098522722e-05
8.723726068459635	2.828352888632369e-05
8.756633647512759	2.920598980537731e-05
8.789541226565882	3.015534432510337e-05
8.822448805619006	3.113513688464779e-05
8.855356384672129	3.214704236063678e-05
8.888263963725253	3.319234367324191e-05
8.921171542778376	3.425396923322073e-05
8.9540791218315	3.538009338580944e-05
8.986986700884623	3.653704518274807e-05
9.019894279937747	3.772777038245036e-05
9.05280185899087	3.895955414990001e-05
9.085709438043994	4.023183007246758e-05
9.118617017097117	4.154627354745118e-05
9.15152459615024	4.289578522831685e-05
9.184432175203364	4.43032042882716e-05
9.217339754256487	4.575454957917448e-05
9.250247333309611	4.725361013482818e-05
9.283154912362734	4.880320239138988e-05
9.316062491415858	5.040133280605275e-05
9.348970070468981	5.205467255239716e-05
9.381877649522105	5.374855185773695e-05
9.414785228575228	5.552050072452346e-05
9.447692807628352	5.73469353406225e-05
9.480600386681475	5.923279614547932e-05
9.513507965734599	6.118114918927608e-05
9.546415544787722	6.319417074514031e-05
9.579323123840846	6.527428912254344e-05
9.612230702893969	6.740078644899341e-05
9.645138281947093	6.963471448818834e-05
9.678045861000216	7.193319016929008e-05
9.710953440053339	7.430641166645681e-05
9.743861019106463	7.675786604879645e-05
9.776768598159586	7.929084121086591e-05
9.80967617721271	8.190816141216924e-05
9.842583756265833	8.461283766733417e-05
9.875491335318957	8.739725633951808e-05
9.90839891437208	9.029040170340932e-05
9.941306493425204	9.32814342368186e-05
9.974214072478327	9.636064383648847e-05
10.00712165153145	9.954804726805278e-05
10.04002923058457	0.0001028417243719695
10.0729368096377	0.0001062451244867477
10.10584438869082	0.0001097621295179066
10.13875196774394	0.0001133779856031547
10.17165954679707	0.0001171432024158097
10.20456712585019	0.0001210275512274507
10.23747470490332	0.0001250399476241375
10.27038228395644	0.0001291857438277012
10.30328986300956	0.0001334262747067593
10.33619744206269	0.0001378953450466043
10.36910502111581	0.0001424698723094894
10.40201260016893	0.0001471970523892934
10.43492017922206	0.0001520690380357894
10.46782775827518	0.0001571225578825557
10.5007353373283	0.0001623416951499354
10.53364291638143	0.0001677340076234921
10.56655049543455	0.0001733061521882511
10.59945807448767	0.0001790639598350271
10.6323656535408	0.0001850141757992768
10.66527323259392	0.0001911632573329483
10.69818081164704	0.0001975164000486623
10.73108839070017	0.0002040751974187891
10.76399596975329	0.0002108646667689365
10.79690354880641	0.0002178789464558595
10.82981112785954	0.0002251268932944777
10.86271870691266	0.0002326167799682674
10.89562628596578	0.000240356904520198
10.92853386501891	0.0002483554902087492
10.96144144407203	0.0002566215817124288
10.99434902312515	0.0002651638779110545
11.02725660217828	0.0002739716330583334
11.0601641812314	0.0002831044977531206
11.09307176028453	0.0002925372482555239
11.12597933933765	0.0003022800659279094
11.15888691839077	0.0003123505344344238
11.1917944974439	0.0003227570882412475
11.22470207649702	0.0003335114047233079
11.25760965555014	0.0003446249721032092
11.29051723460327	0.000356110129722909
11.32342481365639	0.0003679796031119413
11.35633239270951	0.0003802251053886432
11.38923997176264	0.0003929119527487949
11.42214755081576	0.0004060164018553746
11.45505512986888	0.0004195575383671713
11.48796270892201	0.0004335510260364331
11.52087028797513	0.0004480125634915393
11.55377786702825	0.000462954819690512
11.58668544608138	0.0004784030915423717
11.6195930251345	0.0004943645493330994
11.65250060418762	0.0005108597450499917
11.68540818324075	0.0005279070387693479
11.71831576229387	0.0005455147048960239
11.75122334134699	0.0005637272009218573
11.78413092040012	0.0005825455630734111
11.81703849945324	0.00060199299278855
11.84994607850637	0.0006220909868542103
11.88285365755949	0.0006428614674498442
11.91576123661261	0.0006643308299895296
11.94866881566574	0.0006865150594079704
11.98157639471886	0.0007094419388195231
12.01448397377198	0.0007331368868336301
12.04739155282511	0.0007576224745596507
12.08029913187823	0.0007829134798222554
12.11320671093135	0.0008090752153444587
12.14611428998448	0.0008361060121319168
12.1790218690376	0.0008640345400471943
12.21192944809072	0.0008928503848356016
12.24483702714385	0.0009227740563965055
12.27774460619697	0.0009536157631764091
12.31065218525009	0.0009854897272373528
12.34355976430322	0.001018427755970291
12.37646734335634	0.001052430996716992
12.40937492240946	0.001087687097875984
12.44228250146259	0.001124058301660176
12.47519008051571	0.001161628980417455
12.50809765956883	0.001200480950066577
12.54100523862196	0.001240587967178047
12.57391281767508	0.001282179144837979
12.6068203967282	0.001325080921556972
12.63972797578133	0.001369420512642298
12.67263555483445	0.001415243325280062
12.70554313388758	0.001462574020308211
12.7384507129407	0.001511704949320521
12.77135829199382	0.001562208095730633
12.80426587104695	0.001614514646950719
12.83717345010007	0.001668576271365449
12.87008102915319	0.001724422169437275
12.90298860820632	0.001782639635952552
12.93589618725944	0.001841933118836582
12.96880376631256	0.00190364389338882
13.00171134536569	0.001967426319330554
13.03461892441881	0.002033345861038733
13.06752650347193	0.002101419540325155
13.10043408252506	0.002171967636764392
13.13334166157818	0.002244777832003683
13.1662492406313	0.002320037346861226
13.19915681968443	0.002397825779580144
13.23206439873755	0.002478218037127049
13.26497197779067	0.002556567609675472
13.2978795568438	0.002647296464662127
13.33078713589692	0.002736089510548998
13.36369471495004	0.002827901537325614
13.39660229400317	0.002922797474989049
13.42950987305629	0.003020873233130748
13.46241745210942	0.003122434640319868
13.49532503116254	0.003227129864648333
13.52823261021566	0.003335482715102747
13.56114018926879	0.003447483377903325
13.59404776832191	0.003563252375752025
13.62695534737503	0.003682898919307097
13.65986292642816	0.003806839198043404
13.69277050548128	0.003934583114468304
13.7256780845344	0.00406679398909153
13.75858566358753	0.004203467894882164
13.79149324264065	0.004344712720189926
13.82440082169377	0.004490753836340851
13.8573084007469	0.004642023858222425
13.89021597980002	0.004797897484585941
13.92312355885314	0.004959246160986395
13.95603113790627	0.005126054849847933
13.98893871695939	0.005298495425376354
14.02184629601251	0.005476753524113065
14.05475387506564	0.005660283191482022
14.08766145411876	0.005851594935329068
14.12056903317188	0.006048556612951449
14.15347661222501	0.006252172789904361
14.18638419127813	0.006462666954148349
14.21929177033125	0.006680260275019986
14.25219934938438	0.006903973346011549
14.2851069284375	0.007136749384516533
14.31801450749063	0.007377125652054127
14.35092208654375	0.007625797780692604
14.38382966559687	0.00788292755060626
14.41673724465	0.008148046075370714
14.44964482370312	0.008422964256282502
14.48255240275624	0.008706850537057085
14.51545998180937	0.009001414327535326
14.54836756086249	0.009305585320061219
14.58127513991561	0.009619817556708175
14.61418271896874	0.009944079018540622
14.64709029802186	0.01028085105183313
14.67999787707498	0.01062937194547705
14.71290545612811	0.01099066747177038
14.74581303518123	0.0113637249535026
14.77872061423435	0.01175029268356911
14.81162819328748	0.01214976329233352
14.8445357723406	0.01256495914271137
14.87744335139372	0.01299544912078951
14.91035093044685	0.01344710108137284
14.94325850949997	0.01391206577252324
14.97616608855309	0.01439115556039581
15.00907366760622	0.01488906217596475
15.04198124665934	0.01540652191291639
15.07488882571247	0.01594361600149527
15.10779640476559	0.01650458887124283
15.14070398381871	0.01708402082883809
15.17361156287184	0.01768513901221924
15.20651914192496	0.01831051308458899
15.23942672097808	0.0189589697391641
15.27233430003121	0.01963421846652898
15.30524187908433	0.02034166052603886
15.33814945813745	0.02107245570755607
15.37105703719058	0.0218321837211007
15.4039646162437	0.02262269108165067
15.43687219529682	0.02344417592491889
15.46977977434995	0.02430014945147438
15.50268735340307	0.02519657479061038
15.53559493245619	0.02612512178790867
15.56850251150932	0.02709205395774786
15.60141009056244	0.02809836101263677
15.63431766961556	0.02914702943562298
15.66722524866869	0.03023839488658591
15.70013282772181	0.03137663610085945
15.73304040677493	0.0325662040900045
15.76594798582806	0.03380267119085488
15.79885556488118	0.03509085060270532
15.8317631439343	0.03643405102696071
15.86467072298743	0.0378345504579129
15.89757830204055	0.03929354177860656
15.93048588109368	0.04082146521045565
15.9633934601468	0.04241031402742325
15.99630103919992	0.04406726242852557
16.02920861825305	0.04579494467191871
16.06211619730617	0.04759730491202474
16.09502377635929	0.04947741165874709
16.12793135541242	0.0514372713179293
16.16083893446554	0.05348882539212826
16.19374651351866	0.05562405685347569
16.22665409257179	0.05785169760027579
16.25956167162491	0.06017471951330516
16.29246925067804	0.06259880080626755
16.32537682973116	0.06512767222763863
16.35828440878428	0.06776483039663617
16.39119198783741	0.07052037248080166
16.42409956689053	0.07339169821138394
16.45700714594365	0.07638679042767069
16.48991472499678	0.07950456827251459
16.5228223040499	0.08276920099198624
16.55572988310302	0.08616828326636478
16.58863746215615	0.08971174006098458
16.62154504120927	0.09341437485505984
16.65445262026239	0.09727078174779284
16.68736019931552	0.1012916603525844
16.72026777836864	0.1054840634668463
16.75317535742176	0.1098548793836464
16.78608293647489	0.1144121719556444
16.81899051552801	0.1191620055428235
16.85189809458113	0.1241173792386447
16.88480567363426	0.1292790349176132
16.91771325268738	0.1346575130491721
16.9506208317405	0.1402618872976771
16.98352841079363	0.1461009105580248
17.01643598984675	0.1521841947414638
17.04934356889988	0.1585208081726133
17.082251147953	0.1651211674541475
17.11515872700612	0.1719975580816822
17.14806630605925	0.179155597568227
17.18097388511237	0.1866084838210434
17.21388146416549	0.1943678135615522
17.24678904321862	0.2024443545160134
17.27969662227174	0.2108507361859229
17.31260420132486	0.2195992822008377
17.34551178037799	0.2287033785589619
17.37841935943111	0.2381796645560714
17.41132693848423	0.2480344029862371
17.44423451753736	0.2582848936650237
17.47714209659048	0.2689460751499987
17.5100496756436	0.2800323411195098
17.54295725469673	0.2915603330011414
17.57586483374985	0.3035457798095664
17.60877241280297	0.3160050488196917
17.6416799918561	0.3289599935082417
17.67458757090922	0.3424197776202684
17.70749514996234	0.3564077537486646
17.74040272901547	0.3709394498045744
17.77331030806859	0.3860369555709691
17.80621788712171	0.4017203206493988
17.83912546617484	0.4180100002014142
17.87203304522796	0.4349278646040245
17.90494062428109	0.4524992974440672
17.93784820333421	0.470739089185154
17.97075578238733	0.4896761744706238
18.00366336144046	0.5093338329836864
18.03657094049358	0.5297461879128206
18.0694785195467	0.5509132770258061
18.10238609859983	0.5728879589877534
18.13529367765295	0.5956895695179044
18.16820125670607	0.6193521068203774
18.2011088357592	0.6438943781185809
18.23401641481232	0.669351616744174
18.26692399386544	0.6957559474901764
18.29983157291857	0.7231396653273015
18.33273915197169	0.7515361557808022
18.36564673102481	0.7809805576521911
18.39855431007794	0.8115091973566699
18.43146188913106	0.8431577048076142
18.46436946818418	0.8759724288003061
18.49727704723731	0.9099792110633692
18.53018462629043	0.9452235550274111
18.56309220534355	0.9817507398492247
18.59599978439668	1.019602748719757
18.6289073634498	1.058823840141943
18.66181494250293	1.099460413176268
18.69472252155605	1.14156248780043
18.72763010060917	1.185176147501427
18.7605376796623	1.230358772137718
18.79344525871542	1.277154797071947
18.82635283776854	1.325622167708513
18.85926041682167	1.375816442184693
18.89216799587479	1.427797234427964
18.92507557492791	1.481624323189307
18.95798315398104	1.537360099733614
18.99089073303416	1.595067365682516
19.02379831208728	1.654813239538095
19.05670589114041	1.716665346089874
19.08961347019353	1.78070184588614
19.12252104924665	1.846982488660931
19.15542862829978	1.915586638446469
19.1883362073529	1.986596289532905
19.22124378640602	2.060089651206932
19.25415136545915	2.136149305915616
19.28705894451227	2.214862098080723
19.31996652356539	2.296315707085875
19.35287410261852	2.380602238251104
19.38578168167164	2.467822975038349
19.41868926072476	2.558062884808552
19.45159683977789	2.651428585164274
19.48450441883101	2.748026118353918
19.51741199788414	2.84795928555059
19.55031957693726	2.951343272366977
19.58322715599038	3.058291458171288
19.61613473504351	3.168922043027985
19.64904231409663	3.283358858724591
19.68194989314975	3.401729201387827
19.71485747220288	3.524166832557124
19.747765051256	3.650801786505613
19.78067263030912	3.781774372147693
19.81358020936225	3.917230761009382
19.84648778841537	4.057318773702828
19.87939536746849	4.202195020295306
19.91230294652162	4.352017841124816
19.94521052557474	4.506951339625564
19.97811810462786	4.667166335042245
20.01102568368099	4.832839914984256
20.04393326273411	5.004158398738812
20.07684084178723	5.181297242327732
20.10974842084036	5.364457275650907
20.14265599989348	5.553838421123825
20.1755635789466	5.749646852095867
20.20847115799973	5.952096042969862
20.24137873705285	6.161410214934797
20.27428631610598	6.377816435118917
20.3071938951591	6.601552332343882
20.34010147421222	6.832857892387779
20.37300905326535	7.071988467049036
20.40591663231847	7.319210946351485
20.43882421137159	7.574780120874899
20.47173179042472	7.838981166012386
20.50463936947784	8.112102638139985
20.53754694853096	8.394443341853327
20.57045452758409	8.686302599966854
20.60336210663721	8.988005338397599
20.63626968569033	9.299874342348426
20.66917726474346	9.622250655576424
20.70208484379658	9.955483089713486
20.7349924228497	10.29993124606863
20.76790000190283	10.65598133459074
20.80080758095595	11.02400510644064
20.83371516000907	11.40440504789678
20.8666227390622	11.79763236241271
20.89953031811532	12.20404394674865
20.93243789716844	12.62411042450646
20.96534547622157	13.05828610378499
20.99825305527469	13.50704297381217
21.03116063432782	13.97086579323159
21.06406821338094	14.45026238958315
21.09697579243406	14.94574303073099
21.12988337148719	15.45787852591545
21.16279095054031	15.98716605035346
21.19569852959343	16.53420635274714
21.22860610864656	17.09958610866063
21.26151368769968	17.68391970151707
21.2944212667528	18.28783863261445
21.32732884580593	18.91199635184585
21.36023642485905	19.55707084934875
21.39314400391217	20.22375458181414
21.4260515829653	20.91281197131531
21.45895916201842	21.62491258557673
21.49186674107154	22.36085915929611
21.52477432012467	23.12145692354543
21.55768189917779	23.90751102450558
21.59058947823091	24.71987954446507
21.62349705728404	25.55944027009635
21.65640463633716	26.4271006387907
21.68931221539028	27.32383959104534
21.72221979444341	28.2505509706278
21.75512737349653	29.20826939856303
21.78803495254965	30.19803196900171
21.82094253160278	31.2209064357204
21.8538501106559	32.27799642995718
21.88675768970903	33.37044792734882
21.91966526876215	34.4994455657292
21.95257284781527	35.66620379804729
21.9854804268684	36.87200380881721
22.01838800592152	38.11810747296698
22.05129558497464	39.40588227669492
22.08420316402777	40.73671716914378
22.11711074308089	42.11205190046707
22.15001832213401	43.53337267095655
22.18292590118714	45.00191033137555
22.21583348024026	46.51986714833117
22.24874105929338	48.08857970960358
22.28164863834651	49.70977473715277
22.31455621739963	51.3851366004281
22.34746379645275	53.11651645951765
22.38037137550588	54.90576931667473
22.413278954559	56.75483692178381
22.44618653361212	58.6657145236612
22.47909411266525	60.64028220428308
22.51200169171837	62.6810359769515
22.54490927077149	64.79003528232255
22.57781684982462	66.96953090703751
22.61072442887774	69.22192467401148
22.64363200793087	71.5495688446062
22.67653958698399	73.95501784759858
22.70944716603711	76.44086980666189
22.74235474509024	79.00980812750414
22.77526232414336	81.6643161113862
22.80816990319648	84.40785443659585
22.84107748224961	87.24312427102419
22.87398506130273	90.17314876157566
22.90689264035585	93.20112792010153
22.93980021940898	96.33029063993084
22.9727077984621	99.56404004711641
23.00561537751522	102.9058678661953
23.03852295656835	106.3593870384227
23.07143053562147	109.9280208847967
23.10433811467459	113.6162348487764
23.13724569372772	117.4277542112905
23.17015327278084	121.3666543781072
23.20306085183396	125.4372129166933
23.23596843088709	129.643851500407
23.26887600994021	133.9910510842117
23.30178358899333	138.4835390154599
23.33469116804646	143.1261734097687
23.36759874709958	147.9239673805123
23.4005063261527	152.8819148869559
23.43341390520583	158.0057559191937
23.46632148425895	163.3008823179848
23.49922906331208	168.772961130734
23.5321366423652	174.4279272468328
23.56504422141832	180.2719259161387
23.59795180047145	186.3112027489213
23.63085937952457	192.5523151085876
23.66376695857769	199.0020163543592
23.69667453763082	205.6669427135824
23.72958211668394	212.5549400698717
23.76248969573706	219.6731724703595
23.79539727479019	227.0292820017832
23.82830485384331	234.631239321461
23.86121243289643	242.4872583283839
23.89412001194956	250.6058350589612
23.92702759100268	258.9957629445666
23.9599351700558	267.6660613883723
23.99284274910893	276.6261206040395
24.02575032816205	285.8853056954802
24.05865790721517	295.454259537477
24.0915654862683	305.343044464348
24.12447306532142	315.5623079629197
24.15738064437454	326.123115267388
24.19028822342767	337.036863756233
24.22319580248079	348.3153548411557
24.25610338153392	359.9707837751758
24.28901096058704	372.0157854706326
24.32191853964016	384.4632915739236
24.35482611869329	397.3265892843748
24.38773369774641	410.6199811375028
24.42064127679953	424.3576847108415
24.45354885585266	438.5544910682507
24.48645643490578	453.2257582734677
24.5193640139589	468.3873431214936
24.55227159301203	484.0556343679946
24.58517917206515	500.2475626157404
24.61808675111827	516.9806339323841
24.6509943301714	534.2729794514609
24.68390190922452	552.14318645188
24.71680948827764	570.6102772736359
24.74971706733077	589.694924411364
24.78262464638389	609.4173675595268
24.81553222543701	629.79894033391
24.84843980449014	650.86167107115
24.88134738354326	672.6283248871927
24.91425496259638	695.1224238182718
24.94716254164951	718.3682806672058
24.98007012070263	742.3910200724068
25.01297769975575	767.2166387070615
25.04588527880888	792.8719000609809
25.078792857862	819.3842236372644
25.11170043691513	846.7829617934671
25.14460801596825	875.0973726398336
25.17751559502137	904.3580706224382
25.2104231740745	934.5966628960774
25.24333075312762	965.8458381643419
25.27623833218074	998.1393707164434
25.30914591123387	1031.512163502412
25.34205349028699	1066.000282008932
25.37496106934011	1101.641008133391
25.40786864839324	1138.472899138874
25.44077622744636	1176.535458918562
25.47368380649948	1215.870312399995
25.50659138555261	1256.519747867992
25.53949896460573	1298.527698940132
25.57240654365885	1341.939567455175
25.60531412271198	1386.802272173925
25.6382217017651	1433.164301852015
25.67112928081822	1481.075761765015
25.70403685987135	1530.588440831101
25.73694443892447	1581.755841965817
25.76985201797759	1634.633270058232
25.80275959703072	1689.27757541557
25.83566717608384	1745.748426882337
25.86857475513697	1804.106548890969
25.90148233419009	1864.415014811462
25.93438991324321	1926.739005780611
25.96729749229634	1991.14588121009
26.00020507134946	2057.705251615633
26.03311265040258	2126.489053859217
26.06602022945571	2197.571628892294
26.09892780850883	2271.029802083673
26.13183538756195	2346.942966214097
26.16474296661508	2425.39316720013
26.1976505456682	2506.464862319008
26.23055812472132	2590.246354258603
26.26346570377445	2676.827846560825
26.29637328282757	2766.302910039772
26.32928086188069	2858.768272495519
26.36218844093382	2954.323844299546
26.39509601998694	3053.072911197833
26.42800359904006	3155.122200420188
26.46091117809319	3260.582006176406
26.49381875714631	3369.566308656007
26.52672633619943	3482.192897325357
26.55963391525256	3598.583516363992
26.59254149430568	3718.863668737167
26.6254490733588	3843.163938141885
26.65835665241193	3971.618312830047
26.69126423146505	4104.365668278559
26.72417181051818	4241.549481878023
26.7570793895713	4383.31801630697
26.78998696862442	4529.82449569632
26.82289454767755	4681.227263338892
26.85580212673067	4837.68995425819
26.88870970578379	4999.381680350238
26.92161728483692	5166.477179587535
26.95452486389004	5339.157057722384
26.98743244294316	5517.60758198733
27.02034002199629	5702.022351556726
27.05324760104941	5892.600364644859
27.08615518010253	6089.547511272279
27.11906275915566	6293.076686366222
27.15197033820878	6503.407863923841
27.1848779172619	6720.76836994431
27.21778549631503	6945.393128975744
27.25069307536815	7177.524910366685
27.28360065442127	7417.414602369789
27.3165082334744	7665.321476128861
27.34941581252752	7921.513468050848
27.38232339158064	8186.267480946612
27.41523097063377	8459.869241968265
27.44813854968689	8742.615266327948
27.48104612874002	9034.810748063946
27.51395370779314	9336.771529721658
27.54686128684626	9648.823897986278
27.57976886589939	9971.305141490073
27.61267644495251	10304.56380597747
27.64558402400563	10648.96007238334
27.67849160305876	11004.86616356481
27.71139918211188	11372.66674171689
27.744306761165	11752.75932455809
27.77721434021813	12145.55471348207
27.81012191927125	12551.47745253176
27.84302949832437	12970.96620542557
27.8759370773775	13404.47418718768
27.90884465643062	13852.4703790538
27.94175223548374	14315.43873743723
27.97465981453687	14793.87968387044
28.00756739358999	15288.31022905698
28.04047497264311	15799.2647831926
28.07338255169624	16327.29558921847
28.10629013074936	16872.97333912543
28.13919770980248	17436.88780446267
28.17210528885561	18019.64845001972
28.20501286790873	18621.88512493509
28.23792044696185	19244.24874335565
28.27082802601498	19887.41190066999
28.3037356050681	20552.06939144357
28.33664318412123	21238.94032765564
28.36955076317435	21948.76669414273
28.40245834222747	22682.31566657573
28.4353659212806	23440.38006220177
28.46827350033372	24223.77924406154
28.50118107938684	25033.35981209184
28.53408865843997	25869.99679609527
28.56699623749309	26734.59443305376
28.59990381654621	27628.08717781544
28.63281139559934	28551.4407095096
28.66571897465246	29505.65298549218
28.69862655370558	30491.75532540457
28.73153413275871	31510.81345384434
28.76444171181183	32563.92844235811
28.79734929086495	33652.23925017177
28.83025686991808	34776.92173166778
28.8631644489712	35939.19142583747
28.89607202802432	37140.30451392548
28.92897960707745	38381.55915329183
28.96188718613057	39664.29691889582
28.99479476518369	40989.90412770055
29.02770234423682	42359.81352303197
29.06060992328994	43775.50568448943
29.09351750234307	45238.51069231409
29.12642508139619	46750.40975445543
29.15933266044931	48312.83694317019
29.19224023950244	49927.48085542118
29.22514781855556	51596.08666390336
29.25805539760868	53320.45752043254
29.29096297666181	55102.4576065529
29.32387055571493	56944.01265779913
29.35677813476805	58847.1130145304
29.38968571382118	60813.81553940335
29.4225932928743	62846.24583352199
29.45550087192742	64946.60054340206
29.48840845098055	67117.14976744317
29.52131603003367	69360.23933536315
29.55422360908679	71678.29360169008
29.58713118813992	74073.81790605326
29.62003876719304	76549.40134379901
29.65294634624616	79107.71947234109
29.68585392529929	81751.53731118032
29.71876150435241	84483.71231680449
29.75166908340553	87307.19700208295
29.78457666245866	90225.04377526663
29.81748424151178	93240.40582394807
29.85039182056491	96356.54214089602
29.88329939961803	99576.82062775538
29.91620697867115	102904.7217471155
29.94911455772428	106343.842276852
29.9820221367774	109897.8991984927
30.01492971583052	113570.7337736554
30.04783729488365	117366.3154807107
30.08074487393677	121288.7466135386
30.11365245298989	125342.266522083
30.14656003204302	129531.2562034508
30.17946761109614	133860.2430855142
30.21237519014926	138333.9059659119
30.24528276920239	142957.0795203031
30.27819034825551	147734.7612809914
30.31109792730863	152672.1145141073
30.34400550636176	157774.4754885181
30.37691308541488	163047.3588100367
30.409820664468	168496.4633815277
30.44272824352113	174127.6785666744
30.47563582257425	179947.090549379
30.50854340162737	185960.9889169804
30.5414509806805	192175.873460311
30.57435855973362	198598.4612266183
30.60726613878674	205235.6936421393
30.64017371783987	212094.7442468315
30.67308129689299	219183.0262138407
30.70598887594612	226508.2005124104
30.73889645499924	234078.1842039117
30.77180403405236	241901.1585921413
30.80471161310549	249985.5792398817
30.83761919215861	258340.1834656229
30.87052677121173	266974.0008746677
30.90343435026486	275896.3628540057
30.93634192931798	285116.9126347436
30.9692495083711	294645.6157316745
31.00215708742423	304492.7707112893
31.03506466647735	314669.0203174138
31.06797224553047	325185.3629873002
31.1008798245836	336053.1647009204
31.13378740363672	347284.171367531
31.16669498268984	358890.5213221669
31.19960256174297	370884.7586340201
31.23251014079609	383279.8466064516
31.26541771984921	396089.1817961695
31.29832529890234	409326.6084422503
31.33123287795546	423006.4330481535
31.36414045700858	437143.4415296589
31.39704803606171	451752.9126485665
31.42995561511483	466850.6362224097
31.46286319416796	482452.929801514
31.49577077322108	498576.656191217
31.5286783522742	515239.2418250269
31.56158593132733	532458.6955269949
31.59449351038045	550253.6279641193
31.62740108943357	568643.2717737756
31.6603086684867	587647.502358711
31.69321624753982	607286.8593795284
31.72612382659294	627582.5689441859
31.75903140564607	648556.5664235899
31.79193898469919	670231.5203929183
31.82484656375231	692630.8570526225
31.85775414280544	715778.7854260299
31.89066172185856	739700.3231868669
31.92356930091168	764421.3254248885
31.95647687996481	789968.5099894651
31.98938445901793	816369.4881125002
32.02229203807106	843652.7937822226
32.05519961712418	871847.914587335
32.0881071961773	900985.3236150872
32.12101477523043	931096.5123650881
32.15392235428355	962214.0247933312
32.18682993333667	994371.4924762261
32.2197375123898	1027603.670967586
0
1000	0.5109989461	100000000000000.1
5	0	0	1
5	0	0	0
-0.654933961680612	-1.253982708532144e-08
-0.6220263826274882	-1.044258549248049e-08
-0.5891188035743644	-1.075059773786675e-08
-0.5562112245212406	-1.140668315774441e-08
-0.5233036454681168	-1.211805590982695e-08
-0.490396066414993	-1.280204319007915e-08
-0.4574884873618692	-1.343131201038359e-08
-0.4245809083087454	-1.399817775145558e-08
-0.3916733292556216	-1.450291580199203e-08
-0.3587657502024978	-1.494912197597581e-08
-0.325858171149374	-1.534165896481501e-08
-0.2929505920962502	-1.568569664799842e-08
-0.2600430130431264	-1.598625961949145e-08
-0.2271354339900026	-1.624802368513338e-08
-0.1942278549368788	-1.647523828022934e-08
-0.161320275883755	-1.667171288664326e-08
-0.1284126968306312	-1.684083515841254e-08
-0.09550511777750736	-1.698560357911412e-08
-0.06259753872438356	-1.710866547304281e-08
-0.02968995967125975	-1.721235553338971e-08
0.003217619381864059	-1.729873242208579e-08
0.03612519843498787	-1.736961231970196e-08
0.06903277748811168	-1.742659903134865e-08
0.1019403565412355	-1.747111064510526e-08
0.1348479355943593	-1.750440293865535e-08
0.1677555146474831	-1.752758982051669e-08
0.2006630937006069	-1.754166112237493e-08
0.2335706727537307	-1.754749805629035e-08
0.2664782518068545	-1.754588663100441e-08
0.2993858308599783	-1.753752929446635e-08
0.3322934099131021	-1.747982498885449e-08
0.3652009889662259	-1.745087381780058e-08
0.3981085680193497	-1.741661377690084e-08
0.4310161470724735	-1.737754219537219e-08
0.4639237261255973	-1.733411250951629e-08
0.4968313051787211	-1.72867377332072e-08
0.529738884231845	-1.723579378632391e-08
0.5626464632849688	-1.718162262587231e-08
0.5955540423380926	-1.712453515539927e-08
0.6284616213912164	-1.706481390604986e-08
0.6613692004443402	-1.700295655489333e-08
0.694276779497464	-1.69386771268365e-08
0.7271843585505878	-1.687245168951353e-08
0.7600919376037116	-1.68044760166258e-08
0.7929995166568354	-1.673492758733326e-08
0.8259070957099592	-1.666396710913172e-08
0.858814674763083	-1.65917398934421e-08
0.8917222538162068	-1.65183770963438e-08
0.9246298328693306	-1.644399683577618e-08
0.9575374119224545	-1.636870519546205e-08
0.9904449909755783	-1.629285497518869e-08
1.023352570028702	-1.621599839602347e-08
1.056260149081826	-1.613846074437466e-08
1.08916772813495	-1.606030876940082e-08
1.122075307188074	-1.598160225397695e-08
1.154982886241198	-1.590239462541993e-08
1.187890465294322	-1.582273350622115e-08
1.220798044347446	-1.574266121122015e-08
1.253705623400569	-1.566221519693596e-08
1.286613202453693	-1.558142846813708e-08
1.319520781506817	-1.550021405460167e-08
1.352428360559941	-1.54188442089787e-08
1.385335939613065	-1.533721714969821e-08
1.418243518666189	-1.525534943069512e-08
1.451151097719313	-1.517325456246209e-08
1.484058676772437	-1.509094329865606e-08
1.516966255825561	-1.500842389228924e-08
1.549873834878685	-1.49257023252884e-08
1.582781413931809	-1.484278251471805e-08
1.615688992984933	-1.475966649854463e-08
1.648596572038056	-1.467628563168011e-08
1.68150415109118	-1.459278579430331e-08
1.714411730144304	-1.4509090740618e-08
1.747319309197428	-1.442519531213143e-08
1.780226888250552	-1.434109309973016e-08
1.813134467303676	-1.425677658599577e-08
1.8460420463568	-1.417223727301058e-08
1.878949625409924	-1.408746579768133e-08
1.911857204463048	-1.400245203633173e-08
1.944764783516172	-1.391718520008034e-08
1.977672362569296	-1.383159864907476e-08
2.010579941622419	-1.374579781044041e-08
2.043487520675543	-1.365971228259476e-08
2.076395099728667	-1.357332858121588e-08
2.109302678781791	-1.348663283362976e-08
2.142210257834915	-1.339961086263776e-08
2.175117836888039	-1.331224826357166e-08
2.208025415941163	-1.322453047568042e-08
2.240932994994287	-1.313644284879026e-08
2.273840574047411	-1.304797070604285e-08
2.306748153100535	-1.295912195405353e-08
2.339655732153659	-1.286983532337185e-08
2.372563311206783	-1.278011849110552e-08
2.405470890259906	-1.268995735950293e-08
2.43837846931303	-1.259933820757307e-08
2.471286048366154	-1.250824774629256e-08
2.504193627419278	-1.241667317176813e-08
2.537101206472402	-1.23246022166607e-08
2.570008785525526	-1.223202320011814e-08
2.60291636457865	-1.213892507641288e-08
2.635823943631774	-1.204538200102752e-08
2.668731522684898	-1.195120779018161e-08
2.701639101738022	-1.185647855931096e-08
2.734546680791146	-1.17611868955804e-08
2.76745425984427	-1.166532654675444e-08
2.800361838897393	-1.156889247905745e-08
2.833269417950517	-1.147188094628882e-08
2.866176997003641	-1.137428957349966e-08
2.899084576056765	-1.12761174598539e-08
2.931992155109889	-1.1177365307193e-08
2.964899734163013	-1.107742714608814e-08
2.997807313216137	-1.097754720561083e-08
3.030714892269261	-1.087716111258123e-08
3.063622471322385	-1.077628322913744e-08
3.096530050375509	-1.06749290200047e-08
3.129437629428633	-1.057311505318999e-08
3.162345208481756	-1.047085899776872e-08
3.19525278753488	-1.036817961766987e-08
3.228160366588004	-1.026509675959327e-08
3.261067945641128	-1.016163133166689e-08
3.293975524694252	-1.009150820821343e-08
3.326883103747376	-9.25424062127635e-09
3.3597906828005	-9.82658692405766e-09
3.392698261853624	-9.736821284596564e-09
3.425605840906748	-9.637549180523533e-09
3.458513419959872	-9.535517272041803e-09
3.491420999012996	-9.432118888986844e-09
3.52432857806612	-9.327825881658033e-09
3.557236157119243	-9.222844254941905e-09
3.590143736172367	-9.117280606509283e-09
3.623051315225491	-9.010587653601432e-09
3.655958894278615	-8.904202382539774e-09
3.688866473331739	-8.797355595872855e-09
3.721774052384863	-8.690065129164666e-09
3.754681631437987	-8.582350277811353e-09
3.787589210491111	-8.474231893980195e-09
3.820496789544235	-8.365732443021426e-09
3.853404368597359	-8.256876030688456e-09
3.886311947650483	-8.147688408455326e-09
3.919219526703607	-8.038196961737066e-09
3.95212710575673	-7.928331112767233e-09
3.985034684809854	-7.818322531803749e-09
4.017942263862978	-7.708112916223116e-09
4.050849842916102	-7.597736480255652e-09
4.083757421969225	-7.487228321778169e-09
4.116665001022349	-7.37662417925498e-09
4.149572580075472	-7.265960161910978e-09
4.182480159128596	-7.155272425054308e-09
4.215387738181719	-7.044596762153855e-09
4.248295317234843	-6.933968074391522e-09
4.281202896287966	-6.806662948819181e-09
4.314110475341089	-6.696500060958825e-09
4.347018054394213	-6.588189024636748e-09
4.379925633447336	-6.482053055379472e-09
4.41283321250046	-6.378419759259604e-09
4.445740791553583	-6.277618665642908e-09
4.478648370606707	-6.17997849470351e-09
4.51155594965983	-6.085824265641567e-09
4.544463528712954	-5.995474344779315e-09
4.577371107766077	-5.90923752419445e-09
4.610278686819201	-5.089777363170701e-09
4.643186265872324	-5.461755855323003e-09
4.676093844925448	-5.5319704780023e-09
4.709001423978571	-5.541666337771505e-09
4.741909003031695	-5.530313333506294e-09
4.774816582084818	-5.509951124607269e-09
4.807724161137942	-5.485422233880673e-09
4.840631740191065	-5.45900704677219e-09
4.873539319244188	-5.431891069783783e-09
4.906446898297312	-5.404731489371935e-09
4.939354477350435	-5.3745856083081e-09
4.972262056403559	-5.34933132425541e-09
5.005169635456682	-5.324723700811843e-09
5.038077214509806	-5.300735804774694e-09
5.070984793562929	-5.277345227271674e-09
5.103892372616053	-5.254531656205992e-09
5.136799951669176	-5.232275959923118e-09
5.1697075307223	-5.210559821350067e-09
5.202615109775423	-5.189365588454413e-09
5.235522688828547	-5.168676212790816e-09
5.26843026788167	-5.148740829686549e-09
5.301337846934794	-5.128973350740651e-09
5.334245425987917	-5.10964790056058e-09
5.367153005041041	-5.090754085091791e-09
5.400060584094164	-5.072281955419837e-09
5.432968163147287	-5.054222039271498e-09
5.465875742200411	-5.036565408407141e-09
5.498783321253534	-5.019303907030448e-09
5.531690900306658	-5.002432090541278e-09
5.564598479359781	-4.985911735045337e-09
5.597506058412905	-4.969425271503434e-09
5.630413637466028	-4.953693821552655e-09
5.663321216519152	-4.938357780876976e-09
5.696228795572275	-4.923412176453579e-09
5.729136374625399	-4.908851716284125e-09
5.762043953678522	-4.894670825296165e-09
5.794951532731646	-4.880863679297551e-09
5.827859111784769	-4.867424236995355e-09
5.860766690837893	-4.85434627010304e-09
5.893674269891016	-4.841623391570107e-09
5.92658184894414	-4.829227488192483e-09
5.959489427997263	-4.817197692399063e-09
5.992397007050386	-4.805504689107786e-09
6.02530458610351	-4.794141371634123e-09
6.058212165156633	-4.78310054128576e-09
6.091119744209757	-4.772374936422404e-09
6.12402732326288	-4.761957258790292e-09
6.156934902316004	-4.751840197298832e-09
6.189842481369127	-4.742016449404163e-09
6.222750060422251	-4.732478740260797e-09
6.255657639475374	-4.723232487987248e-09
6.288565218528498	-4.714243730214101e-09
6.321472797581621	-4.705518595133345e-09
6.354380376634745	-4.697050261632811e-09
6.387287955687868	-4.688832032370742e-09
6.420195534740992	-4.680857336499044e-09
6.453103113794115	-4.673119731843668e-09
6.486010692847239	-4.665612906599133e-09
6.518918271900362	-4.658330680600649e-09
6.551825850953485	-4.651267006256205e-09
6.584733430006609	-4.644396653965331e-09
6.617641009059732	-4.637754867633702e-09
6.650548588112856	-4.631315673669463e-09
6.683456167165979	-4.625073245781238e-09
6.716363746219103	-4.619021848093663e-09
6.749271325272226	-4.613155843848044e-09
6.78217890432535	-4.607469702645865e-09
6.815086483378473	-4.601958006384175e-09
6.847994062431597	-4.59661545402033e-09
6.88090164148472	-4.591436865292309e-09
6.913809220537844	-4.58643146255698e-09
6.946716799590967	-4.581564078345483e-09
6.979624378644091	-4.576844824437984e-09
7.012531957697214	-4.572269236022238e-09
7.045439536750338	-4.567833008622862e-09
7.078347115803461	-4.563531991211592e-09
7.111254694856584	-4.559362179672621e-09
7.144162273909708	-4.555319710600825e-09
7.177069852962831	-4.551400855412589e-09
7.209977432015955	-4.547602014750262e-09
7.242885011069078	-4.543905323495929e-09
7.275792590122202	-4.540337879937017e-09
7.308700169175325	-4.536881432772474e-09
7.341607748228449	-4.533532637554123e-09
7.374515327281572	-4.530288220350922e-09
7.407422906334696	-4.527144980064495e-09
7.440330485387819	-4.52409979020468e-09
7.473238064440943	-4.521149600183389e-09
7.506145643494066	-4.518291436180196e-09
7.53905322254719	-4.51552240162843e-09
7.571960801600313	-4.512848251273295e-09
7.604868380653437	-4.510248120184516e-09
7.63777595970656	-4.507728253515998e-09
7.670683538759683	-4.505286183198069e-09
7.703591117812807	-4.502919538807579e-09
7.73649869686593	-4.500626043124106e-09
7.769406275919054	-4.49840350792523e-09
7.802313854972177	-4.496249830004676e-09
7.835221434025301	-4.494162987398562e-09
7.868129013078424	-4.492141035806361e-09
7.901036592131548	-4.490159731497021e-09
7.933944171184671	-4.488264787931212e-09
7.966851750237795	-4.486430905079933e-09
7.999759329290918	-4.484656061176513e-09
8.032666908344043	-4.482938256738713e-09
8.065574487397166	-4.481275522562999e-09
8.098482066450289	-4.479665926188937e-09
8.131389645503413	-4.478107577045565e-09
8.164297224556536	-4.476598630466484e-09
8.19720480360966	-4.47513729073738e-09
8.230112382662783	-4.473728940789755e-09
8.263019961715907	-4.472356817743856e-09
8.29592754076903	-4.471026699007644e-09
8.328835119822154	-4.469737100948484e-09
8.361742698875277	-4.468486611825147e-09
8.394650277928401	-4.467273888769905e-09
8.427557856981524	-4.46609765483515e-09
8.460465436034648	-4.464956696117036e-09
8.493373015087771	-4.463849858966088e-09
8.526280594140895	-4.462776047292786e-09
8.559188173194018	-4.461729634629557e-09
8.592095752247142	-4.460719499041696e-09
8.625003331300265	-4.459739670635867e-09
8.657910910353388	-4.458789178747499e-09
8.690818489406512	-4.457867102051499e-09
8.723726068459635	-4.456972565849619e-09
8.756633647512759	-4.456104739397683e-09
8.789541226565882	-4.455262833328304e-09
8.822448805619006	-4.454446097199509e-09
8.855356384672129	-4.453653817183578e-09
8.888263963725253	-4.452885234982462e-09
8.921171542778376	-4.452139862201224e-09
8.9540791218315	-4.4514170124559e-09
8.986986700884623	-4.45071609837636e-09
9.019894279937747	-4.450036558872851e-09
9.05280185899087	-4.449377857630627e-09
9.085709438043994	-4.448739481721835e-09
9.118617017097117	-4.448120940323118e-09
9.15152459615024	-4.447521763528938e-09
9.184432175203364	-4.446941501251569e-09
9.217339754256487	-4.446341963392412e-09
9.250247333309611	-4.445804288713013e-09
9.283154912362734	-4.445286220360009e-09
9.316062491415858	-4.444786654747741e-09
9.348970070468981	-4.444304555279709e-09
9.381877649522105	-4.44383895092615e-09
9.414785228575228	-4.443388933679885e-09
9.447692807628352	-4.442953655398137e-09
9.480600386681475	-4.442532324355852e-09
9.513507965734599	-4.442124201718689e-09
9.546415544787722	-4.441729712488153e-09
9.579323123840846	-4.441345835189146e-09
9.612230702893969	-4.440973162051102e-09
9.645138281947093	-4.44061115022992e-09
9.678045861000216	-4.440259294597669e-09
9.710953440053339	-4.43991712514343e-09
9.743861019106463	-4.439584204746328e-09
9.776768598159586	-4.439260127318077e-09
9.80967617721271	-4.438944516327493e-09
9.842583756265833	-4.438637023739113e-09
9.875491335318957	-4.438329793341757e-09
9.90839891437208	-4.438038029521591e-09
9.941306493425204	-4.437754211189912e-09
9.974214072478327	-4.437478127461554e-09
10.00712165153145	-4.437209577792638e-09
10.04002923058457	-4.43694837148404e-09
10.0729368096377	-4.436694327217447e-09
10.10584438869082	-4.436447272621789e-09
10.13875196774394	-4.436207043867925e-09
10.17165954679707	-4.435973485289721e-09
10.20456712585019	-4.435747214051916e-09
10.23747470490332	-4.43552648988863e-09
10.27038228395644	-4.435311950592697e-09
10.30328986300956	-4.435103476621803e-09
10.33619744206269	-4.434900958118752e-09
10.36910502111581	-4.43470429467448e-09
10.40201260016893	-4.434513395128143e-09
10.43492017922206	-4.434328177403407e-09
10.46782775827518	-4.434148568380665e-09
10.5007353373283	-4.433974503804806e-09
10.53364291638143	-4.433806286501515e-09
10.56655049543455	-4.433643124093299e-09
10.59945807448767	-4.433485334995054e-09
10.6323656535408	-4.433332892430436e-09
10.66527323259392	-4.433185780162697e-09
10.69818081164704	-4.433043992731978e-09
10.73108839070017	-4.432907535756149e-09
10.76399596975329	-4.432776426300051e-09
10.79690354880641	-4.432650693318987e-09
10.82981112785954	-4.432530378183153e-09
10.86271870691266	-4.432414686738933e-09
10.89562628596578	-4.432305447484116e-09
10.92853386501891	-4.432201907178262e-09
10.96144144407203	-4.432104160413247e-09
10.99434902312515	-4.432012314410767e-09
11.02725660217828	-4.431926489847204e-09
11.0601641812314	-4.431846821776006e-09
11.09307176028453	-4.431773460659081e-09
11.12597933933765	-4.431706573520441e-09
11.15888691839077	-4.431646345237108e-09
11.1917944974439	-4.431574311308059e-09
11.22470207649702	-4.431529226468984e-09
11.25760965555014	-4.43149324229234e-09
11.29051723460327	-4.431466583684295e-09
11.32342481365639	-4.431449389720977e-09
11.35633239270951	-4.431441705257374e-09
11.38923997176264	-4.431443474499739e-09
11.42214755081576	-4.431454536951839e-09
11.45505512986888	-4.431474626058024e-09
11.48796270892201	-4.431503370748786e-09
11.52087028797513	-4.431655935306567e-09
11.55377786702825	-4.431680455654915e-09
11.58668544608138	-4.431707433170674e-09
11.6195930251345	-4.431737715235301e-09
11.65250060418762	-4.4317720100016e-09
11.68540818324075	-4.431810960034198e-09
11.71831576229387	-4.431855187006293e-09
11.75122334134699	-4.431905321735098e-09
11.78413092040012	-4.431962026742613e-09
11.81703849945324	-4.43202601527028e-09
11.84994607850637	-4.432161646498908e-09
11.88285365755949	-4.432244301679095e-09
11.91576123661261	-4.43233065199143e-09
11.94866881566574	-4.432419165349771e-09
11.98157639471886	-4.43250668755032e-09
12.01448397377198	-4.432586360718411e-09
12.04739155282511	-4.432641397280404e-09
12.08029913187823	-4.432620369784446e-09
12.11320671093135	-4.432267615644098e-09
12.14611428998448	-4.38805091969937e-09
12.1790218690376	-4.433641072913792e-09
12.21192944809072	-4.43390444852072e-09
12.24483702714385	-4.434189408217628e-09
12.27774460619697	-4.434496536049034e-09
12.31065218525009	-4.434826353451831e-09
12.34355976430322	-4.435179307266192e-09
12.37646734335634	-4.435555757105399e-09
12.40937492240946	-4.435955962229358e-09
12.44228250146259	-4.436380068106474e-09
12.47519008051571	-4.436828092890771e-09
12.50809765956883	-4.437352100476455e-09
12.54100523862196	-4.437842895150612e-09
12.57391281767508	-4.4383523097969e-09
12.6068203967282	-4.438880154189512e-09
12.63972797578133	-4.439426289391211e-09
12.67263555483445	-4.439990623660591e-09
12.70554313388758	-4.44057310894708e-09
12.7384507129407	-4.441173737892966e-09
12.77135829199382	-4.441792541275011e-09
12.80426587104695	-4.442429585829277e-09
12.83717345010007	-4.443082334249165e-09
12.87008102915319	-4.443756470662563e-09
12.90298860820632	-4.444449453703255e-09
12.93589618725944	-4.445161447605936e-09
12.96880376631256	-4.445892637659683e-09
13.00171134536569	-4.446643230026239e-09
13.03461892441881	-4.447413451631432e-09
13.06752650347193	-4.448203550126726e-09
13.10043408252506	-4.449013793918065e-09
13.13334166157818	-4.449844472260041e-09
13.1662492406313	-4.450687454726506e-09
13.19915681968443	-4.451560590151938e-09
13.23206439873755	-4.452455910431248e-09
13.26497197779067	-4.453373749463245e-09
13.2978795568438	-4.454314422083354e-09
13.33078713589692	-4.455278221121346e-09
13.36369471495004	-4.456265414224442e-09
13.39660229400317	-4.457276240436544e-09
13.42950987305629	-4.458310906525331e-09
13.46241745210942	-4.459369583050155e-09
13.49532503116254	-4.460441211520766e-09
13.52823261021566	-4.461548669850342e-09
13.56114018926879	-4.462681526307981e-09
13.59404776832191	-4.463839841629386e-09
13.62695534737503	-4.465023556104064e-09
13.65986292642816	-4.466232464925193e-09
13.69277050548128	-4.467466189187404e-09
13.7256780845344	-4.468724141768095e-09
13.75858566358753	-4.470005487192359e-09
13.79149324264065	-4.471309094422229e-09
13.82440082169377	-4.472566167885669e-09
13.8573084007469	-4.473908158768921e-09
13.89021597980002	-4.475274140120159e-09
13.92312355885314	-4.476663217191172e-09
13.95603113790627	-4.478073951263523e-09
13.98893871695939	-4.479504132438783e-09
14.02184629601251	-4.480950437790349e-09
14.05475387506564	-4.482407902101168e-09
14.08766145411876	-4.483869070452929e-09
14.12056903317188	-4.485322586319158e-09
14.15347661222501	-4.482764651318597e-09
14.18638419127813	-4.484428281603039e-09
14.21929177033125	-4.486215321330379e-09
14.25219934938438	-4.488135162855364e-09
14.2851069284375	-4.49019990959153e-09
14.31801450749063	-4.492424210151364e-09
14.35092208654375	-4.494825404934632e-09
14.38382966559687	-4.497423872465181e-09
14.41673724465	-4.500243545976964e-09
14.44964482370312	-4.503312609762321e-09
14.48255240275624	-4.505723836683106e-09
14.51545998180937	-4.50942897046725e-09
14.54836756086249	-4.513594790906051e-09
14.58127513991561	-4.518292177890748e-09
14.61418271896874	-4.523604683806685e-09
14.64709029802186	-4.529630896673863e-09
14.67999787707498	-4.536487147609019e-09
14.71290545612811	-4.544310516142079e-09
14.74581303518123	-4.553261990431684e-09
14.77872061423435	-4.563529464814992e-09
14.81162819328748	-4.583943262860483e-09
14.8445357723406	-4.597702953696449e-09
14.87744335139372	-4.612537801870788e-09
14.91035093044685	-4.628467696735745e-09
14.94325850949997	-4.645511559374367e-09
14.97616608855309	-4.663687228651652e-09
15.00907366760622	-4.683011343143291e-09
15.04198124665934	-4.703499219352143e-09
15.07488882571247	-4.725164726710735e-09
15.10779640476559	-4.748020159961049e-09
15.14070398381871	-4.772242656437134e-09
15.17361156287184	-4.797495084322086e-09
15.20651914192496	-4.823948672750877e-09
15.23942672097808	-4.851609069310701e-09
15.27233430003121	-4.880480550171775e-09
15.30524187908433	-4.910565939022672e-09
15.33814945813745	-4.941866526067238e-09
15.37105703719058	-4.974381987618074e-09
15.4039646162437	-5.00811030687027e-09
15.43687219529682	-5.043047696486203e-09
15.46977977434995	-5.079317103536484e-09
15.50268735340307	-5.116643000427457e-09
15.53559493245619	-5.155144093216739e-09
15.56850251150932	-5.19480978309855e-09
15.60141009056244	-5.235627974937406e-09
15.63431766961556	-5.277585034529737e-09
15.66722524866869	-5.320665749299042e-09
15.70013282772181	-5.364853292911858e-09
15.73304040677493	-5.410129194305172e-09
15.76594798582806	-5.456473311613702e-09
15.79885556488118	-5.503962621524842e-09
15.8317631439343	-5.55236695500365e-09
15.86467072298743	-5.601760567814292e-09
15.89757830204055	-5.652117420436011e-09
15.93048588109368	-5.703410189654023e-09
15.9633934601468	-5.755610270603831e-09
15.99630103919992	-5.808687784069784e-09
16.02920861825305	-5.86261158924177e-09
16.06211619730617	-5.917349302103737e-09
16.09502377635929	-5.972867319594569e-09
16.12793135541242	-6.029198355435703e-09
16.16083893446554	-6.086164842224443e-09
16.19374651351866	-6.143798342433511e-09
16.22665409257179	-6.202061482581039e-09
16.25956167162491	-6.26091614279998e-09
16.29246925067804	-6.320323499145083e-09
16.32537682973116	-6.380244070467295e-09
16.35828440878428	-6.440637769706297e-09
16.39119198783741	-6.501463959420186e-09
16.42409956689053	-6.562681511340423e-09
16.45700714594365	-6.624294857998248e-09
16.48991472499678	-6.686165305522465e-09
16.5228223040499	-6.748297811057057e-09
16.55572988310302	-6.810650525614267e-09
16.58863746215615	-6.873181616521385e-09
16.62154504120927	-6.93584932785105e-09
16.65445262026239	-6.998612042630535e-09
16.68736019931552	-7.061428346488349e-09
16.72026777836864	-7.124257092388986e-09
16.75317535742176	-7.187057466101505e-09
16.78608293647489	-7.24982277881928e-09
16.81899051552801	-7.312441888080916e-09
16.85189809458113	-7.374910269776094e-09
16.88480567363426	-7.437189565943772e-09
16.91771325268738	-7.499242177157094e-09
16.9506208317405	-7.561031309159352e-09
16.98352841079363	-7.622521018482678e-09
17.01643598984675	-7.683676256763239e-09
17.04934356889988	-7.744462913483487e-09
17.082251147953	-7.804847856889491e-09
17.11515872700612	-7.864826499591813e-09
17.14806630605925	-7.924309488530863e-09
17.18097388511237	-7.983295604889914e-09
17.21388146416549	-8.041756415886937e-09
17.24678904321862	-8.099664703463075e-09
17.27969662227174	-8.156994475234824e-09
17.31260420132486	-8.213720973631656e-09
17.34551178037799	-8.269820683085835e-09
17.37841935943111	-8.32527133516507e-09
17.41132693848423	-8.380051911561352e-09
17.44423451753736	-8.434167576311289e-09
17.47714209659048	-8.487546805217719e-09
17.5100496756436	-8.540198671757567e-09
17.54295725469673	-8.592107559282201e-09
17.57586483374985	-8.643259124521132e-09
17.60877241280297	-8.69364027263524e-09
17.6416799918561	-8.743239131909625e-09
17.67458757090922	-8.792045027971744e-09
17.70749514996234	-8.840048457449696e-09
17.74040272901547	-8.887241061011156e-09
17.77331030806859	-8.933642080756443e-09
17.80621788712171	-8.97918868402717e-09
17.83912546617484	-9.023904309044045e-09
17.87203304522796	-9.067785383612791e-09
17.90494062428109	-9.11082934603561e-09
17.93784820333421	-9.153034600333391e-09
17.97075578238733	-9.194400473836552e-09
18.00366336144046	-9.234927176711555e-09
18.03657094049358	-9.274615763080046e-09
18.0694785195467	-9.313468093460466e-09
18.10238609859983	-9.351551004712612e-09
18.13529367765295	-9.388725562563527e-09
18.16820125670607	-9.425072901439428e-09
18.2011088357592	-9.46059881316865e-09
18.23401641481232	-9.495309460449285e-09
18.26692399386544	-9.529211416305485e-09
18.29983157291857	-9.562311677659478e-09
18.33273915197169	-9.594617664480606e-09
18.36564673102481	-9.626137210533778e-09
18.39855431007794	-9.656878549066353e-09
18.43146188913106	-9.686859314195482e-09
18.46436946818418	-9.71606925732469e-09
18.49727704723731	-9.744527323448023e-09
18.53018462629043	-9.77224329118083e-09
18.56309220534355	-9.799227245467207e-09
18.59599978439668	-9.825489555263403e-09
18.6289073634498	-9.851040851791269e-09
18.66181494250293	-9.875892007452091e-09
18.69472252155605	-9.900054115501648e-09
18.72763010060917	-9.923538470603366e-09
18.7605376796623	-9.94634363726966e-09
18.79344525871542	-9.968507973171798e-09
18.82635283776854	-9.990030643103024e-09
18.85926041682167	-1.001092354879517e-08
18.89216799587479	-1.003119866040881e-08
18.92507557492791	-1.005086799941132e-08
18.95798315398104	-1.006994362212851e-08
18.99089073303416	-1.008843760397479e-08
19.02379831208728	-1.010636202436374e-08
19.05670589114041	-1.012372895229949e-08
19.08961347019353	-1.014054366538007e-08
19.12252104924665	-1.015683246690838e-08
19.15542862829978	-1.01726002965083e-08
19.1883362073529	-1.018785895535014e-08
19.22124378640602	-1.020262015333104e-08
19.25415136545915	-1.021689550180271e-08
19.28705894451227	-1.02306965067152e-08
19.31996652356539	-1.024403456216863e-08
19.35287410261852	-1.025692094436501e-08
19.38578168167164	-1.0269366805951e-08
19.41868926072476	-1.028138352944443e-08
19.45159683977789	-1.029298062401338e-08
19.48450441883101	-1.030417044847473e-08
19.51741199788414	-1.031496320276686e-08
19.55031957693726	-1.032536925779533e-08
19.58322715599038	-1.033539888349032e-08
19.61613473504351	-1.034506221048265e-08
19.64904231409663	-1.035436921906784e-08
19.68194989314975	-1.036332973420999e-08
19.71485747220288	-1.037195342247459e-08
19.747765051256	-1.038025373954515e-08
19.78067263030912	-1.038823168711418e-08
19.81358020936225	-1.039590053995002e-08
19.84648778841537	-1.040326936643534e-08
19.87939536746849	-1.041034707963564e-08
19.91230294652162	-1.041714243507582e-08
19.94521052557474	-1.042366402887708e-08
19.97811810462786	-1.042992029624442e-08
20.01102568368099	-1.043591951029659e-08
20.04393326273411	-1.044166978123012e-08
20.07684084178723	-1.044717591983914e-08
20.10974842084036	-1.045245226436504e-08
20.14265599989348	-1.045750327812499e-08
20.1755635789466	-1.046233639090103e-08
20.20847115799973	-1.046695885771993e-08
20.24137873705285	-1.047137775985365e-08
20.27428631610598	-1.047560000601947e-08
20.3071938951591	-1.047963233377516e-08
20.34010147421222	-1.048348131110929e-08
20.37300905326535	-1.04871533382341e-08
20.40591663231847	-1.049067189350974e-08
20.43882421137159	-1.049400778105099e-08
20.47173179042472	-1.04971832963535e-08
20.50463936947784	-1.050020405885458e-08
20.53754694853096	-1.050307554678199e-08
20.57045452758409	-1.050580309686054e-08
20.60336210663721	-1.050839190332531e-08
20.63626968569033	-1.051084701545172e-08
20.66917726474346	-1.051317333182603e-08
20.70208484379658	-1.051537558692906e-08
20.7349924228497	-1.051758435631319e-08
20.76790000190283	-1.051956721553345e-08
20.80080758095595	-1.052143638483149e-08
20.83371516000907	-1.052319604219781e-08
20.8666227390622	-1.052485031614335e-08
20.89953031811532	-1.052640327647286e-08
20.93243789716844	-1.052785892596951e-08
20.96534547622157	-1.052922119295942e-08
20.99825305527469	-1.053049392472196e-08
21.03116063432782	-1.053168088170872e-08
21.06406821338094	-1.053278713365928e-08
21.09697579243406	-1.053381327612955e-08
21.12988337148719	-1.0534764261027e-08
21.16279095054031	-1.053564348002588e-08
21.19569852959343	-1.053645422172695e-08
21.22860610864656	-1.053719966942923e-08
21.26151368769968	-1.053788289958658e-08
21.2944212667528	-1.053850688088606e-08
21.32732884580593	-1.0539074473887e-08
21.36023642485905	-1.053958843116375e-08
21.39314400391217	-1.054005008804773e-08
21.4260515829653	-1.054046471528643e-08
21.45895916201842	-1.054083343435488e-08
21.49186674107154	-1.054115856799133e-08
21.52477432012467	-1.054144233302981e-08
21.55768189917779	-1.05416868419185e-08
21.59058947823091	-1.054189410417457e-08
21.62349705728404	-1.054206602770109e-08
21.65640463633716	-1.054220441987662e-08
21.68931221539028	-1.054231098830642e-08
21.72221979444341	-1.054238421848305e-08
21.75512737349653	-1.054243173693234e-08
21.78803495254965	-1.054245231692322e-08
21.82094253160278	-1.054244738316263e-08
21.8538501106559	-1.054241827071873e-08
21.88675768970903	-1.054236622050414e-08
21.91966526876215	-1.054229237039333e-08
21.95257284781527	-1.054219773842886e-08
21.9854804268684	-1.054208319093402e-08
22.01838800592152	-1.054194937986259e-08
22.05129558497464	-1.054155207733477e-08
22.08420316402777	-1.054139982097192e-08
22.11711074308089	-1.054123396647013e-08
22.15001832213401	-1.054105575180293e-08
22.18292590118714	-1.054086619237376e-08
22.21583348024026	-1.054066617023257e-08
22.24874105929338	-1.054045647591987e-08
22.28164863834651	-1.054023783049536e-08
22.31455621739963	-1.05400108983682e-08
22.34746379645275	-1.053977629548459e-08
22.38037137550588	-1.053952329541222e-08
22.413278954559	-1.053927684601052e-08
22.44618653361212	-1.053902489977507e-08
22.47909411266525	-1.053876771571258e-08
22.51200169171837	-1.053850553763946e-08
22.54490927077149	-1.053823859463659e-08
22.57781684982462	-1.053796710155077e-08
22.61072442887774	-1.053769125952815e-08
22.64363200793087	-1.053741125656792e-08
22.67653958698399	-1.053712726808644e-08
22.70944716603711	-1.053684585374941e-08
22.74235474509024	-1.053655338584349e-08
22.77526232414336	-1.05362570465556e-08
22.80816990319648	-1.053595708152645e-08
22.84107748224961	-1.053565372123652e-08
22.87398506130273	-1.053534718187795e-08
22.90689264035585	-1.053503766619315e-08
22.93980021940898	-1.053472536427612e-08
22.9727077984621	-1.053441045433437e-08
23.00561537751522	-1.053409310341148e-08
23.03852295656835	-1.05337734510276e-08
23.07143053562147	-1.053345167994185e-08
23.10433811467459	-1.053312790992667e-08
23.13724569372772	-1.053280226958946e-08
23.17015327278084	-1.053247487937899e-08
23.20306085183396	-1.053214585209788e-08
23.23596843088709	-1.053181529338389e-08
23.26887600994021	-1.053148330216148e-08
23.30178358899333	-1.053114997106558e-08
23.33469116804646	-1.053081538683905e-08
23.36759874709958	-1.05304796324747e-08
23.4005063261527	-1.053014278030372e-08
23.43341390520583	-1.052980490335189e-08
23.46632148425895	-1.052946606831361e-08
23.49922906331208	-1.052912633764086e-08
23.5321366423652	-1.052878576981274e-08
23.56504422141832	-1.052844441958802e-08
23.59795180047145	-1.052810233824175e-08
23.63085937952457	-1.052775957378695e-08
23.66376695857769	-1.052741617118213e-08
23.69667453763082	-1.052707217168746e-08
23.72958211668394	-1.052672761647508e-08
23.76248969573706	-1.052638254161706e-08
23.79539727479019	-1.052603698167197e-08
23.82830485384331	-1.052569096899689e-08
23.86121243289643	-1.052534453388753e-08
23.89412001194956	-1.052499770470945e-08
23.92702759100268	-1.052465050802102e-08
23.9599351700558	-1.052430296868857e-08
23.99284274910893	-1.052395510999411e-08
24.02575032816205	-1.052360695337937e-08
24.05865790721517	-1.052325851999947e-08
24.0915654862683	-1.052290982860566e-08
24.12447306532142	-1.052256089708669e-08
24.15738064437454	-1.052221174218983e-08
24.19028822342767	-1.052186237959348e-08
24.22319580248079	-1.052151282397514e-08
24.25610338153392	-1.052116308907518e-08
24.28901096058704	-1.052081318775643e-08
24.32191853964016	-1.052046313205998e-08
24.35482611869329	-1.05201129336121e-08
24.38773369774641	-1.051976260222293e-08
24.42064127679953	-1.051941214812541e-08
24.45354885585266	-1.051906158056736e-08
24.48645643490578	-1.051871090820652e-08
24.5193640139589	-1.051836013914812e-08
24.55227159301203	-1.051800928098009e-08
24.58517917206515	-1.051765834080612e-08
24.61808675111827	-1.05173073252764e-08
24.6509943301714	-1.051695624061656e-08
24.68390190922452	-1.051660509326241e-08
24.71680948827764	-1.051625388739901e-08
24.74971706733077	-1.051590262874634e-08
24.78262464638389	-1.051555132209131e-08
24.81553222543701	-1.051519997191792e-08
24.84843980449014	-1.051484858242664e-08
24.88134738354326	-1.051449715755267e-08
24.91425496259638	-1.051414570098289e-08
24.94716254164951	-1.051379421617183e-08
24.98007012070263	-1.051344270635663e-08
25.01297769975575	-1.051309117358818e-08
25.04588527880888	-1.051273962276425e-08
25.078792857862	-1.051238805556093e-08
25.11170043691513	-1.051203647446782e-08
25.14460801596825	-1.051168488181447e-08
25.17751559502137	-1.051133327978036e-08
25.2104231740745	-1.05109816704044e-08
25.24333075312762	-1.051063005559373e-08
25.27623833218074	-1.051027843713202e-08
25.30914591123387	-1.050992681668713e-08
25.34205349028699	-1.05095751964764e-08
25.37496106934011	-1.050922357658273e-08
25.40786864839324	-1.050887195902986e-08
25.44077622744636	-1.050852034509651e-08
25.47368380649948	-1.050816873598041e-08
25.50659138555261	-1.050781713280347e-08
25.53949896460573	-1.050746553661665e-08
25.57240654365885	-1.050711394840451e-08
25.60531412271198	-1.050676236908953e-08
25.6382217017651	-1.05064107995361e-08
25.67112928081822	-1.050605924058415e-08
25.70403685987135	-1.050570769293016e-08
25.73694443892447	-1.050535615731586e-08
25.76985201797759	-1.050500463440854e-08
25.80275959703072	-1.050465312483404e-08
25.83566717608384	-1.05043016291793e-08
25.86857475513697	-1.0503950147995e-08
25.90148233419009	-1.050359868179786e-08
25.93438991324321	-1.050324723107288e-08
25.96729749229634	-1.050289579627535e-08
26.00020507134946	-1.05025443775468e-08
26.03311265040258	-1.050219297588682e-08
26.06602022945571	-1.05018415913849e-08
26.09892780850883	-1.050149022439318e-08
26.13183538756195	-1.050113887524143e-08
26.16474296661508	-1.050078754423846e-08
26.1976505456682	-1.050043623167338e-08
26.23055812472132	-1.050008493781687e-08
26.26346570377445	-1.049973366292232e-08
26.29637328282757	-1.049938240722689e-08
26.32928086188069	-1.049903117081406e-08
26.36218844093382	-1.049867995418091e-08
26.39509601998694	-1.049832875738258e-08
26.42800359904006	-1.049797758059963e-08
26.46091117809319	-1.049762642400021e-08
26.49381875714631	-1.049727528774086e-08
26.52672633619943	-1.049692417196719e-08
26.55963391525256	-1.049657307681445e-08
26.59254149430568	-1.049622200240813e-08
26.6254490733588	-1.049587094886464e-08
26.65835665241193	-1.049551991653798e-08
26.69126423146505	-1.049516890501302e-08
26.72417181051818	-1.049481791462928e-08
26.7570793895713	-1.049446694547356e-08
26.78998696862442	-1.049411599762688e-08
26.82289454767755	-1.049376507116481e-08
26.85580212673067	-1.049341416615785e-08
26.88870970578379	-1.049306328267178e-08
26.92161728483692	-1.049271242076793e-08
26.95452486389004	-1.049236158050343e-08
26.98743244294316	-1.049201076200676e-08
27.02034002199629	-1.04916599651704e-08
27.05324760104941	-1.049130919011627e-08
27.08615518010253	-1.049095843688812e-08
27.11906275915566	-1.049060770552712e-08
27.15197033820878	-1.049025699607186e-08
27.1848779172619	-1.048990630855875e-08
27.21778549631503	-1.048955564302205e-08
27.25069307536815	-1.048920499949406e-08
27.28360065442127	-1.04888543780053e-08
27.3165082334744	-1.048850377860841e-08
27.34941581252752	-1.048815320128084e-08
27.38232339158064	-1.048780264607243e-08
27.41523097063377	-1.048745211300794e-08
27.44813854968689	-1.048710160211103e-08
27.48104612874002	-1.048675111340434e-08
27.51395370779314	-1.048640064690958e-08
27.54686128684626	-1.048605020264764e-08
27.57976886589939	-1.048569978063861e-08
27.61267644495251	-1.048534938090196e-08
27.64558402400563	-1.048499900335177e-08
27.67849160305876	-1.048464864822526e-08
27.71139918211188	-1.04842983154348e-08
27.744306761165	-1.048394800499677e-08
27.77721434021813	-1.048359771692674e-08
27.81012191927125	-1.048324745123952e-08
27.84302949832437	-1.048289720794919e-08
27.8759370773775	-1.048254698706913e-08
27.90884465643062	-1.048219678861212e-08
27.94175223548374	-1.048184661259033e-08
27.97465981453687	-1.048149645891785e-08
28.00756739358999	-1.048114632780961e-08
28.04047497264311	-1.048079621917814e-08
28.07338255169624	-1.048044613303272e-08
28.10629013074936	-1.048009606938184e-08
28.13919770980248	-1.047974602823307e-08
28.17210528885561	-1.047939600959334e-08
28.20501286790873	-1.047904601346872e-08
28.23792044696185	-1.047869603986459e-08
28.27082802601498	-1.047834608878561e-08
28.3037356050681	-1.047799616037152e-08
28.33664318412123	-1.047764625434192e-08
28.36955076317435	-1.047729637083604e-08
28.40245834222747	-1.047694650985714e-08
28.4353659212806	-1.047659667140845e-08
28.46827350033372	-1.04762468554932e-08
28.50118107938684	-1.047589706211458e-08
28.53408865843997	-1.047554729127584e-08
28.56699623749309	-1.047519754298019e-08
28.59990381654621	-1.047484781723092e-08
28.63281139559934	-1.047449811397207e-08
28.66571897465246	-1.047414843333084e-08
28.69862655370558	-1.047379877525105e-08
28.73153413275871	-1.047344913973557e-08
28.76444171181183	-1.04730995267872e-08
28.79734929086495	-1.047274993640849e-08
28.83025686991808	-1.047240036860186e-08
28.8631644489712	-1.047205082336956e-08
28.89607202802432	-1.047170130071366e-08
28.92897960707745	-1.047135180063614e-08
28.96188718613057	-1.047100232328567e-08
28.99479476518369	-1.047065286835688e-08
29.02770234423682	-1.047030343599912e-08
29.06060992328994	-1.046995402621519e-08
29.09351750234307	-1.046960463900834e-08
29.12642508139619	-1.046925527438232e-08
29.15933266044931	-1.046890593234137e-08
29.19224023950244	-1.046855661289031e-08
29.22514781855556	-1.046820731603433e-08
29.25805539760868	-1.046785804177922e-08
29.29096297666181	-1.04675087897677e-08
29.32387055571493	-1.046715956076621e-08
29.35677813476805	-1.046681035441645e-08
29.38968571382118	-1.046646117072293e-08
29.4225932928743	-1.046611200968908e-08
29.45550087192742	-1.04657628713173e-08
29.48840845098055	-1.046541375560888e-08
29.52131603003367	-1.04650646625641e-08
29.55422360908679	-1.046471559218223e-08
29.58713118813992	-1.046436654446144e-08
29.62003876719304	-1.046401751972247e-08
29.65294634624616	-1.046366851728527e-08
29.68585392529929	-1.046331953747024e-08
29.71876150435241	-1.04629705802743e-08
29.75166908340553	-1.046262164569479e-08
29.78457666245866	-1.046227273372935e-08
29.81748424151178	-1.0461923844376e-08
29.85039182056491	-1.046157497763313e-08
29.88329939961803	-1.046122613349949e-08
29.91620697867115	-1.046087731197418e-08
29.94911455772428	-1.04605285129826e-08
29.9820221367774	-1.046017973667936e-08
30.01492971583052	-1.04598309829901e-08
30.04783729488365	-1.045948225191466e-08
30.08074487393677	-1.045913354345291e-08
30.11365245298989	-1.045878485760479e-08
30.14656003204302	-1.045843619437022e-08
30.17946761109614	-1.04580875537492e-08
30.21237519014926	-1.045773893574176e-08
30.24528276920239	-1.045739034034796e-08
30.27819034825551	-1.04570417674314e-08
30.31109792730863	-1.045669321727751e-08
30.34400550636176	-1.045634468974919e-08
30.37691308541488	-1.045599618484549e-08
30.409820664468	-1.045564770256489e-08
30.44272824352113	-1.045529924290531e-08
30.47563582257425	-1.045495080586419e-08
30.50854340162737	-1.045460239143837e-08
30.5414509806805	-1.045425399962422e-08
30.57435855973362	-1.045390563041754e-08
30.60726613878674	-1.045355728420013e-08
30.64017371783987	-1.045320896015872e-08
30.67308129689299	-1.045286065867668e-08
30.70598887594612	-1.04525123797512e-08
30.73889645499924	-1.04521641233807e-08
30.77180403405236	-1.045181588956459e-08
30.80471161310549	-1.045146767830346e-08
30.83761919215861	-1.045111948959894e-08
30.87052677121173	-1.045077132345372e-08
30.90343435026486	-1.045042317987161e-08
30.93634192931798	-1.045007505816778e-08
30.9692495083711	-1.044972695978894e-08
31.00215708742423	-1.044937888404899e-08
31.03506466647735	-1.044903083094977e-08
31.06797224553047	-1.044868280049122e-08
31.1008798245836	-1.044833479267126e-08
31.13378740363672	-1.044798680748584e-08
31.16669498268984	-1.044763884492896e-08
31.19960256174297	-1.044729090499265e-08
31.23251014079609	-1.044694298766691e-08
31.26541771984921	-1.044659509434954e-08
31.29832529890234	-1.044624722207758e-08
31.33123287795546	-1.044589937225647e-08
31.36414045700858	-1.044555154488142e-08
31.39704803606171	-1.044520373995138e-08
31.42995561511483	-1.044485595746909e-08
31.46286319416796	-1.04445081974409e-08
31.49577077322108	-1.044416045987671e-08
31.5286783522742	-1.044381274478988e-08
31.56158593132733	-1.044346505219717e-08
31.59449351038045	-1.04431173821186e-08
31.62740108943357	-1.044276973457745e-08
31.6603086684867	-1.04424221096001e-08
31.69321624753982	-1.044207450721598e-08
31.72612382659294	-1.044172692745756e-08
31.75903140564607	-1.044137937036016e-08
31.79193898469919	-1.044103183596199e-08
31.82484656375231	-1.044068432430402e-08
31.85775414280544	-1.044033683542993e-08
31.89066172185856	-1.043998936938602e-08
31.92356930091168	-1.043964192622118e-08
31.95647687996481	-1.043929450598684e-08
31.98938445901793	-1.043894710873684e-08
32.02229203807106	-1.043859973452744e-08
32.05519961712418	-1.043825238341726e-08
32.0881071961773	-1.043790505546713e-08
32.12101477523043	-1.043755775074019e-08
32.15392235428355	-1.043721046930169e-08
32.18682993333667	-1.043686321121903e-08
32.2197375123898	-1.043651597656166e-08
