0
1000	0.5109989461	100000000000000.1
5	0	0	1
5	0	0	0
-0.654933961680612	9.110609430483472e-14
-0.6220263826274882	1.849523538729611e-13
-0.5891188035743644	2.770288503907697e-13
-0.5562112245212406	3.763070083000328e-13
-0.5233036454681168	4.849015594490957e-13
-0.490396066414993	6.035112836729225e-13
-0.4574884873618692	7.323536605150783e-13
-0.4245809083087454	8.71453647347954e-13
-0.3916733292556216	1.020758869946905e-12
-0.3587657502024978	1.180192211624061e-12
-0.325858171149374	1.349677538986157e-12
-0.2929505920962502	1.529152569997042e-12
-0.2600430130431264	1.718575151587596e-12
-0.2271354339900026	1.917926021716638e-12
-0.1942278549368788	2.127209664629374e-12
-0.161320275883755	2.346454139016974e-12
-0.1284126968306312	2.575710374205875e-12
-0.09550511777750736	2.815051217548745e-12
-0.06259753872438356	3.064570395558599e-12
-0.02968995967125975	3.324381481098237e-12
0.003217619381864059	3.594616917450122e-12
0.03612519843498787	3.875427125414126e-12
0.06903277748811168	4.166979704921871e-12
0.1019403565412355	4.469458734050149e-12
0.1348479355943593	4.783064163396564e-12
0.1677555146474831	5.108011301114412e-12
0.2006630937006069	5.444530382610213e-12
0.2335706727537307	5.792866218441348e-12
0.2664782518068545	6.15327791397337e-12
0.2993858308599783	6.526038654655571e-12
0.3322934099131021	6.911141354483752e-12
0.3652009889662259	7.308511039070768e-12
0.3981085680193497	7.71908261762493e-12
0.4310161470724735	8.142881126548633e-12
0.4639237261255973	8.579889474265486e-12
0.4968313051787211	9.030906210390083e-12
0.529738884231845	9.496480959106899e-12
0.5626464632849688	9.976095556701976e-12
0.5955540423380926	1.047065588017973e-11
0.6284616213912164	1.098059856537804e-11
0.6613692004443402	1.150575524020405e-11
0.694276779497464	1.20469965340371e-11
0.7271843585505878	1.260437479542928e-11
0.7600919376037116	1.31787223739526e-11
0.7929995166568354	1.37706647268949e-11
0.8259070957099592	1.437957033692632e-11
0.858814674763083	1.500737226245062e-11
0.8917222538162068	1.56534986727783e-11
0.9246298328693306	1.631897833484597e-11
0.9575374119224545	1.700407752488971e-11
0.9904449909755783	1.770947026987806e-11
1.023352570028702	1.843553996850522e-11
1.056260149081826	1.918310981898005e-11
1.08916772813495	1.995246122844162e-11
1.122075307188074	2.074453051087677e-11
1.154982886241198	2.155941531682114e-11
1.187890465294322	2.239814314301457e-11
1.220798044347446	2.326105199410434e-11
1.253705623400569	2.414951839586802e-11
1.286613202453693	2.506304853039441e-11
1.319520781506817	2.600332142027495e-11
1.352428360559941	2.697083581108857e-11
1.385335939613065	2.796563176715566e-11
1.418243518666189	2.898886793881533e-11
1.451151097719313	3.004191886425806e-11
1.484058676772437	3.112474675263821e-11
1.516966255825561	3.223891896147456e-11
1.549873834878685	3.338390472962647e-11
1.582781413931809	3.456136611035122e-11
1.615688992984933	3.57728820598412e-11
1.648596572038056	3.701807686371169e-11
1.68150415109118	3.829856026819288e-11
1.714411730144304	3.961525142536485e-11
1.747319309197428	4.096784709559804e-11
1.780226888250552	4.235894806232774e-11
1.813134467303676	4.378818509000257e-11
1.8460420463568	4.525750172635104e-11
1.878949625409924	4.676725804221837e-11
1.911857204463048	4.831877900678191e-11
1.944764783516172	4.991321644243129e-11
1.977672362569296	5.155037379083421e-11
2.010579941622419	5.323304965579792e-11
2.043487520675543	5.496048417700568e-11
2.076395099728667	5.673559032238797e-11
2.109302678781791	5.855832833499895e-11
2.142210257834915	6.042982199081581e-11
2.175117836888039	6.235159598524424e-11
2.208025415941163	6.432472648474708e-11
2.240932994994287	6.634935868655824e-11
2.273840574047411	6.84278285190445e-11
2.306748153100535	7.056113067414582e-11
2.339655732153659	7.274986454894397e-11
2.372563311206783	7.499485766163996e-11
2.405470890259906	7.729865580605403e-11
2.43837846931303	7.966143912571357e-11
2.471286048366154	8.208424750489152e-11
2.504193627419278	8.456901719829459e-11
2.537101206472402	8.711617417151623e-11
2.570008785525526	8.972754014606771e-11
2.60291636457865	9.24030096193482e-11
2.635823943631774	9.514517091392813e-11
2.668731522684898	9.795499130563902e-11
2.701639101738022	1.00833330108308e-10
2.734546680791146	1.037802673394708e-10
2.76745425984427	1.067990198078066e-10
2.800361838897393	1.098897415811449e-10
2.833269417950517	1.130531906066009e-10
2.866176997003641	1.162911460280307e-10
2.899084576056765	1.196038147618565e-10
2.931992155109889	1.22993353588832e-10
2.964899734163013	1.264599938442429e-10
2.997807313216137	1.300054097497034e-10
3.030714892269261	1.336303002030566e-10
3.063622471322385	1.373347227633619e-10
3.096530050375509	1.411212570918724e-10
3.129437629428633	1.449903495275829e-10
3.162345208481756	1.489428033946778e-10
3.19525278753488	1.529795350367678e-10
3.228160366588004	1.571007727328606e-10
3.261067945641128	1.613072695245545e-10
3.293975524694252	1.656012998774882e-10
3.326883103747376	1.699827182056131e-10
3.3597906828005	1.74451890396457e-10
3.392698261853624	1.790101221919898e-10
3.425605840906748	1.836577944902488e-10
3.458513419959872	1.883946329734406e-10
3.491420999012996	1.932226358999085e-10
3.52432857806612	1.981414919869282e-10
3.557236157119243	2.031518500161725e-10
3.590143736172367	2.08254236894425e-10
3.623051315225491	2.134485709293863e-10
3.655958894278615	2.18734631275098e-10
3.688866473331739	2.241138104206054e-10
3.721774052384863	2.295863768551068e-10
3.754681631437987	2.351518640083308e-10
3.787589210491111	2.40810543526979e-10
3.820496789544235	2.465622621316145e-10
3.853404368597359	2.524071999752951e-10
3.886311947650483	2.583446252356718e-10
3.919219526703607	2.643743274573155e-10
3.95212710575673	2.704974757072765e-10
3.985034684809854	2.767132302761955e-10
4.017942263862978	2.83021189811628e-10
4.050849842916102	2.894208112253073e-10
4.083757421969225	2.959115379383681e-10
4.116665001022349	3.024939392729327e-10
4.149572580075472	3.091664759963833e-10
4.182480159128596	3.159286036672935e-10
4.215387738181719	3.227807163762053e-10
4.248295317234843	3.297219051131017e-10
4.281202896287966	3.367507608633405e-10
4.314110475341089	3.438191759237359e-10
4.347018054394213	3.510216686382673e-10
4.379925633447336	3.582850612991686e-10
4.41283321250046	3.65670250662723e-10
4.445740791553583	3.73101503924484e-10
4.478648370606707	3.806791694910775e-10
4.51155594965983	3.883099320164856e-10
4.544463528712954	3.960991379823892e-10
4.577371107766077	4.039731205263228e-10
4.610278686819201	4.120015983093897e-10
4.643186265872324	4.164786924570607e-10
4.676093844925448	4.270888411012779e-10
4.709001423978571	4.337188985574607e-10
4.741909003031695	4.442269812653634e-10
4.774816582084818	4.491339189420447e-10
4.807724161137942	4.615076986307263e-10
4.840631740191065	4.657126033976404e-10
4.873539319244188	4.799426840700221e-10
4.906446898297312	4.841736205264336e-10
4.939354477350435	5.000907108542641e-10
4.972262056403559	5.113921142880063e-10
5.005169635456682	5.198131746554979e-10
5.038077214509806	5.324556381682209e-10
5.070984793562929	5.40437388983422e-10
5.103892372616053	5.547444893901665e-10
5.136799951669176	5.623088437822906e-10
5.1697075307223	5.789535599268948e-10
5.202615109775423	5.924389849288573e-10
5.235522688828547	6.026354735637491e-10
5.26843026788167	6.179788962642867e-10
5.301337846934794	6.251016456114106e-10
5.334245425987917	6.449074985930482e-10
5.367153005041041	6.606155116932059e-10
5.400060584094164	6.738618116201272e-10
5.432968163147287	6.908381882905899e-10
5.465875742200411	6.924879164223249e-10
5.498783321253534	7.213463922535109e-10
5.531690900306658	7.396271244746896e-10
5.564598479359781	7.506850951735453e-10
5.597506058412905	7.735686755013925e-10
5.630413637466028	7.930568394913494e-10
5.663321216519152	8.093277419440401e-10
5.696228795572275	8.310672953235584e-10
5.729136374625399	8.517876360538172e-10
5.762043953678522	8.683907608629731e-10
5.794951532731646	8.924369831329336e-10
5.827859111784769	9.152547030608008e-10
5.860766690837893	9.338385345847468e-10
5.893674269891016	9.598806585948859e-10
5.92658184894414	9.847947767829001e-10
5.959489427997263	1.006818899076651e-09
5.992397007050386	1.034381023590067e-09
6.02530458610351	1.061324012567195e-09
6.058212165156633	1.082188707883297e-09
6.091119744209757	1.114409327330331e-09
6.12402732326288	1.144274132769508e-09
6.156934902316004	1.16273846259965e-09
6.189842481369127	1.202298387888441e-09
6.222750060422251	1.235335092595321e-09
6.255657639475374	1.268462881030403e-09
6.288565218528498	1.299631999477787e-09
6.321472797581621	1.335802508813466e-09
6.354380376634745	1.372019323987423e-09
6.387287955687868	1.40037038740787e-09
6.420195534740992	1.444305438062279e-09
6.453103113794115	1.484718805684319e-09
6.486010692847239	1.525599738197767e-09
6.518918271900362	1.562601302872941e-09
6.551825850953485	1.608373480221547e-09
6.584733430006609	1.653594195757145e-09
6.617641009059732	1.699772369493213e-09
6.650548588112856	1.744743395907305e-09
6.683456167165979	1.794679547884096e-09
6.716363746219103	1.845396623513514e-09
6.749271325272226	1.883250039551842e-09
6.78217890432535	1.947570580879034e-09
6.815086483378473	2.004354897605545e-09
6.847994062431597	2.061943430112562e-09
6.88090164148472	2.106936768333922e-09
6.913809220537844	2.178333179715099e-09
6.946716799590967	2.242606116279881e-09
6.979624378644091	2.307969944349716e-09
7.012531957697214	2.375073334220685e-09
7.045439536750338	2.441572555026359e-09
7.078347115803461	2.513991411068208e-09
7.111254694856584	2.587849166283963e-09
7.144162273909708	2.663884827313741e-09
7.177069852962831	2.736597037812738e-09
7.209977432015955	2.820402146599073e-09
7.242885011069078	2.904799423307618e-09
7.275792590122202	2.991298662506297e-09
7.308700169175325	3.069310629164857e-09
7.341607748228449	3.168784655022459e-09
7.374515327281572	3.265151565848519e-09
7.407422906334696	3.363692221202577e-09
7.440330485387819	3.465139021020617e-09
7.473238064440943	3.565701779863457e-09
7.506145643494066	3.675782947066883e-09
7.53905322254719	3.787853956649877e-09
7.571960801600313	3.903174110292701e-09
7.604868380653437	4.021991377421609e-09
7.63777595970656	4.139325337463334e-09
7.670683538759683	4.268636820247811e-09
7.703591117812807	4.400404099919254e-09
7.73649869686593	4.535986353502154e-09
7.769406275919054	4.675703248891712e-09
7.802313854972177	4.814441687640613e-09
7.835221434025301	4.966098757250563e-09
7.868129013078424	5.120895237991171e-09
7.901036592131548	5.280258467221466e-09
7.933944171184671	5.44457523007772e-09
7.966851750237795	5.60980480608441e-09
7.999759329290918	5.787299314014271e-09
8.032666908344043	5.968954434098492e-09
8.065574487397166	6.156155919794556e-09
8.098482066450289	6.349361168869913e-09
8.131389645503413	6.536433832220918e-09
8.164297224556536	6.750463442058098e-09
8.19720480360966	6.965047059777487e-09
8.230112382662783	7.185671606548043e-09
8.263019961715907	7.413220789310117e-09
8.29592754076903	7.648087964687938e-09
8.328835119822154	7.883012006954098e-09
8.361742698875277	8.137615215328482e-09
8.394650277928401	8.397759182116303e-09
8.427557856981524	8.665837372266585e-09
8.460465436034648	8.942520942453955e-09
8.493373015087771	9.228216122873006e-09
8.526280594140895	9.519010439338936e-09
8.559188173194018	9.826027939297957e-09
8.592095752247142	1.014178194669039e-08
8.625003331300265	1.046763066573864e-08
8.657910910353388	1.08041207411568e-08
8.690818489406512	1.115168295710253e-08
8.723726068459635	1.150278687702342e-08
8.756633647512759	1.187805124872222e-08
8.789541226565882	1.226287789546543e-08
8.822448805619006	1.265980090073039e-08
8.855356384672129	1.306968228947232e-08
8.888263963725253	1.349300905078727e-08
8.921171542778376	1.391600687501757e-08
8.9540791218315	1.437740655991816e-08
8.986986700884623	1.484649410555053e-08
9.019894279937747	1.533011102732768e-08
9.05280185899087	1.582942048585639e-08
9.085709438043994	1.634522594176144e-08
9.118617017097117	1.687818635585077e-08
9.15152459615024	1.742287319428047e-08
9.184432175203364	1.799529525337448e-08
9.217339754256487	1.858441850568462e-08
9.250247333309611	1.919275451870087e-08
9.283154912362734	1.982122101981838e-08
9.316062491415858	2.047057633116934e-08
9.348970070468981	2.114172115610736e-08
9.381877649522105	2.182514274989851e-08
9.414785228575228	2.254757286203477e-08
9.447692807628352	2.329015594066691e-08
9.480600386681475	2.405667217227485e-08
9.513507965734599	2.484857874840287e-08
9.546415544787722	2.566692740217995e-08
9.579323123840846	2.651266048622782e-08
9.612230702893969	2.736904228967708e-08
9.645138281947093	2.828407451843849e-08
9.678045861000216	2.922029838460613e-08
9.710953440053339	3.018653883563625e-08
9.743861019106463	3.118456112819149e-08
9.776768598159586	3.221601647934184e-08
9.80967617721271	3.328207366525523e-08
9.842583756265833	3.438391904207259e-08
9.875491335318957	3.551505851492269e-08
9.90839891437208	3.669635924260894e-08
9.941306493425204	3.791367157025122e-08
9.974214072478327	3.917173988932643e-08
10.00712165153145	4.047159996520752e-08
10.04002923058457	4.181528330856362e-08
10.0729368096377	4.320372398366121e-08
10.10584438869082	4.463907620064501e-08
10.13875196774394	4.61085571227026e-08
10.17165954679707	4.765024311440234e-08
10.20456712585019	4.923687324312042e-08
10.23747470490332	5.087589744995623e-08
10.27038228395644	5.257457243779965e-08
10.30328986300956	5.432667153957254e-08
10.33619744206269	5.613780418307512e-08
10.36910502111581	5.801136510465383e-08
10.40201260016893	5.996067361598783e-08
10.43492017922206	6.192954688292096e-08
10.46782775827518	6.400845089142998e-08
10.5007353373283	6.615119240191867e-08
10.53364291638143	6.836817595435751e-08
10.56655049543455	7.064808451141812e-08
10.59945807448767	7.299718699316422e-08
10.6323656535408	7.544992477259963e-08
10.66527323259392	7.79900538145629e-08
10.69818081164704	8.051622308233959e-08
10.73108839070017	8.330814105342936e-08
10.76399596975329	8.613202006847594e-08
10.79690354880641	8.90546152953484e-08
10.82981112785954	9.209467482332418e-08
10.86271870691266	9.520814103155338e-08
10.89562628596578	9.844315264389319e-08
10.92853386501891	1.018400370942216e-07
10.96144144407203	1.053489278668895e-07
10.99434902312515	1.08846649418238e-07
11.02725660217828	1.127250647270014e-07
11.0601641812314	1.166641393183944e-07
11.09307176028453	1.207614468987415e-07
11.12597933933765	1.25010709054834e-07
11.15888691839077	1.294003698718688e-07
11.1917944974439	1.33987509910983e-07
11.22470207649702	1.387835429668908e-07
11.25760965555014	1.437581544681521e-07
11.29051723460327	1.48940868143258e-07
11.32342481365639	1.543064068433622e-07
11.35633239270951	1.598843931862041e-07
11.38923997176264	1.657619898236243e-07
11.42214755081576	1.718623586216348e-07
11.45505512986888	1.782233080628271e-07
11.48796270892201	1.848375349206148e-07
11.52087028797513	1.917261254666526e-07
11.55377786702825	1.98950734395451e-07
11.58668544608138	2.064780188732178e-07
11.6195930251345	2.143384205194503e-07
11.65250060418762	2.225145576766961e-07
11.68540818324075	2.310865032533007e-07
11.71831576229387	2.400268073864648e-07
11.75122334134699	2.493749750675926e-07
11.78413092040012	2.591412662564205e-07
11.81703849945324	2.693062092202095e-07
11.84994607850637	2.79963242108318e-07
11.88285365755949	2.911318566307699e-07
11.91576123661261	3.027901236200271e-07
11.94866881566574	3.149779683472744e-07
11.98157639471886	3.277487326222422e-07
12.01448397377198	3.410181152559968e-07
12.04739155282511	3.549792780234443e-07
12.08029913187823	3.695589696273841e-07
12.11320671093135	3.848329965945795e-07
12.14611428998448	4.008147612489518e-07
12.1790218690376	4.175024690107287e-07
12.21192944809072	4.350175867913215e-07
12.24483702714385	4.533368195117063e-07
12.27774460619697	4.72505652653008e-07
12.31065218525009	4.925699587950056e-07
12.34355976430322	5.135836232059871e-07
12.37646734335634	5.355056391119543e-07
12.40937492240946	5.585484788076021e-07
12.44228250146259	5.826396369007664e-07
12.47519008051571	6.078434033743887e-07
12.50809765956883	6.342467002175538e-07
12.54100523862196	6.61894787521263e-07
12.57391281767508	6.907816992888433e-07
12.6068203967282	7.210606544106268e-07
12.63972797578133	7.527492355411199e-07
12.67263555483445	7.859144125527977e-07
12.70554313388758	8.206248578005003e-07
12.7384507129407	8.569687664156731e-07
12.77135829199382	8.94947365864423e-07
12.80426587104695	9.347265093236262e-07
12.83717345010007	9.76340637226219e-07
12.87008102915319	1.019854788994025e-06
12.90298860820632	1.065409213526384e-06
12.93589618725944	1.113061400671862e-06
12.96880376631256	1.162839522984013e-06
13.00171134536569	1.214949372730539e-06
13.03461892441881	1.269427860786718e-06
13.06752650347193	1.326383893341967e-06
13.10043408252506	1.385928045593241e-06
13.13334166157818	1.448166366986141e-06
13.1662492406313	1.513115268673935e-06
13.19915681968443	1.581151732938948e-06
13.23206439873755	1.65217034725977e-06
13.26497197779067	1.726364804588223e-06
13.2978795568438	1.803862614271535e-06
13.33078713589692	1.884784460834854e-06
13.36369471495004	1.969339227850755e-06
13.39660229400317	2.057527892231254e-06
13.42950987305629	2.149667241966739e-06
13.46241745210942	2.245823180581861e-06
13.49532503116254	2.346168791439178e-06
13.52823261021566	2.450871516724947e-06
13.56114018926879	2.560105128714478e-06
13.59404776832191	2.674086533409026e-06
13.62695534737503	2.792847762543702e-06
13.65986292642816	2.916776485625493e-06
13.69277050548128	3.045972784415533e-06
13.7256780845344	3.180649619623182e-06
13.75858566358753	3.321021308823037e-06
13.79149324264065	3.467271406816964e-06
13.82440082169377	3.619722123678575e-06
13.8573084007469	3.77844440410221e-06
13.89021597980002	3.943839455228375e-06
13.92312355885314	4.116078648538942e-06
13.95603113790627	4.295421085560593e-06
13.98893871695939	4.482132335941673e-06
14.02184629601251	4.676507277994002e-06
14.05475387506564	4.878791625779008e-06
14.08766145411876	5.089215293725103e-06
14.12056903317188	5.308255345338337e-06
14.15347661222501	5.536086375501424e-06
14.18638419127813	5.773061180493957e-06
14.21929177033125	6.019507796984876e-06
14.25219934938438	6.27578764256463e-06
14.2851069284375	6.542238253713635e-06
14.31801450749063	6.819178713399291e-06
14.35092208654375	7.106984902950954e-06
14.38382966559687	7.406145880727433e-06
14.41673724465	7.717002411172201e-06
14.44964482370312	8.039943351595804e-06
14.48255240275624	8.375418791080743e-06
14.51545998180937	8.723876403767549e-06
14.54836756086249	9.085741884048413e-06
14.58127513991561	9.461622565397719e-06
14.61418271896874	9.851610558843592e-06
14.64709029802186	1.025662650604508e-05
14.67999787707498	1.067702983348735e-05
14.71290545612811	1.111335307308117e-05
14.74581303518123	1.15661540180068e-05
14.77872061423435	1.20360214237381e-05
14.81162819328748	1.252351502346912e-05
14.8445357723406	1.302925321858154e-05
14.87744335139372	1.355371229658447e-05
14.91035093044685	1.409777721045567e-05
14.94325850949997	1.466200626449851e-05
14.97616608855309	1.524709305606472e-05
15.00907366760622	1.585377664684572e-05
15.04198124665934	1.648272130532437e-05
15.07488882571247	1.713472745564489e-05
15.10779640476559	1.781053697456162e-05
15.14070398381871	1.851097513825395e-05
15.17361156287184	1.923694808620259e-05
15.20651914192496	1.99892519717473e-05
15.23942672097808	2.076879562493971e-05
15.27233430003121	2.157645902424158e-05
15.30524187908433	2.241322984215395e-05
15.33814945813745	2.328005967011125e-05
15.37105703719058	2.41779467947308e-05
15.4039646162437	2.510805538109684e-05
15.43687219529682	2.607122208089168e-05
15.46977977434995	2.706881464200495e-05
15.50268735340307	2.810185345961884e-05
15.53559493245619	2.917156640715274e-05
15.56850251150932	3.027916998058041e-05
15.60141009056244	3.142593056508854e-05
15.63431766961556	3.261315711666384e-05
15.66722524866869	3.384219772201626e-05
15.70013282772181	3.511464518367094e-05
15.73304040677493	3.64313740439949e-05
15.76594798582806	3.779446209619667e-05
15.79885556488118	3.920526732643611e-05
15.8317631439343	4.066535531038893e-05
15.86467072298743	4.217640281321449e-05
15.89757830204055	4.374041879919232e-05
15.93048588109368	4.535849859419592e-05
15.9633934601468	4.70327280541253e-05
15.99630103919992	4.876503803810829e-05
16.02920861825305	5.055720977836807e-05
16.06211619730617	5.24111785804842e-05
16.09502377635929	5.432771683777703e-05
16.12793135541242	5.63190570594227e-05
16.16083893446554	5.836991268075662e-05
16.19374651351866	6.049320188683822e-05
16.22665409257179	6.268902909466286e-05
16.25956167162491	6.496123312924172e-05
16.29246925067804	6.731093900547559e-05
16.32537682973116	6.975734046833922e-05
16.35828440878428	7.225843192099772e-05
16.39119198783741	7.485804271896184e-05
16.42409956689053	7.754675368126083e-05
16.45700714594365	8.032689634374063e-05
16.48991472499678	8.320211246931267e-05
16.5228223040499	8.617344995838491e-05
16.55572988310302	8.925562777876257e-05
16.58863746215615	9.243283281198479e-05
16.62154504120927	9.571987281247022e-05
16.65445262026239	9.911830407448514e-05
16.68736019931552	0.0001026324978395807
16.72026777836864	0.0001062657915373419
16.75317535742176	0.000110017325759709
16.78608293647489	0.0001139112042940047
16.81899051552801	0.0001179256282289441
16.85189809458113	0.0001220768565989953
16.88480567363426	0.000126367821446118
16.91771325268738	0.0001308047314644634
16.9506208317405	0.0001353911339697011
16.98352841079363	0.0001401274710497682
17.01643598984675	0.0001450372025134165
17.04934356889988	0.0001501033528694082
17.082251147953	0.0001553407579460503
17.11515872700612	0.0001607542136096949
17.14806630605925	0.0001663504604045023
17.18097388511237	0.0001721346651166537
17.21388146416549	0.0001781089252481614
17.24678904321862	0.0001842991371807197
17.27969662227174	0.0001906859336654479
17.31260420132486	0.0001972885532638123
17.34551178037799	0.0002041124052382939
17.37841935943111	0.0002111664233635603
17.41132693848423	0.0002184570541326718
17.44423451753736	0.0002259908005152392
17.47714209659048	0.0002337875808641652
17.5100496756436	0.0002418343583818049
17.54295725469673	0.0002501537817697801
17.57586483374985	0.0002587515950209552
17.60877241280297	0.0002676388494995453
17.6416799918561	0.0002768238802161541
17.67458757090922	0.0002863163633870511
17.70749514996234	0.0002961128915315944
17.74040272901547	0.0003062699515920892
17.77331030806859	0.0003167486242163211
17.80621788712171	0.0003275786534168582
17.83912546617484	0.0003387708600229946
17.87203304522796	0.0003503383365679051
17.90494062428109	0.0003622927737393789
17.93784820333421	0.0003746462449800845
17.97075578238733	0.0003874269696797114
18.00366336144046	0.0004006148568527813
18.03657094049358	0.0004142511319322308
18.0694785195467	0.0004283440699864237
18.10238609859983	0.000442907816189212
18.13529367765295	0.000457959459891276
18.16820125670607	0.0004735143161789877
18.2011088357592	0.0004895880315340152
18.23401641481232	0.000506211290799219
18.26692399386544	0.0005233742915769598
18.29983157291857	0.0005411159615755864
18.33273915197169	0.0005594512080123789
18.36564673102481	0.0005783987640246539
18.39855431007794	0.0005979806027684435
18.43146188913106	0.0006182167845727133
18.46436946818418	0.0006391287276058346
18.49727704723731	0.0006607509542190546
18.53018462629043	0.0006830776424380672
18.56309220534355	0.0007061575206232331
18.59599978439668	0.0007300090186974034
18.6289073634498	0.0007546570736465019
18.66181494250293	0.0007801293731953095
18.69472252155605	0.0008064526159079689
18.72763010060917	0.0008336548755178287
18.7605376796623	0.0008617589190068468
18.79344525871542	0.0008908231347376408
18.82635283776854	0.000920843335424319
18.85926041682167	0.0009518677473328551
18.89216799587479	0.0009839279400709318
18.92507557492791	0.001017060441166902
18.95798315398104	0.001051299616124193
18.99089073303416	0.001086682451836384
19.02379831208728	0.00112324627331097
19.05670589114041	0.001161050998623855
19.08961347019353	0.001200086870569879
19.12252104924665	0.001240439362606751
19.15542862829978	0.001282140404747868
19.1883362073529	0.001325233679073914
19.22124378640602	0.001369767559594542
19.25415136545915	0.001415788871594582
19.28705894451227	0.001463347258784423
19.31996652356539	0.001512493356260989
19.35287410261852	0.001563289879490495
19.38578168167164	0.001615771049945611
19.41868926072476	0.001670009109843388
19.45159683977789	0.001726058955476975
19.48450441883101	0.00178398047011552
19.51741199788414	0.001843837303702722
19.55031957693726	0.001905693278448109
19.58322715599038	0.001969614977909365
19.61613473504351	0.002035670703599718
19.64904231409663	0.002103956595258175
19.68194989314975	0.002174482991619233
19.71485747220288	0.00224738158417294
19.747765051256	0.002322715702219473
19.78067263030912	0.00240056519782371
19.81358020936225	0.002481016024961945
19.84648778841537	0.002564153706761555
19.87939536746849	0.002650068094501995
19.91230294652162	0.002738851348962458
19.94521052557474	0.002830594422108034
19.97811810462786	0.002925419955754124
20.01102568368099	0.003023398498417921
20.04393326273411	0.003124650791899917
20.07684084178723	0.003229285065666102
20.10974842084036	0.003337413305269024
20.14265599989348	0.003449153869797703
20.1755635789466	0.003564626352911614
20.20847115799973	0.003683955359048289
20.24137873705285	0.003807269211069801
20.27428631610598	0.003934624845836295
20.3071938951591	0.004066394851198347
20.34010147421222	0.004202481786503775
20.37300905326535	0.004343114089464251
20.40591663231847	0.004488442714286194
20.43882421137159	0.004638625912598141
20.47173179042472	0.004793824895127024
20.50463936947784	0.004954207145335343
20.53754694853096	0.005119946203214939
20.57045452758409	0.005291219411790159
20.60336210663721	0.005468156563428023
20.63626968569033	0.005651125330218017
20.66917726474346	0.005840138945120259
20.70208484379658	0.006035465867910847
20.7349924228497	0.006237316528691402
20.76790000190283	0.006445907879420459
20.80080758095595	0.006661467106265874
20.83371516000907	0.006884224854578218
20.8666227390622	0.00711442265060002
20.89953031811532	0.007352307745645513
20.93243789716844	0.007598133383548459
20.96534547622157	0.007852185806213762
20.99825305527469	0.008114708209719287
21.03116063432782	0.008386000705243172
21.06406821338094	0.008666354245987192
21.09697579243406	0.008956069643316503
21.12988337148719	0.009255461910531584
21.16279095054031	0.00956485294113832
21.19569852959343	0.009884576704814336
21.22860610864656	0.01021497802942128
21.26151368769968	0.01055641319251966
21.2944212667528	0.01090922834027056
21.32732884580593	0.01127387787198627
21.36023642485905	0.01165067750291047
21.39314400391217	0.01204006018922257
21.4260515829653	0.01244244716390189
21.45895916201842	0.01285827179308811
21.49186674107154	0.01328798383951774
21.52477432012467	0.01373204576226541
21.55768189917779	0.01419093785414798
21.59058947823091	0.0146651546024465
21.62349705728404	0.01515520717738372
21.65640463633716	0.015661601327876
21.68931221539028	0.01618496374745817
21.72221979444341	0.01672576954241969
21.75512737349653	0.01728463710257187
21.78803495254965	0.01786216730534439
21.82094253160278	0.01845898235548826
21.8538501106559	0.01907572547139485
21.88675768970903	0.01971306671699567
21.91966526876215	0.02037169301331255
21.95257284781527	0.02105230915429173
21.9854804268684	0.021755654347536
22.01838800592152	0.02248248298948265
22.05129558497464	0.02323359833162838
22.08420316402777	0.02400977753233236
22.11711074308089	0.02481187866456289
22.15001832213401	0.0256407605046196
22.18292590118714	0.02649703277878901
22.21583348024026	0.02738220082188055
22.24874105929338	0.02829692932746182
22.28164863834651	0.0292422045955352
22.31455621739963	0.03021904728061656
22.34746379645275	0.03122851146900145
22.38037137550588	0.03227168546377431
22.413278954559	0.03334969189604354
22.44618653361212	0.03446370859149113
22.47909411266525	0.03561473796264777
22.51200169171837	0.03680437954849845
22.54490927077149	0.03803377270045757
22.57781684982462	0.03930422347950106
22.61072442887774	0.04061710457269217
22.64363200793087	0.04197383182469452
22.67653958698399	0.0433758684451121
22.70944716603711	0.04482472775662329
22.74235474509024	0.04632196863787499
22.77526232414336	0.04786892023630453
22.80816990319648	0.04946782784885521
22.84107748224961	0.051120181308861
22.87398506130273	0.05282768530593392
22.90689264035585	0.05459221833182203
22.93980021940898	0.05641568242847776
22.9727077984621	0.05830004311601125
23.00561537751522	0.06024733566003483
23.03852295656835	0.06225965873741428
23.07143053562147	0.06433888984542915
23.10433811467459	0.06648785450860749
23.13724569372772	0.06870862140888478
23.17015327278084	0.07100354726224897
23.20306085183396	0.07337511884550614
23.23596843088709	0.07582587701753454
23.26887600994021	0.07835853237997696
23.30178358899333	0.08097574192401658
23.33469116804646	0.08368036162297091
23.36759874709958	0.08647530492356559
23.4005063261527	0.0893634034196215
23.43341390520583	0.09234814190838783
23.46632148425895	0.09543260095949821
23.49922906331208	0.09862005764478592
23.5321366423652	0.1019139686237183
23.56504422141832	0.1053178881329684
23.59795180047145	0.1088354899010013
23.63085937952457	0.1124705692415692
23.66376695857769	0.1162270401766941
23.69667453763082	0.1201086825204383
23.72958211668394	0.1241202564824615
23.76248969573706	0.1282658398501414
23.79539727479019	0.1325498602506421
23.82830485384331	0.1369769565718708
23.86121243289643	0.1415519087816482
23.89412001194956	0.1462796544725489
23.92702759100268	0.1511652951083064
23.9599351700558	0.1562141042073301
23.99284274910893	0.1614315275448716
24.02575032816205	0.1668228916186147
24.05865790721517	0.1723946202318477
24.0915654862683	0.1781524644107142
24.12447306532142	0.1841026250603272
24.15738064437454	0.1902514691832516
24.19028822342767	0.196605688218138
24.22319580248079	0.2031721266533312
24.25610338153392	0.2099578722932631
24.28901096058704	0.216970245913485
24.32191853964016	0.2242168184287722
24.35482611869329	0.2317052103257217
24.38773369774641	0.2394438888915129
24.42064127679953	0.2474410627945919
24.45354885585266	0.2557053096013165
24.48645643490578	0.2642455657749628
24.5193640139589	0.2730710493162948
24.55227159301203	0.2821912846414106
24.58517917206515	0.2916161585682255
24.61808675111827	0.3013557314424288
24.6509943301714	0.3114206158761312
24.68390190922452	0.3218216418395414
24.71680948827764	0.332569713174977
24.74971706733077	0.3436771103945945
24.78262464638389	0.3551554568095112
24.81553222543701	0.3670171575337337
24.84843980449014	0.3792750157675348
24.88134738354326	0.3919422621709808
24.91425496259638	0.4050325694822312
24.94716254164951	0.41856006669659
24.98007012070263	0.4325393546982481
25.01297769975575	0.4469855225197347
25.04588527880888	0.4619141557920795
25.078792857862	0.477341060231979
25.11170043691513	0.493283528251491
25.14460801596825	0.5097584484306847
25.17751559502137	0.5267836011293847
25.2104231740745	0.5443773632356138
25.24333075312762	0.5625587235180968
25.27623833218074	0.5813473083114645
25.30914591123387	0.6007633966489939
25.34205349028699	0.6208279456419116
25.37496106934011	0.641562612811252
25.40786864839324	0.6629897767136015
25.44077622744636	0.6851323560067371
25.47368380649948	0.7080146778188721
25.50659138555261	0.7316612267426555
25.53949896460573	0.7560975244069303
25.57240654365885	0.7813499718934752
25.60531412271198	0.8074457744581425
25.6382217017651	0.8344131374214007
25.67112928081822	0.862281160588748
25.70403685987135	0.8910799234388908
25.73694443892447	0.9208405095770605
25.76985201797759	0.9515950431836919
25.80275959703072	0.983376386679462
25.83566717608384	1.016219514898622
25.86857475513697	1.050159543366266
25.90148233419009	1.085233106705428
25.93438991324321	1.12147806293983
25.96729749229634	1.158933533334991
26.00020507134946	1.197639949728155
26.03311265040258	1.237639087886986
26.06602022945571	1.27897411908942
26.09892780850883	1.321689687096757
26.13183538756195	1.365831853383423
26.16474296661508	1.411448290342691
26.1976505456682	1.45858788352371
26.23055812472132	1.507302220634058
26.26346570377445	1.557643529465124
26.29637328282757	1.609666150118412
26.32928086188069	1.663426234132386
26.36218844093382	1.718981809679471
26.39509601998694	1.77639284287489
26.42800359904006	1.835721302652454
26.46091117809319	1.897031227464685
26.49381875714631	1.960388794503978
26.52672633619943	2.025862391049629
26.55963391525256	2.093522706199804
26.59254149430568	2.163442490677612
26.6254490733588	2.23569776181039
26.65835665241193	2.310366171697909
26.69126423146505	2.387528401891578
26.72417181051818	2.467267715900088
26.7570793895713	2.549670183142123
26.78998696862442	2.634824747642825
26.82289454767755	2.72282332521867
26.85580212673067	2.813760900532714
26.88870970578379	2.907735630653998
26.92161728483692	3.004848950875666
26.95452486389004	3.105205684100716
26.98743244294316	3.208913809088791
27.02034002199629	3.316085959088997
27.05324760104941	3.426837476753104
27.08615518010253	3.541287902907381
27.11906275915566	3.659560774092977
27.15197033820878	3.781783752980274
27.1848779172619	3.908088104125583
27.21778549631503	4.038612164561281
27.25069307536815	4.173494803240319
27.28360065442127	4.312882290313178
27.3165082334744	4.456925078695937
27.34941581252752	4.605778647008944
27.38232339158064	4.759603677325946
27.41523097063377	4.91856581158346
27.44813854968689	5.082837398422098
27.48104612874002	5.252595377996484
27.51395370779314	5.428022985688738
27.54686128684626	5.609309577651797
27.57976886589939	5.79665083305487
27.61267644495251	5.990248968059113
27.64558402400563	6.19031295203197
27.67849160305876	6.397058733214292
27.71139918211188	6.610709472469352
27.744306761165	6.831495781909667
27.77721434021813	7.0596560161997
27.81012191927125	7.295436375819683
27.84302949832437	7.539091379622279
27.8759370773775	7.790883848658255
27.90884465643062	8.051085997652558
27.94175223548374	8.319978461948542
27.97465981453687	8.597851481773256
28.00756739358999	8.885004996486677
28.04047497264311	9.181748956032822
28.07338255169624	9.488403666402306
28.10629013074936	9.805300130386541
28.13919770980248	10.13278040588673
28.17210528885561	10.47119797438637
28.20501286790873	10.82091812364189
28.23792044696185	11.18231836016129
28.27082802601498	11.5557887246588
28.3037356050681	11.94173202708261
28.33664318412123	12.34056556924773
28.36955076317435	12.75271948900776
28.40245834222747	13.17863868526527
28.4353659212806	13.61878286130236
28.46827350033372	14.07362712722572
28.50118107938684	14.54366244151051
28.53408865843997	15.02939615908056
28.56699623749309	15.53135258133248
28.59990381654621	16.05007352220021
28.63281139559934	16.58611888916914
28.66571897465246	17.1400672893218
28.69862655370558	17.71251666708181
28.73153413275871	18.30408487747367
28.76444171181183	18.91541015112778
28.79734929086495	19.5471530757768
28.83025686991808	20.1999951807004
28.8631644489712	20.87464114896474
28.89607202802432	21.57181919513391
28.92897960707745	22.29228185326327
28.96188718613057	23.03680679302234
28.99479476518369	23.80619765466216
29.02770234423682	24.60128496199929
29.06060992328994	25.42292683565339
29.09351750234307	26.27201024059872
29.12642508139619	27.14945165905499
29.15933266044931	28.05619822122663
29.19224023950244	28.9932286097929
29.22514781855556	29.9615543253808
29.25805539760868	30.96222032795238
29.29096297666181	31.99630720582925
29.32387055571493	33.06493092719164
29.35677813476805	34.16924496495699
29.38968571382118	35.31044132186803
29.4225932928743	36.48975180884607
29.45550087192742	37.708449378522
29.48840845098055	38.96784949945003
29.52131603003367	40.26931157114912
29.55422360908679	41.6142404003833
29.58713118813992	43.00408770655422
29.62003876719304	44.44035371790267
29.65294634624616	45.92458870490776
29.68585392529929	47.45839471556816
29.71876150435241	49.04342754024737
29.75166908340553	50.68139749860296
29.78457666245866	52.37407345823761
29.81748424151178	54.12328211098814
29.85039182056491	55.93091157448568
29.88329939961803	57.7989130055501
29.91620697867115	59.72930273949729
29.94911455772428	61.72416444993404
29.9820221367774	63.78565140082573
30.01492971583052	65.91598877320669
30.04783729488365	68.11747606689707
30.08074487393677	70.39248958079992
30.11365245298989	72.74348499046012
30.14656003204302	75.17299995244795
30.17946761109614	77.68365688178403
30.21237519014926	80.27816585426496
30.24528276920239	82.95932698476808
30.27819034825551	85.73003511889317
30.31109792730863	88.59328058655808
30.34400550636176	91.55215399285046
30.37691308541488	94.60984916439773
30.409820664468	97.76966662880029
30.44272824352113	101.0350170730003
30.47563582257425	104.4094251593421
30.50854340162737	107.8965332505993
30.5414509806805	111.500105357086
30.57435855973362	115.2240311968737
30.60726613878674	119.0723304080653
30.64017371783987	123.0491568948972
30.67308129689299	127.1588032338437
30.70598887594612	131.405705402831
30.73889645499924	135.7944475951354
30.77180403405236	140.3297667765628
30.80471161310549	145.0165589147353
30.83761919215861	149.8598827216691
30.87052677121173	154.8649661147543
30.90343435026486	160.0372116349838
30.93634192931798	165.3822022458556
30.9692495083711	170.9057073699301
31.00215708742423	176.6136891299997
31.03506466647735	182.5123087744716
31.06797224553047	188.607933324292
31.1008798245836	194.9071424454125
31.13378740363672	201.4167356048123
31.16669498268984	208.1437392620724
31.19960256174297	215.0954146085778
31.23251014079609	222.2792653488653
31.26541771984921	229.7030458281073
31.29832529890234	237.3747693335163
31.33123287795546	245.3027163958234
31.36414045700858	253.4954453234121
31.39704803606171	261.9617990236356
31.42995561511483	270.7109161601171
31.46286319416796	279.7522406148485
31.49577077322108	289.09553170151
31.5286783522742	298.7508746567653
31.56158593132733	308.7286915489238
31.59449351038045	319.039752538181
31.62740108943357	329.6951874950364
31.6603086684867	340.7064980025533
31.69321624753982	352.0855698026656
31.72612382659294	363.8446855569622
31.75903140564607	375.9965381958086
31.79193898469919	388.5542445293346
31.82484656375231	401.5313595358816
31.85775414280544	414.9418908196437
31.89066172185856	428.8003135065353
31.92356930091168	443.1215872422974
31.95647687996481	457.9211702480619
31.98938445901793	473.215037321994
32.02229203807106	489.019696846092
32.05519961712418	505.3522085495719
32.0881071961773	522.2302019256679
32.12101477523043	539.671895278863
32.15392235428355	557.6961153717893
32.18682993333667	576.3223177587918
32.2197375123898	595.5706077726401
0
1000	0.5109989461	100000000000000.1
5	0	0	1
5	0	0	0
-0.654933961680612	-6.353009209547879e-12
-0.6220263826274882	-5.185681652458872e-12
-0.5891188035743644	-5.273031401087183e-12
-0.5562112245212406	-5.550965770772246e-12
-0.5233036454681168	-5.867162248863341e-12
-0.490396066414993	-6.177798660993581e-12
-0.4574884873618692	-6.467629378438291e-12
-0.4245809083087454	-6.731627979270814e-12
-0.3916733292556216	-6.968993199648426e-12
-0.3587657502024978	-7.180765243623953e-12
-0.325858171149374	-7.368760639707929e-12
-0.2929505920962502	-7.53506427985917e-12
-0.2600430130431264	-7.681780940342466e-12
-0.2271354339900026	-7.810915576643913e-12
-0.1942278549368788	-7.924320023719471e-12
-0.161320275883755	-8.023674522038006e-12
-0.1284126968306312	-8.110487407589988e-12
-0.09550511777750736	-8.186103939032833e-12
-0.06259753872438356	-8.25171930579659e-12
-0.02968995967125975	-8.308393096642666e-12
0.003217619381864059	-8.357063761119815e-12
0.03612519843498787	-8.398562306725145e-12
0.06903277748811168	-8.433624878386338e-12
0.1019403565412355	-8.462904094603102e-12
0.1348479355943593	-8.486979140100712e-12
0.1677555146474831	-8.506364680784097e-12
0.2006630937006069	-8.521518698083593e-12
0.2335706727537307	-8.532849351194685e-12
0.2664782518068545	-8.540720975988908e-12
0.2993858308599783	-8.545459323714047e-12
0.3322934099131021	-8.531466443579573e-12
0.3652009889662259	-8.52580564734715e-12
0.3981085680193497	-8.517210800644308e-12
0.4310161470724735	-8.505926512663861e-12
0.4639237261255973	-8.492180176535138e-12
0.4968313051787211	-8.476183703843391e-12
0.529738884231845	-8.45813508718058e-12
0.5626464632849688	-8.438219788582698e-12
0.5955540423380926	-8.416611956267608e-12
0.6284616213912164	-8.393475475710419e-12
0.6613692004443402	-8.365567328334391e-12
0.694276779497464	-8.340373292896411e-12
0.7271843585505878	-8.314253413135266e-12
0.7600919376037116	-8.287283977205139e-12
0.7929995166568354	-8.259536530493675e-12
0.8259070957099592	-8.231077074782144e-12
0.858814674763083	-8.2019657643609e-12
0.8917222538162068	-8.172256877027988e-12
0.9246298328693306	-8.141998936305118e-12
0.9575374119224545	-8.111234913543519e-12
0.9904449909755783	-8.080218403897826e-12
1.023352570028702	-8.048536057484264e-12
1.056260149081826	-8.016425072929226e-12
1.08916772813495	-7.983909649893728e-12
1.122075307188074	-7.951010881301866e-12
1.154982886241198	-7.917746967634761e-12
1.187890465294322	-7.884133421736138e-12
1.220798044347446	-7.850183263561458e-12
1.253705623400569	-7.81590720460632e-12
1.286613202453693	-7.78131382199292e-12
1.319520781506817	-7.746395554594991e-12
1.352428360559941	-7.711187272039032e-12
1.385335939613065	-7.675677172598465e-12
1.418243518666189	-7.639866620766285e-12
1.451151097719313	-7.603755547625323e-12
1.484058676772437	-7.567342575186871e-12
1.516966255825561	-7.530625132325612e-12
1.549873834878685	-7.493599563053571e-12
1.582781413931809	-7.456261227835939e-12
1.615688992984933	-7.418604598610026e-12
1.648596572038056	-7.380606960588963e-12
1.68150415109118	-7.342296262185475e-12
1.714411730144304	-7.303647287400487e-12
1.747319309197428	-7.264651504452862e-12
1.780226888250552	-7.225299880036065e-12
1.813134467303676	-7.185582957024982e-12
1.8460420463568	-7.145490927705771e-12
1.878949625409924	-7.10501370313544e-12
1.911857204463048	-7.064140979166352e-12
1.944764783516172	-7.022862299606306e-12
1.977672362569296	-6.98113785438031e-12
2.010579941622419	-6.939018943743699e-12
2.043487520675543	-6.896464551463016e-12
2.076395099728667	-6.853463795629958e-12
2.109302678781791	-6.810005857454644e-12
2.142210257834915	-6.766080043145495e-12
2.175117836888039	-6.721675843295853e-12
2.208025415941163	-6.676782990166911e-12
2.240932994994287	-6.631391513188157e-12
2.273840574047411	-6.5854917929362e-12
2.306748153100535	-6.539085836652048e-12
2.339655732153659	-6.492141880624791e-12
2.372563311206783	-6.444662305512918e-12
2.405470890259906	-6.396639427085913e-12
2.43837846931303	-6.348066249267923e-12
2.471286048366154	-6.298936515214282e-12
2.504193627419278	-6.249244756132314e-12
2.537101206472402	-6.198986337956989e-12
2.570008785525526	-6.148157505935543e-12
2.60291636457865	-6.096755427127521e-12
2.635823943631774	-6.044742213499479e-12
2.668731522684898	-5.992192981691337e-12
2.701639101738022	-5.939070644930649e-12
2.734546680791146	-5.88537599306148e-12
2.76745425984427	-5.831110819124261e-12
2.800361838897393	-5.776277952303282e-12
2.833269417950517	-5.720881286966749e-12
2.866176997003641	-5.664925808006127e-12
2.899084576056765	-5.608417612597228e-12
2.931992155109889	-5.551363928442252e-12
2.964899734163013	-5.493672410699554e-12
2.997807313216137	-5.435600339311395e-12
3.030714892269261	-5.376989339055894e-12
3.063622471322385	-5.317864493593533e-12
3.096530050375509	-5.258242802155893e-12
3.129437629428633	-5.198140081309353e-12
3.162345208481756	-5.137572496072431e-12
3.19525278753488	-5.076557027439019e-12
3.228160366588004	-5.015111639339198e-12
3.261067945641128	-4.953255338728988e-12
3.293975524694252	-4.890976309978309e-12
3.326883103747376	-4.828360107950596e-12
3.3597906828005	-4.765397936478618e-12
3.392698261853624	-4.702112663250645e-12
3.425605840906748	-4.638528033186807e-12
3.458513419959872	-4.574668618271652e-12
3.491420999012996	-4.510559764227229e-12
3.52432857806612	-4.446227534308095e-12
3.557236157119243	-4.381698650583116e-12
3.590143736172367	-4.317000433177254e-12
3.623051315225491	-4.252231194793157e-12
3.655958894278615	-4.187271286932975e-12
3.688866473331739	-4.122221274482124e-12
3.721774052384863	-4.05711108577148e-12
3.754681631437987	-3.991971219192712e-12
3.787589210491111	-3.926832660733185e-12
3.820496789544235	-3.861726800181047e-12
3.853404368597359	-3.796685346304329e-12
3.886311947650483	-3.731740241332665e-12
3.919219526703607	-3.666923575089934e-12
3.95212710575673	-3.602193286799533e-12
3.985034684809854	-3.537734795690952e-12
4.017942263862978	-3.473507874638297e-12
4.050849842916102	-3.409544248288469e-12
4.083757421969225	-3.34587503900546e-12
4.116665001022349	-3.282530638702222e-12
4.149572580075472	-3.219540566595558e-12
4.182480159128596	-3.156933306546824e-12
4.215387738181719	-3.094736114263058e-12
4.248295317234843	-3.032974779271116e-12
4.281202896287966	-2.962308423050459e-12
4.314110475341089	-2.901683111717373e-12
4.347018054394213	-2.842511909551178e-12
4.379925633447336	-2.784959460714649e-12
4.41283321250046	-2.729186484237579e-12
4.445740791553583	-2.675348780744829e-12
4.478648370606707	-2.623596225999752e-12
4.51155594965983	-2.574071796083473e-12
4.544463528712954	-2.526910663663985e-12
4.577371107766077	-2.482239397724783e-12
4.610278686819201	-1.955037154110576e-12
4.643186265872324	-2.232440911891542e-12
4.676093844925448	-2.281964563724463e-12
4.709001423978571	-2.292246868378267e-12
4.741909003031695	-2.28947839606174e-12
4.774816582084818	-2.281207057550942e-12
4.807724161137942	-2.270378656213594e-12
4.840631740191065	-2.258354799286665e-12
4.873539319244188	-2.245834687734708e-12
4.906446898297312	-2.233202760551924e-12
4.939354477350435	-2.218363453185224e-12
4.972262056403559	-2.206787768073242e-12
5.005169635456682	-2.195481789707628e-12
5.038077214509806	-2.184443723714533e-12
5.070984793562929	-2.173669704613114e-12
5.103892372616053	-2.16315457597797e-12
5.136799951669176	-2.152892377368263e-12
5.1697075307223	-2.142876662663781e-12
5.202615109775423	-2.133100714689496e-12
5.235522688828547	-2.123557692863577e-12
5.26843026788167	-2.114368680993064e-12
5.301337846934794	-2.105264691303578e-12
5.334245425987917	-2.096349426358286e-12
5.367153005041041	-2.087636178268974e-12
5.400060584094164	-2.079118767158732e-12
5.432968163147287	-2.070792971293018e-12
5.465875742200411	-2.062654998080137e-12
5.498783321253534	-2.054701358546488e-12
5.531690900306658	-2.046928854916309e-12
5.564598479359781	-2.039334592207688e-12
5.597506058412905	-2.031756541111816e-12
5.630413637466028	-2.024524348673836e-12
5.663321216519152	-2.017477617713733e-12
5.696228795572275	-2.010614018546576e-12
5.729136374625399	-2.003931046498028e-12
5.762043953678522	-1.997426042312458e-12
5.794951532731646	-1.991096211377023e-12
5.827859111784769	-1.984938641770863e-12
5.860766690837893	-1.978950321156947e-12
5.893674269891016	-1.973128152541193e-12
5.92658184894414	-1.967464024491589e-12
5.959489427997263	-1.961965184538446e-12
5.992397007050386	-1.956623199745267e-12
6.02530458610351	-1.951434696154496e-12
6.058212165156633	-1.946396266623192e-12
6.091119744209757	-1.941504483001188e-12
6.12402732326288	-1.93675590719513e-12
6.156934902316004	-1.93214710118322e-12
6.189842481369127	-1.927674636044678e-12
6.222750060422251	-1.923335100066883e-12
6.255657639475374	-1.919128605933228e-12
6.288565218528498	-1.91504438537285e-12
6.321472797581621	-1.911082775447703e-12
6.354380376634745	-1.90724055044394e-12
6.387287955687868	-1.903514538680117e-12
6.420195534740992	-1.899901624614422e-12
6.453103113794115	-1.89639875061024e-12
6.486010692847239	-1.893002918392764e-12
6.518918271900362	-1.889711190231221e-12
6.551825850953485	-1.886520689887054e-12
6.584733430006609	-1.883423367422936e-12
6.617641009059732	-1.880427586669559e-12
6.650548588112856	-1.877525158445589e-12
6.683456167165979	-1.874713373256561e-12
6.716363746219103	-1.871989572158245e-12
6.749271325272226	-1.869351149078842e-12
6.78217890432535	-1.866795552703179e-12
6.815086483378473	-1.864320287961416e-12
6.847994062431597	-1.861922917161694e-12
6.88090164148472	-1.859601060803215e-12
6.913809220537844	-1.857364466487945e-12
6.946716799590967	-1.855185404937679e-12
6.979624378644091	-1.853074155500962e-12
7.012531957697214	-1.851028735478394e-12
7.045439536750338	-1.849047255082212e-12
7.078347115803461	-1.847127912642877e-12
7.111254694856584	-1.845268990129086e-12
7.144162273909708	-1.843468848958057e-12
7.177069852962831	-1.841725926074838e-12
7.209977432015955	-1.840038730281335e-12
7.242885011069078	-1.838357322189771e-12
7.275792590122202	-1.836783855973221e-12
7.308700169175325	-1.835265207191906e-12
7.341607748228449	-1.8337993061796e-12
7.374515327281572	-1.832384097435931e-12
7.407422906334696	-1.831017556855618e-12
7.440330485387819	-1.829697704568533e-12
7.473238064440943	-1.828422614287351e-12
7.506145643494066	-1.827190419885667e-12
7.53905322254719	-1.825999319788699e-12
7.571960801600313	-1.824863296889861e-12
7.604868380653437	-1.823747564774664e-12
7.63777595970656	-1.822666735951064e-12
7.670683538759683	-1.821619461184201e-12
7.703591117812807	-1.820604497153291e-12
7.73649869686593	-1.819620704290171e-12
7.769406275919054	-1.818667046115165e-12
7.802313854972177	-1.817742590308874e-12
7.835221434025301	-1.816846511867543e-12
7.868129013078424	-1.815978098841295e-12
7.901036592131548	-1.815054645574438e-12
7.933944171184671	-1.81424536488494e-12
7.966851750237795	-1.813469877390559e-12
7.999759329290918	-1.81272800067293e-12
8.032666908344043	-1.812019467376171e-12
8.065574487397166	-1.811343931469825e-12
8.098482066450289	-1.810700974612074e-12
8.131389645503413	-1.810090112542889e-12
8.164297224556536	-1.809510801443242e-12
8.19720480360966	-1.80896244420339e-12
8.230112382662783	-1.808454195664784e-12
8.263019961715907	-1.807964692011512e-12
8.29592754076903	-1.807503343285712e-12
8.328835119822154	-1.807069532975053e-12
8.361742698875277	-1.80666264884182e-12
8.394650277928401	-1.806282083375963e-12
8.427557856981524	-1.805927234216917e-12
8.460465436034648	-1.805597504545201e-12
8.493373015087771	-1.805292303444862e-12
8.526280594140895	-1.805011046237799e-12
8.559188173194018	-1.804757390910274e-12
8.592095752247142	-1.804521854261222e-12
8.625003331300265	-1.804308214168371e-12
8.657910910353388	-1.804115964827458e-12
8.690818489406512	-1.80394462215263e-12
8.723726068459635	-1.803793722755348e-12
8.756633647512759	-1.803662822982132e-12
8.789541226565882	-1.803551498007262e-12
8.822448805619006	-1.803459340976846e-12
8.855356384672129	-1.803385962200932e-12
8.888263963725253	-1.803328826581444e-12
8.921171542778376	-1.80329211752369e-12
8.9540791218315	-1.803273286294872e-12
8.986986700884623	-1.803271980160207e-12
9.019894279937747	-1.803287852422967e-12
9.05280185899087	-1.803320562333895e-12
9.085709438043994	-1.803369775001057e-12
9.118617017097117	-1.80343516130017e-12
9.15152459615024	-1.803516397785526e-12
9.184432175203364	-1.803613166601562e-12
9.217339754256487	-1.803705268601784e-12
9.250247333309611	-1.803834034945622e-12
9.283154912362734	-1.803979072800042e-12
9.316062491415858	-1.804139877750389e-12
9.348970070468981	-1.804315864147429e-12
9.381877649522105	-1.804506370456066e-12
9.414785228575228	-1.804710665581797e-12
9.447692807628352	-1.804927956047107e-12
9.480600386681475	-1.805157393871168e-12
9.513507965734599	-1.805398084992298e-12
9.546415544787722	-1.805587900707761e-12
9.579323123840846	-1.805851818127016e-12
9.612230702893969	-1.806130066349507e-12
9.645138281947093	-1.806421575348524e-12
9.678045861000216	-1.806724852940335e-12
9.710953440053339	-1.807037942927618e-12
9.743861019106463	-1.807358395855476e-12
9.776768598159586	-1.807683258183999e-12
9.80967617721271	-1.808009085773418e-12
9.842583756265833	-1.808331986933013e-12
9.875491335318957	-1.808478840443692e-12
9.90839891437208	-1.808783476951534e-12
9.941306493425204	-1.809090443852348e-12
9.974214072478327	-1.80939831637756e-12
10.00712165153145	-1.809705158963634e-12
10.04002923058457	-1.810008324310455e-12
10.0729368096377	-1.810304153742135e-12
10.10584438869082	-1.810587517779021e-12
10.13875196774394	-1.810851088497627e-12
10.17165954679707	-1.811084142257084e-12
10.20456712585019	-1.812567063804679e-12
10.23747470490332	-1.813227506933345e-12
10.27038228395644	-1.814002869562769e-12
10.30328986300956	-1.815062420920335e-12
10.33619744206269	-1.8189220309764e-12
10.36910502111581	-1.814153727057743e-12
10.40201260016893	-1.81592339524055e-12
10.43492017922206	-1.817107177906057e-12
10.46782775827518	-1.818253140380282e-12
10.5007353373283	-1.819456489495366e-12
10.53364291638143	-1.816592112644647e-12
10.56655049543455	-1.818609801971125e-12
10.59945807448767	-1.820972226990803e-12
10.6323656535408	-1.82371815972543e-12
10.66527323259392	-1.826889337705233e-12
10.69818081164704	-1.830530238127614e-12
10.73108839070017	-1.834687662281508e-12
10.76399596975329	-1.839410075243971e-12
10.79690354880641	-1.844746639163739e-12
10.82981112785954	-1.850745874910774e-12
10.86271870691266	-1.859453683550496e-12
10.89562628596578	-1.866839125274099e-12
10.92853386501891	-1.874802077547984e-12
10.96144144407203	-1.883353546696194e-12
10.99434902312515	-1.892504294951114e-12
11.02725660217828	-1.902264800455496e-12
11.0601641812314	-1.912645214851346e-12
11.09307176028453	-1.923655318468855e-12
11.12597933933765	-1.935304473153765e-12
11.15888691839077	-1.947601572799648e-12
11.1917944974439	-1.960618791586511e-12
11.22470207649702	-1.974231431069017e-12
11.25760965555014	-1.988509661401772e-12
11.29051723460327	-2.003460326014387e-12
11.32342481365639	-2.019089845582635e-12
11.35633239270951	-2.035404176614613e-12
11.38923997176264	-2.052408768499671e-12
11.42214755081576	-2.070108519156981e-12
11.45505512986888	-2.088507729446671e-12
11.48796270892201	-2.107610056533755e-12
11.52087028797513	-2.127483112916551e-12
11.55377786702825	-2.147994520080876e-12
11.58668544608138	-2.169210026496689e-12
11.6195930251345	-2.191130690485211e-12
11.65250060418762	-2.213756995721138e-12
11.68540818324075	-2.237088813022631e-12
11.71831576229387	-2.26112536206777e-12
11.75122334134699	-2.285865173254063e-12
11.78413092040012	-2.311306049933285e-12
11.81703849945324	-2.337445031268838e-12
11.84994607850637	-2.364328806531442e-12
11.88285365755949	-2.391847448476844e-12
11.91576123661261	-2.420046067923171e-12
11.94866881566574	-2.448918726023055e-12
11.98157639471886	-2.478458779019941e-12
12.01448397377198	-2.50865885047615e-12
12.04739155282511	-2.539510805141588e-12
12.08029913187823	-2.571005724675788e-12
12.11320671093135	-2.603133885437242e-12
12.14611428998448	-2.635884738553452e-12
12.1790218690376	-2.669282753083462e-12
12.21192944809072	-2.703240612364903e-12
12.24483702714385	-2.737781422258404e-12
12.27774460619697	-2.772891540722533e-12
12.31065218525009	-2.808556591483081e-12
12.34355976430322	-2.844761457037e-12
12.37646734335634	-2.881490274604764e-12
12.40937492240946	-2.918726435141093e-12
12.44228250146259	-2.956452585501784e-12
12.47519008051571	-2.994650633850673e-12
12.50809765956883	-3.033327697750798e-12
12.54100523862196	-3.072409793607217e-12
12.57391281767508	-3.111903082497925e-12
12.6068203967282	-3.151786929747519e-12
12.63972797578133	-3.192040138274514e-12
12.67263555483445	-3.232640967497219e-12
12.70554313388758	-3.273567155285881e-12
12.7384507129407	-3.314795942898932e-12
12.77135829199382	-3.356304102824378e-12
12.80426587104695	-3.398067969430159e-12
12.83717345010007	-3.44008391384356e-12
12.87008102915319	-3.482284470988448e-12
12.90298860820632	-3.52466584835561e-12
12.93589618725944	-3.567203243186245e-12
12.96880376631256	-3.609871674973124e-12
13.00171134536569	-3.652646022409447e-12
13.03461892441881	-3.695501062058923e-12
13.06752650347193	-3.738411508544876e-12
13.10043408252506	-3.781352056048472e-12
13.13334166157818	-3.824297420899615e-12
13.1662492406313	-3.86724033385646e-12
13.19915681968443	-3.910117786683674e-12
13.23206439873755	-3.952923415999692e-12
13.26497197779067	-3.995632717824009e-12
13.2978795568438	-4.038221483739701e-12
13.33078713589692	-4.080665836880087e-12
13.36369471495004	-4.122942267821496e-12
13.39660229400317	-4.165027670162115e-12
13.42950987305629	-4.206899375574977e-12
13.46241745210942	-4.248535188132187e-12
13.49532503116254	-4.289931157126858e-12
13.52823261021566	-4.331028520526126e-12
13.56114018926879	-4.371825288429014e-12
13.59404776832191	-4.412301753745171e-12
13.62695534737503	-4.452438874976163e-12
13.65986292642816	-4.492218292882053e-12
13.69277050548128	-4.531622346237874e-12
13.7256780845344	-4.570634086513187e-12
13.75858566358753	-4.609237291328892e-12
13.79149324264065	-4.647416476565465e-12
13.82440082169377	-4.685177903890782e-12
13.8573084007469	-4.722462773380185e-12
13.89021597980002	-4.759280331327771e-12
13.92312355885314	-4.795618512589122e-12
13.95603113790627	-4.831466046329632e-12
13.98893871695939	-4.866812447138194e-12
14.02184629601251	-4.901648006381972e-12
14.05475387506564	-4.935963783508275e-12
14.08766145411876	-4.969751597061326e-12
14.12056903317188	-5.003004015233032e-12
14.15347661222501	-5.035780233869647e-12
14.18638419127813	-5.067927553637083e-12
14.21929177033125	-5.099521086224886e-12
14.25219934938438	-5.130557179038812e-12
14.2851069284375	-5.16103264441633e-12
14.31801450749063	-5.190944815863384e-12
14.35092208654375	-5.220291574048348e-12
14.38382966559687	-5.24907135672532e-12
14.41673724465	-5.277283159423804e-12
14.44964482370312	-5.304926530439932e-12
14.48255240275624	-5.332012040588753e-12
14.51545998180937	-5.358517983173064e-12
14.54836756086249	-5.384456677876515e-12
14.58127513991561	-5.409829929290701e-12
14.61418271896874	-5.434640039319285e-12
14.64709029802186	-5.458889790320567e-12
14.67999787707498	-5.482582428021404e-12
14.71290545612811	-5.505721644345875e-12
14.74581303518123	-5.528311560320027e-12
14.77872061423435	-5.550356709238425e-12
14.81162819328748	-5.571849370079117e-12
14.8445357723406	-5.592820892497834e-12
14.87744335139372	-5.613264752346974e-12
14.91035093044685	-5.633186990913539e-12
14.94325850949997	-5.652593935958244e-12
14.97616608855309	-5.671492182615337e-12
15.00907366760622	-5.689888574569763e-12
15.04198124665934	-5.707790185561343e-12
15.07488882571247	-5.725204301262708e-12
15.10779640476559	-5.742138401574549e-12
15.14070398381871	-5.758599138062543e-12
15.17361156287184	-5.774596421017679e-12
15.20651914192496	-5.790137211177619e-12
15.23942672097808	-5.805229591363544e-12
15.27233430003121	-5.819881753165877e-12
15.30524187908433	-5.834101982308279e-12
15.33814945813745	-5.847898644630162e-12
15.37105703719058	-5.861280172709091e-12
15.4039646162437	-5.87425505314314e-12
15.43687219529682	-5.886831814512552e-12
15.46977977434995	-5.899006736996048e-12
15.50268735340307	-5.910814050792225e-12
15.53559493245619	-5.922250010718155e-12
15.56850251150932	-5.933323103351231e-12
15.60141009056244	-5.944041756483398e-12
15.63431766961556	-5.954414331218836e-12
15.66722524866869	-5.964449114610798e-12
15.70013282772181	-5.974154312821527e-12
15.73304040677493	-5.983538044788272e-12
15.76594798582806	-5.992608336378044e-12
15.79885556488118	-6.001573110521026e-12
15.8317631439343	-6.010051628471055e-12
15.86467072298743	-6.01822301198295e-12
15.89757830204055	-6.026084632086186e-12
15.93048588109368	-6.033618039305437e-12
15.9633934601468	-6.040730764249968e-12
15.99630103919992	-6.046224690970193e-12
16.02920861825305	-6.056415936014413e-12
16.06211619730617	-6.062243978795045e-12
16.09502377635929	-6.068379399169789e-12
16.12793135541242	-6.074088179642563e-12
16.16083893446554	-6.079969138982159e-12
16.19374651351866	-6.085612707169265e-12
16.22665409257179	-6.091025034842289e-12
16.25956167162491	-6.096212354690196e-12
16.29246925067804	-6.101180946703116e-12
16.32537682973116	-6.105937108790944e-12
16.35828440878428	-6.110487131883509e-12
16.39119198783741	-6.114837278795807e-12
16.42409956689053	-6.118993766275078e-12
16.45700714594365	-6.122957419105913e-12
16.48991472499678	-6.126745767983534e-12
16.5228223040499	-6.130359004802124e-12
16.55572988310302	-6.133802924456343e-12
16.58863746215615	-6.137083221029284e-12
16.62154504120927	-6.140205484280593e-12
16.65445262026239	-6.143175196512422e-12
16.68736019931552	-6.145997729801524e-12
16.72026777836864	-6.148678343585339e-12
16.75317535742176	-6.151222182589481e-12
16.78608293647489	-6.153632367388778e-12
16.81899051552801	-6.155917850970958e-12
16.85189809458113	-6.158081428169989e-12
16.88480567363426	-6.160127740945778e-12
16.91771325268738	-6.162061306495263e-12
16.9506208317405	-6.163886518002907e-12
16.98352841079363	-6.165607645536728e-12
17.01643598984675	-6.167228837080136e-12
17.04934356889988	-6.168754119690339e-12
17.082251147953	-6.17018740077412e-12
17.11515872700612	-6.171533828052668e-12
17.14806630605925	-6.172794200839292e-12
17.18097388511237	-6.173973489760402e-12
17.21388146416549	-6.175075158190458e-12
17.24678904321862	-6.176102561213372e-12
17.27969662227174	-6.177058946766652e-12
17.31260420132486	-6.177947456905958e-12
17.34551178037799	-6.178771129181739e-12
17.37841935943111	-6.179532898119688e-12
17.41132693848423	-6.180235596797029e-12
17.44423451753736	-6.180882771259123e-12
17.47714209659048	-6.181475325078277e-12
17.5100496756436	-6.182016661386791e-12
17.54295725469673	-6.182509239243074e-12
17.57586483374985	-6.182955426384715e-12
17.60877241280297	-6.183357500692744e-12
17.6416799918561	-6.183717651778099e-12
17.67458757090922	-6.184037982677783e-12
17.70749514996234	-6.184320511648594e-12
17.74040272901547	-6.184567174046634e-12
17.77331030806859	-6.184780314261434e-12
17.80621788712171	-6.184960656985201e-12
17.83912546617484	-6.185110431810198e-12
17.87203304522796	-6.185231272330622e-12
17.90494062428109	-6.185324739572951e-12
17.93784820333421	-6.185392323856623e-12
17.97075578238733	-6.185435446743984e-12
18.00366336144046	-6.185455463061598e-12
18.03657094049358	-6.185453662976598e-12
18.0694785195467	-6.185431274112998e-12
18.10238609859983	-6.185389701754979e-12
18.13529367765295	-6.185329540557168e-12
18.16820125670607	-6.185252107059575e-12
18.2011088357592	-6.185158405428727e-12
18.23401641481232	-6.185049387694638e-12
18.26692399386544	-6.184925955741676e-12
18.29983157291857	-6.184788963313466e-12
18.33273915197169	-6.184639218016769e-12
18.36564673102481	-6.184477483311621e-12
18.39855431007794	-6.184304480476897e-12
18.43146188913106	-6.184121003870645e-12
18.46436946818418	-6.183927450888983e-12
18.49727704723731	-6.183724553947468e-12
18.53018462629043	-6.183512886897702e-12
18.56309220534355	-6.183292990389733e-12
18.59599978439668	-6.18306537352615e-12
18.6289073634498	-6.182830515474952e-12
18.66181494250293	-6.182588867034606e-12
18.69472252155605	-6.18234085214656e-12
18.72763010060917	-6.182086869351895e-12
18.7605376796623	-6.181827312737404e-12
18.79344525871542	-6.181562490960806e-12
18.82635283776854	-6.181292757656842e-12
18.85926041682167	-6.181018423693355e-12
18.89216799587479	-6.180739780822307e-12
18.92507557492791	-6.1804571027858e-12
18.95798315398104	-6.180170646369888e-12
18.99089073303416	-6.179880652406213e-12
19.02379831208728	-6.179587346722344e-12
19.05670589114041	-6.179290941041899e-12
19.08961347019353	-6.178991632250816e-12
19.12252104924665	-6.178689609408556e-12
19.15542862829978	-6.178385045658333e-12
19.1883362073529	-6.178078104392753e-12
19.22124378640602	-6.177768938677194e-12
19.25415136545915	-6.177457691884305e-12
19.28705894451227	-6.177144498291405e-12
19.31996652356539	-6.176829483642442e-12
19.35287410261852	-6.176512765676379e-12
19.38578168167164	-6.1761944546237e-12
19.41868926072476	-6.175874689879714e-12
19.45159683977789	-6.175553491804153e-12
19.48450441883101	-6.175230987994799e-12
19.51741199788414	-6.174907263460076e-12
19.55031957693726	-6.174582397873269e-12
19.58322715599038	-6.174256465905846e-12
19.61613473504351	-6.173929537540682e-12
19.64904231409663	-6.173601678366244e-12
19.68194989314975	-6.173272949852775e-12
19.71485747220288	-6.17294340961152e-12
19.747765051256	-6.172613080343876e-12
19.78067263030912	-6.172282077096911e-12
19.81358020936225	-6.171950417067627e-12
19.84648778841537	-6.171618144769084e-12
19.87939536746849	-6.171285301817956e-12
19.91230294652162	-6.170951927086011e-12
19.94521052557474	-6.170618056828964e-12
19.97811810462786	-6.170283724787324e-12
20.01102568368099	-6.16994896225014e-12
20.04393326273411	-6.169613798065387e-12
20.07684084178723	-6.169278123804217e-12
20.10974842084036	-6.168942222339781e-12
20.14265599989348	-6.168606003994859e-12
20.1755635789466	-6.168269493407766e-12
20.20847115799973	-6.167932714123936e-12
20.24137873705285	-6.16759568885611e-12
20.27428631610598	-6.167258439839953e-12
20.3071938951591	-6.166920989364875e-12
20.34010147421222	-6.16658336064033e-12
20.37300905326535	-6.166245579342418e-12
20.40591663231847	-6.16590999075835e-12
20.43882421137159	-6.165572256181853e-12
20.47173179042472	-6.165234334742557e-12
20.50463936947784	-6.164896222492432e-12
20.53754694853096	-6.1645579140934e-12
20.57045452758409	-6.164219402832096e-12
20.60336210663721	-6.163880680629438e-12
20.63626968569033	-6.163541738045053e-12
20.66917726474346	-6.163202564276532e-12
20.70208484379658	-6.162863147153543e-12
20.7349924228497	-6.162523514390342e-12
20.76790000190283	-6.162183565558574e-12
20.80080758095595	-6.161843324767234e-12
20.83371516000907	-6.161502774368982e-12
20.8666227390622	-6.161161895447202e-12
20.89953031811532	-6.160820667797639e-12
20.93243789716844	-6.160479069905866e-12
20.96534547622157	-6.16013707892053e-12
20.99825305527469	-6.159794670622204e-12
21.03116063432782	-6.159451819387815e-12
21.06406821338094	-6.159108715536335e-12
21.09697579243406	-6.158764878724997e-12
21.12988337148719	-6.158420494010972e-12
21.16279095054031	-6.158075530952561e-12
21.19569852959343	-6.157729958497594e-12
21.22860610864656	-6.157383744981765e-12
21.26151368769968	-6.157036858125736e-12
21.2944212667528	-6.156689265031075e-12
21.32732884580593	-6.156340932175046e-12
21.36023642485905	-6.155991825404296e-12
21.39314400391217	-6.155641007518197e-12
21.4260515829653	-6.155290300557026e-12
21.45895916201842	-6.154938798872725e-12
21.49186674107154	-6.154586466204899e-12
21.52477432012467	-6.154233261119279e-12
21.55768189917779	-6.153879136137898e-12
21.59058947823091	-6.15352403668045e-12
21.62349705728404	-6.153167899768e-12
21.65640463633716	-6.152810652424885e-12
21.68931221539028	-6.152452209694258e-12
21.72221979444341	-6.15208859623413e-12
21.75512737349653	-6.151727378542662e-12
21.78803495254965	-6.151365033416949e-12
21.82094253160278	-6.151001518002338e-12
21.8538501106559	-6.150636775372833e-12
21.88675768970903	-6.150270727945315e-12
21.91966526876215	-6.149903266787464e-12
21.95257284781527	-6.149534233488379e-12
21.9854804268684	-6.149163387767502e-12
22.01838800592152	-6.148790345761135e-12
22.05129558497464	-6.148179993786216e-12
22.08420316402777	-6.147816817536334e-12
22.11711074308089	-6.147454528421412e-12
22.15001832213401	-6.147093333809601e-12
22.18292590118714	-6.14673334748883e-12
22.21583348024026	-6.146374635566486e-12
22.24874105929338	-6.146017237774231e-12
22.28164863834651	-6.145661178293104e-12
22.31455621739963	-6.14530647165749e-12
22.34746379645275	-6.144953126164359e-12
22.38037137550588	-6.144590476675776e-12
22.413278954559	-6.144241565088186e-12
22.44618653361212	-6.143894560626812e-12
22.47909411266525	-6.143549265060944e-12
22.51200169171837	-6.143205492399444e-12
22.54490927077149	-6.142863067847171e-12
22.57781684982462	-6.142521826864048e-12
22.61072442887774	-6.142181614315218e-12
22.64363200793087	-6.141842283702028e-12
22.67653958698399	-6.141503696465035e-12
22.70944716603711	-6.141171953036962e-12
22.74235474509024	-6.140833506405137e-12
22.77526232414336	-6.140495094268789e-12
22.80816990319648	-6.140156715740081e-12
22.84107748224961	-6.139818370233707e-12
22.87398506130273	-6.139480057391871e-12
22.90689264035585	-6.139141777030145e-12
22.93980021940898	-6.138803529097752e-12
22.9727077984621	-6.138465313648011e-12
23.00561537751522	-6.138127130816027e-12
23.03852295656835	-6.137788962858869e-12
23.07143053562147	-6.137450848163857e-12
23.10433811467459	-6.137112768062665e-12
23.13724569372772	-6.13677472260474e-12
23.17015327278084	-6.136436711838981e-12
23.20306085183396	-6.136098735813944e-12
23.23596843088709	-6.13576079457801e-12
23.26887600994021	-6.135422888179535e-12
23.30178358899333	-6.135085016667041e-12
23.33469116804646	-6.134747180089296e-12
23.36759874709958	-6.13440937748264e-12
23.4005063261527	-6.134071611015065e-12
23.43341390520583	-6.133733879716287e-12
23.46632148425895	-6.133396183628011e-12
23.49922906331208	-6.133058522788536e-12
23.5321366423652	-6.132720897232886e-12
23.56504422141832	-6.132383306992935e-12
23.59795180047145	-6.132045752097525e-12
23.63085937952457	-6.131708232572595e-12
23.66376695857769	-6.131370748441267e-12
23.69667453763082	-6.131033299610842e-12
23.72958211668394	-6.130695886335464e-12
23.76248969573706	-6.130358508516787e-12
23.79539727479019	-6.130021166166689e-12
23.82830485384331	-6.129683859294193e-12
23.86121243289643	-6.129346587905562e-12
23.89412001194956	-6.129009352004353e-12
23.92702759100268	-6.128672151591502e-12
23.9599351700558	-6.128334986665357e-12
23.99284274910893	-6.127997857221778e-12
24.02575032816205	-6.127660764668809e-12
24.05865790721517	-6.127323706038311e-12
24.0915654862683	-6.126986682745165e-12
24.12447306532142	-6.126649694788895e-12
24.15738064437454	-6.126312742172637e-12
24.19028822342767	-6.125975824903101e-12
24.22319580248079	-6.125638942990511e-12
24.25610338153392	-6.125302096448564e-12
24.28901096058704	-6.124965285294387e-12
24.32191853964016	-6.124628509548481e-12
24.35482611869329	-6.124291768106438e-12
24.38773369774641	-6.123955063355531e-12
24.42064127679953	-6.123618394188441e-12
24.45354885585266	-6.123281760628146e-12
24.48645643490578	-6.12294516269608e-12
24.5193640139589	-6.12260860041218e-12
24.55227159301203	-6.122272073794876e-12
24.58517917206515	-6.121935582861143e-12
24.61808675111827	-6.121599127626503e-12
24.6509943301714	-6.121262708105062e-12
24.68390190922452	-6.120926324378007e-12
24.71680948827764	-6.120589976313559e-12
24.74971706733077	-6.120253663990493e-12
24.78262464638389	-6.119917387418016e-12
24.81553222543701	-6.119581146604296e-12
24.84843980449014	-6.119244941556482e-12
24.88134738354326	-6.118908772280718e-12
24.91425496259638	-6.118572638782159e-12
24.94716254164951	-6.11823654106498e-12
24.98007012070263	-6.117900479132392e-12
25.01297769975575	-6.117564453180911e-12
25.04588527880888	-6.117228462805874e-12
25.078792857862	-6.11689250820306e-12
25.11170043691513	-6.116556589373685e-12
25.14460801596825	-6.116220706318887e-12
25.17751559502137	-6.115884859039738e-12
25.2104231740745	-6.115549047537245e-12
25.24333075312762	-6.115213271812346e-12
25.27623833218074	-6.114877531865944e-12
25.30914591123387	-6.114541827698873e-12
25.34205349028699	-6.114206159074671e-12
25.37496106934011	-6.113870526489959e-12
25.40786864839324	-6.113534929706859e-12
25.44077622744636	-6.11319936872395e-12
25.47368380649948	-6.112863843538781e-12
25.50659138555261	-6.11252835414786e-12
25.53949896460573	-6.112192900546682e-12
25.57240654365885	-6.111857482729727e-12
25.60531412271198	-6.111522100690464e-12
25.6382217017651	-6.111186754421375e-12
25.67112928081822	-6.110851444307163e-12
25.70403685987135	-6.110516169516377e-12
25.73694443892447	-6.110180930434198e-12
25.76985201797759	-6.109845727052727e-12
25.80275959703072	-6.10951055936476e-12
25.83566717608384	-6.109175427363803e-12
25.86857475513697	-6.108840331044059e-12
25.90148233419009	-6.10850527040042e-12
25.93438991324321	-6.108170245428472e-12
25.96729749229634	-6.107835256124479e-12
26.00020507134946	-6.107500302542915e-12
26.03311265040258	-6.107165384561061e-12
26.06602022945571	-6.106830502235179e-12
26.09892780850883	-6.106495655564737e-12
26.13183538756195	-6.106160844550109e-12
26.16474296661508	-6.105826069192559e-12
26.1976505456682	-6.105491329494212e-12
26.23055812472132	-6.105156625458088e-12
26.26346570377445	-6.104821957088055e-12
26.29637328282757	-6.10448732438884e-12
26.32928086188069	-6.104152727135132e-12
26.36218844093382	-6.103818165816111e-12
26.39509601998694	-6.10348364020652e-12
26.42800359904006	-6.10314915031232e-12
26.46091117809319	-6.102814696139317e-12
26.49381875714631	-6.102480277693172e-12
26.52672633619943	-6.102145894979379e-12
26.55963391525256	-6.101811548003297e-12
26.59254149430568	-6.101477236770129e-12
26.6254490733588	-6.10114296128494e-12
26.65835665241193	-6.100808720916735e-12
26.69126423146505	-6.1004745169984e-12
26.72417181051818	-6.100140348896357e-12
26.7570793895713	-6.099806216609694e-12
26.78998696862442	-6.099472120134619e-12
26.82289454767755	-6.099138059464432e-12
26.85580212673067	-6.098804034589528e-12
26.88870970578379	-6.098470045497397e-12
26.92161728483692	-6.098136092172599e-12
26.95452486389004	-6.097802174596782e-12
26.98743244294316	-6.097468293819665e-12
27.02034002199629	-6.097134447579109e-12
27.05324760104941	-6.096800636924397e-12
27.08615518010253	-6.096466861834803e-12
27.11906275915566	-6.096133122291227e-12
27.15197033820878	-6.095799418276175e-12
27.1848779172619	-6.095465749773746e-12
27.21778549631503	-6.09513211676961e-12
27.25069307536815	-6.094798519250988e-12
27.28360065442127	-6.094464957206632e-12
27.3165082334744	-6.094131430568928e-12
27.34941581252752	-6.093797939450731e-12
27.38232339158064	-6.09346448378689e-12
27.41523097063377	-6.093131063571563e-12
27.44813854968689	-6.092797678800095e-12
27.48104612874002	-6.092464329469032e-12
27.51395370779314	-6.092131015576091e-12
27.54686128684626	-6.091797737120148e-12
27.57976886589939	-6.091464494101228e-12
27.61267644495251	-6.091131286520494e-12
27.64558402400563	-6.090798114035997e-12
27.67849160305876	-6.090464977370892e-12
27.71139918211188	-6.090131876183034e-12
27.744306761165	-6.089798810474869e-12
27.77721434021813	-6.089465780248462e-12
27.81012191927125	-6.089132785505512e-12
27.84302949832437	-6.088799826247349e-12
27.8759370773775	-6.088466902474932e-12
27.90884465643062	-6.088134014188869e-12
27.94175223548374	-6.087801161389404e-12
27.97465981453687	-6.087468344324839e-12
28.00756739358999	-6.087135562475357e-12
28.04047497264311	-6.086802816090202e-12
28.07338255169624	-6.086470105170456e-12
28.10629013074936	-6.086137429717907e-12
28.13919770980248	-6.085804789735034e-12
28.17210528885561	-6.085472185225016e-12
28.20501286790873	-6.085139616191711e-12
28.23792044696185	-6.084807082639656e-12
28.27082802601498	-6.084474584574055e-12
28.3037356050681	-6.084142121605127e-12
28.33664318412123	-6.083809694566368e-12
28.36955076317435	-6.083477303066996e-12
28.40245834222747	-6.083144947111318e-12
28.4353659212806	-6.082812626702605e-12
28.46827350033372	-6.082480341843081e-12
28.50118107938684	-6.08214809253395e-12
28.53408865843997	-6.081815878775373e-12
28.56699623749309	-6.081483700566488e-12
28.59990381654621	-6.081151557905422e-12
28.63281139559934	-6.080819451168234e-12
28.66571897465246	-6.080487379558959e-12
28.69862655370558	-6.080155343453819e-12
28.73153413275871	-6.079823342850246e-12
28.76444171181183	-6.079491377746288e-12
28.79734929086495	-6.079159448140597e-12
28.83025686991808	-6.078827554032416e-12
28.8631644489712	-6.078495695421594e-12
28.89607202802432	-6.078163872308558e-12
28.92897960707745	-6.077832084694323e-12
28.96188718613057	-6.077500332216513e-12
28.99479476518369	-6.077168615637982e-12
29.02770234423682	-6.076836934595426e-12
29.06060992328994	-6.076505289088903e-12
29.09351750234307	-6.076173679117494e-12
29.12642508139619	-6.075842104679282e-12
29.15933266044931	-6.075510565771369e-12
29.19224023950244	-6.07517906238988e-12
29.22514781855556	-6.074847594529959e-12
29.25805539760868	-6.074516162185774e-12
29.29096297666181	-6.074184765781766e-12
29.32387055571493	-6.073853404408792e-12
29.35677813476805	-6.073522078491954e-12
29.38968571382118	-6.07319078802541e-12
29.4225932928743	-6.072859533004204e-12
29.45550087192742	-6.072528313424231e-12
29.48840845098055	-6.072197129282253e-12
29.52131603003367	-6.071865980575873e-12
29.55422360908679	-6.071534867303539e-12
29.58713118813992	-6.07120378946452e-12
29.62003876719304	-6.070872746566218e-12
29.65294634624616	-6.070541739639215e-12
29.68585392529929	-6.070210768189799e-12
29.71876150435241	-6.069879832216126e-12
29.75166908340553	-6.069548931715032e-12
29.78457666245866	-6.069218066682049e-12
29.81748424151178	-6.068887237111404e-12
29.85039182056491	-6.068556442996011e-12
29.88329939961803	-6.068225684327482e-12
29.91620697867115	-6.067894961096126e-12
29.94911455772428	-6.067564273930233e-12
29.9820221367774	-6.067233621481203e-12
30.01492971583052	-6.066903004378691e-12
30.04783729488365	-6.066572422613549e-12
30.08074487393677	-6.06624187617804e-12
30.11365245298989	-6.065911365065831e-12
30.14656003204302	-6.065580889271959e-12
30.17946761109614	-6.065250448792833e-12
30.21237519014926	-6.064920043626193e-12
30.24528276920239	-6.064589673771113e-12
30.27819034825551	-6.064259338908851e-12
30.31109792730863	-6.063929039708471e-12
30.34400550636176	-6.063598775851391e-12
30.37691308541488	-6.063268547338883e-12
30.409820664468	-6.06293835417213e-12
30.44272824352113	-6.062608196352219e-12
30.47563582257425	-6.062278073880153e-12
30.50854340162737	-6.061947986756855e-12
30.5414509806805	-6.061617934983152e-12
30.57435855973362	-6.061287918559791e-12
30.60726613878674	-6.060957937256897e-12
30.64017371783987	-6.060627991556687e-12
30.67308129689299	-6.060298081228054e-12
30.70598887594612	-6.059968206269419e-12
30.73889645499924	-6.059638366678124e-12
30.77180403405236	-6.059308562450441e-12
30.80471161310549	-6.058978793581574e-12
30.83761919215861	-6.058649060065662e-12
30.87052677121173	-6.058319361895787e-12
30.90343435026486	-6.057989699063961e-12
30.93634192931798	-6.057660072078916e-12
30.9692495083711	-6.05733047984825e-12
31.00215708742423	-6.057000922881745e-12
31.03506466647735	-6.056671401171826e-12
31.06797224553047	-6.056341914712063e-12
31.1008798245836	-6.056012463497157e-12
31.13378740363672	-6.055683047522914e-12
31.16669498268984	-6.055353666786257e-12
31.19960256174297	-6.055024321285197e-12
31.23251014079609	-6.054695011018815e-12
31.26541771984921	-6.054365735283461e-12
31.29832529890234	-6.054036495550805e-12
31.33123287795546	-6.053707291115925e-12
31.36414045700858	-6.053378121975959e-12
31.39704803606171	-6.053048988126047e-12
31.42995561511483	-6.052719889559304e-12
31.46286319416796	-6.052390826266826e-12
31.49577077322108	-6.052061798237687e-12
31.5286783522742	-6.051732805458917e-12
31.56158593132733	-6.051403847915508e-12
31.59449351038045	-6.051074925590393e-12
31.62740108943357	-6.050746038464459e-12
31.6603086684867	-6.050417186516513e-12
31.69321624753982	-6.050088369723292e-12
31.72612382659294	-6.04975958805945e-12
31.75903140564607	-6.049430841497557e-12
31.79193898469919	-6.049102130008069e-12
31.82484656375231	-6.048773453559348e-12
31.85775414280544	-6.048444812117631e-12
31.89066172185856	-6.048116205647039e-12
31.92356930091168	-6.047787634109551e-12
31.95647687996481	-6.047459097465008e-12
31.98938445901793	-6.047130595671104e-12
32.02229203807106	-6.046802128683368e-12
32.05519961712418	-6.046473696455159e-12
32.0881071961773	-6.046145298937663e-12
32.12101477523043	-6.045816936079872e-12
32.15392235428355	-6.045488607828591e-12
32.18682993333667	-6.045160314128408e-12
32.2197375123898	-6.044832054921699e-12
