0
1000	0.5109989461	100000000000000.1
5	0	0	1
5	0	0	0
-0.654933961680612	9.768597807143608e-14
-0.6220263826274882	1.980576234094692e-13
-0.5891188035743644	2.959856380812139e-13
-0.5562112245212406	4.008812800083614e-13
-0.5233036454681168	5.148566558061025e-13
-0.490396066414993	6.385482988082572e-13
-0.4574884873618692	7.721097138458057e-13
-0.4245809083087454	9.15512665383226e-13
-0.3916733292556216	1.068663944958295e-12
-0.3587657502024978	1.231456541724305e-12
-0.325858171149374	1.40379329259238e-12
-0.2929505920962502	1.585597760557206e-12
-0.2600430130431264	1.776818822128404e-12
-0.2271354339900026	1.977432066832692e-12
-0.1942278549368788	2.18743958329393e-12
-0.161320275883755	2.406868961404955e-12
-0.1284126968306312	2.635771956717073e-12
-0.09550511777750736	2.874223057994886e-12
-0.06259753872438356	3.122318086068602e-12
-0.02968995967125975	3.380172889051919e-12
0.003217619381864059	3.647922163520553e-12
0.03612519843498787	3.925718411403555e-12
0.06903277748811168	4.21373103147819e-12
0.1019403565412355	4.512145538696561e-12
0.1348479355943593	4.821162901917632e-12
0.1677555146474831	5.140998989688209e-12
0.2006630937006069	5.471884113750752e-12
0.2335706727537307	5.814062660505297e-12
0.2664782518068545	6.167792801451729e-12
0.2993858308599783	6.533346274532084e-12
0.3322934099131021	6.910724063925938e-12
0.3652009889662259	7.299863481842995e-12
0.3981085680193497	7.701677599165379e-12
0.4310161470724735	8.116199225227062e-12
0.4639237261255973	8.543420501640415e-12
0.4968313051787211	8.984122068407188e-12
0.529738884231845	9.438844225394298e-12
0.5626464632849688	9.907094360047479e-12
0.5955540423380926	1.038975685563029e-11
0.6284616213912164	1.088726263486966e-11
0.6613692004443402	1.139945931191761e-11
0.694276779497464	1.192719649007674e-11
0.7271843585505878	1.247053153085615e-11
0.7600919376037116	1.303027844033462e-11
0.7929995166568354	1.360704592167133e-11
0.8259070957099592	1.420023795445914e-11
0.858814674763083	1.481172574175979e-11
0.8917222538162068	1.544097078730882e-11
0.9246298328693306	1.608896986441077e-11
0.9575374119224545	1.675599563556243e-11
0.9904449909755783	1.744270119740423e-11
1.023352570028702	1.814947078413666e-11
1.056260149081826	1.887710812627401e-11
1.08916772813495	1.96258931643809e-11
1.122075307188074	2.039674573819696e-11
1.154982886241198	2.118976204954041e-11
1.187890465294322	2.200594983397237e-11
1.220798044347446	2.284564476068277e-11
1.253705623400569	2.371018728236866e-11
1.286613202453693	2.459911278849512e-11
1.319520781506817	2.551405105281945e-11
1.352428360559941	2.645550142380707e-11
1.385335939613065	2.742351050434002e-11
1.418243518666189	2.841921243263896e-11
1.451151097719313	2.944394779474181e-11
1.484058676772437	3.049769096668747e-11
1.516966255825561	3.158196955478459e-11
1.549873834878685	3.269629027552135e-11
1.582781413931809	3.384227020050476e-11
1.615688992984933	3.502144803406283e-11
1.648596572038056	3.623348051384948e-11
1.68150415109118	3.747993969751694e-11
1.714411730144304	3.876172467509903e-11
1.747319309197428	4.007856775646311e-11
1.780226888250552	4.143299531684235e-11
1.813134467303676	4.282466809052656e-11
1.8460420463568	4.425549031840427e-11
1.878949625409924	4.57258219763659e-11
1.911857204463048	4.723697294108347e-11
1.944764783516172	4.879006923145621e-11
1.977672362569296	5.038495050842482e-11
2.010579941622419	5.202433964099701e-11
2.043487520675543	5.370753263120632e-11
2.076395099728667	5.543736297328759e-11
2.109302678781791	5.721382504677085e-11
2.142210257834915	5.90380235358784e-11
2.175117836888039	6.091146759517581e-11
2.208025415941163	6.2835219717923e-11
2.240932994994287	6.480945264330957e-11
2.273840574047411	6.683646102783303e-11
2.306748153100535	6.891722743274053e-11
2.339655732153659	7.105237348884063e-11
2.372563311206783	7.324272394818138e-11
2.405470890259906	7.549077952978737e-11
2.43837846931303	7.779675300028377e-11
2.471286048366154	8.01616802944759e-11
2.504193627419278	8.258747571764614e-11
2.537101206472402	8.507459386685966e-11
2.570008785525526	8.762482658715796e-11
2.60291636457865	9.023811874261455e-11
2.635823943631774	9.291702154756232e-11
2.668731522684898	9.566250130873937e-11
2.701639101738022	9.847544040072665e-11
2.734546680791146	1.013559642100712e-10
2.76745425984427	1.043072259784698e-10
2.800361838897393	1.073294232002645e-10
2.833269417950517	1.104233442531332e-10
2.866176997003641	1.135907486137131e-10
2.899084576056765	1.16831892628826e-10
2.931992155109889	1.201489141324091e-10
2.964899734163013	1.235420944545814e-10
2.997807313216137	1.27013225773449e-10
3.030714892269261	1.305628574950327e-10
3.063622471322385	1.341910710889492e-10
3.096530050375509	1.379014771764546e-10
3.129437629428633	1.41691836349901e-10
3.162345208481756	1.455655070434398e-10
3.19525278753488	1.495195079840032e-10
3.228160366588004	1.535637154668212e-10
3.261067945641128	1.576889484705159e-10
3.293975524694252	1.619021574022264e-10
3.326883103747376	1.662005067560837e-10
3.3597906828005	1.705863672300761e-10
3.392698261853624	1.750614236191626e-10
3.425605840906748	1.796245794860831e-10
3.458513419959872	1.84275334736573e-10
3.491420999012996	1.890198452321215e-10
3.52432857806612	1.938527625922583e-10
3.557236157119243	1.987775839557154e-10
3.590143736172367	2.037933190022187e-10
3.623051315225491	2.089013761027225e-10
3.655958894278615	2.141003577166398e-10
3.688866473331739	2.193929119192846e-10
3.721774052384863	2.247777392408258e-10
3.754681631437987	2.302565667204199e-10
3.787589210491111	2.358271064906953e-10
3.820496789544235	2.414919135895951e-10
3.853404368597359	2.472489319586595e-10
3.886311947650483	2.530995119296862e-10
3.919219526703607	2.590414295802378e-10
3.95212710575673	2.650779496361195e-10
3.985034684809854	2.712064058001817e-10
4.017942263862978	2.774278584207402e-10
4.050849842916102	2.837411546699475e-10
4.083757421969225	2.901460543044475e-10
4.116665001022349	2.966425440510129e-10
4.149572580075472	3.032302267089253e-10
4.182480159128596	3.099095087798802e-10
4.215387738181719	3.166756961146216e-10
4.248295317234843	3.235334135888713e-10
4.281202896287966	3.304792768976011e-10
4.314110475341089	3.374708838904871e-10
4.347018054394213	3.445899576299165e-10
4.379925633447336	3.517763987126082e-10
4.41283321250046	3.590800123630981e-10
4.445740791553583	3.664348369184396e-10
4.478648370606707	3.739303930985196e-10
4.51155594965983	3.814844703605415e-10
4.544463528712954	3.891896456962518e-10
4.577371107766077	3.969825829312803e-10
4.610278686819201	4.049238175522961e-10
4.643186265872324	4.093877137493023e-10
4.676093844925448	4.198667408003803e-10
4.709001423978571	4.264428483540571e-10
4.741909003031695	4.368223978893254e-10
4.774816582084818	4.417053359486941e-10
4.807724161137942	4.539181533976506e-10
4.840631740191065	4.581046172819984e-10
4.873539319244188	4.721501433080986e-10
4.906446898297312	4.763449958246158e-10
4.939354477350435	4.920620915041832e-10
4.972262056403559	5.032051119814027e-10
5.005169635456682	5.115392730540981e-10
5.038077214509806	5.24005177487653e-10
5.070984793562929	5.319051886660362e-10
5.103892372616053	5.460066709650727e-10
5.136799951669176	5.534868689106942e-10
5.1697075307223	5.699103133769064e-10
5.202615109775423	5.832024740979632e-10
5.235522688828547	5.932852369115558e-10
5.26843026788167	6.084165551991253e-10
5.301337846934794	6.154350134688763e-10
5.334245425987917	6.349654773062497e-10
5.367153005041041	6.504590719361306e-10
5.400060584094164	6.635725194426666e-10
5.432968163147287	6.803455852845668e-10
5.465875742200411	6.819765372179732e-10
5.498783321253534	7.105115998821151e-10
5.531690900306658	7.285663627988415e-10
5.564598479359781	7.395807146642856e-10
5.597506058412905	7.62212943744527e-10
5.630413637466028	7.815066089009001e-10
5.663321216519152	7.976787264035557e-10
5.696228795572275	8.191686437793852e-10
5.729136374625399	8.397380363852675e-10
5.762043953678522	8.562646764148037e-10
5.794951532731646	8.80072924021001e-10
5.827859111784769	9.027365748665302e-10
5.860766690837893	9.212138743018614e-10
5.893674269891016	9.470697303379405e-10
5.92658184894414	9.718305956548047e-10
5.959489427997263	9.937070730639846e-10
5.992397007050386	1.021099495510055e-09
6.02530458610351	1.047895050596685e-09
6.058212165156633	1.068682078148286e-09
6.091119744209757	1.100700052821974e-09
6.12402732326288	1.130413853742525e-09
6.156934902316004	1.148871016920676e-09
6.189842481369127	1.188175814393878e-09
6.222750060422251	1.221052522508239e-09
6.255657639475374	1.253970819692857e-09
6.288565218528498	1.285063052047647e-09
6.321472797581621	1.321074080609838e-09
6.354380376634745	1.357090633950784e-09
6.387287955687868	1.385460090759021e-09
6.420195534740992	1.429179038083683e-09
6.453103113794115	1.46940969102748e-09
6.486010692847239	1.510136680487888e-09
6.518918271900362	1.547097958192524e-09
6.551825850953485	1.592643799602561e-09
6.584733430006609	1.637704738423444e-09
6.617641009059732	1.683748303906678e-09
6.650548588112856	1.728635315114424e-09
6.683456167165979	1.778378359923669e-09
6.716363746219103	1.828953091672856e-09
6.749271325272226	1.866892162628248e-09
6.78217890432535	1.930907766374891e-09
6.815086483378473	1.987548056170101e-09
6.847994062431597	2.044981014212216e-09
6.88090164148472	2.090057867458585e-09
6.913809220537844	2.161126745128393e-09
6.946716799590967	2.225231333183656e-09
6.979624378644091	2.290459091653728e-09
7.012531957697214	2.357365315987841e-09
7.045439536750338	2.423799196047112e-09
7.078347115803461	2.496060543402928e-09
7.111254694856584	2.569796354380977e-09
7.144162273909708	2.645670652774822e-09
7.177069852962831	2.718365922301215e-09
7.209977432015955	2.801981941764344e-09
7.242885011069078	2.886231054633648e-09
7.275792590122202	2.972548877040484e-09
7.308700169175325	3.050618946802118e-09
7.341607748228449	3.149854910955112e-09
7.374515327281572	3.246050787449584e-09
7.407422906334696	3.344402811577544e-09
7.440330485387819	3.445721741289711e-09
7.473238064440943	3.546236053154825e-09
7.506145643494066	3.656145641807594e-09
7.53905322254719	3.768044019092924e-09
7.571960801600313	3.883237982800389e-09
7.604868380653437	4.001942496247164e-09
7.63777595970656	4.119256855305758e-09
7.670683538759683	4.248375519349184e-09
7.703591117812807	4.379940865644203e-09
7.73649869686593	4.515394689024837e-09
7.769406275919054	4.654997082062992e-09
7.802313854972177	4.793694953265832e-09
7.835221434025301	4.945119224576953e-09
7.868129013078424	5.099777140798295e-09
7.901036592131548	5.259011888468341e-09
7.933944171184671	5.423211628564232e-09
7.966851750237795	5.588386334028879e-09
7.999759329290918	5.765678714892733e-09
8.032666908344043	5.947200798298053e-09
8.065574487397166	6.134276140666259e-09
8.098482066450289	6.327357878317096e-09
8.131389645503413	6.51449741652736e-09
8.164297224556536	6.728217753732359e-09
8.19720480360966	6.942649905596432e-09
8.230112382662783	7.163140888864103e-09
8.263019961715907	7.390562558916344e-09
8.29592754076903	7.625302162468853e-09
8.328835119822154	7.860164387780304e-09
8.361742698875277	8.114580751631842e-09
8.394650277928401	8.374580536569331e-09
8.427557856981524	8.642529570419266e-09
8.460465436034648	8.919085418462694e-09
8.493373015087771	9.204601237907307e-09
8.526280594140895	9.495359905497225e-09
8.559188173194018	9.802219906616614e-09
8.592095752247142	1.011783908596536e-08
8.625003331300265	1.044355633945226e-08
8.657910910353388	1.07798528075445e-08
8.690818489406512	1.112726919570232e-08
8.723726068459635	1.147839939518204e-08
8.756633647512759	1.185348219306075e-08
8.789541226565882	1.22381625248859e-08
8.822448805619006	1.2634949740539e-08
8.855356384672129	1.304463412851371e-08
8.888263963725253	1.34678157245705e-08
8.921171542778376	1.389092844394127e-08
8.9540791218315	1.43520711460866e-08
8.986986700884623	1.482100925382608e-08
9.019894279937747	1.530448866529481e-08
9.05280185899087	1.580362355886552e-08
9.085709438043994	1.631928931032804e-08
9.118617017097117	1.685212575902619e-08
9.15152459615024	1.739679746925128e-08
9.184432175203364	1.796903969613298e-08
9.217339754256487	1.855802749540198e-08
9.250247333309611	1.916615986700715e-08
9.283154912362734	1.979449830750048e-08
9.316062491415858	2.044370838189184e-08
9.348970070468981	2.111473150768978e-08
9.381877649522105	2.179820998007989e-08
9.414785228575228	2.252042653879306e-08
9.447692807628352	2.326278234775255e-08
9.480600386681475	2.40291754085538e-08
9.513507965734599	2.482093008261846e-08
9.546415544787722	2.56391546644479e-08
9.579323123840846	2.648476419857524e-08
9.612230702893969	2.734130225363912e-08
9.645138281947093	2.825604651037783e-08
9.678045861000216	2.919205735192769e-08
9.710953440053339	3.015815645716406e-08
9.743861019106463	3.115605799880188e-08
9.776768598159586	3.21873666007833e-08
9.80967617721271	3.325329677562406e-08
9.842583756265833	3.435501557577574e-08
9.875491335318957	3.54860813407344e-08
9.90839891437208	3.666719068580512e-08
9.941306493425204	3.788435849671818e-08
9.974214072478327	3.914229682021372e-08
10.00712165153145	4.044200490897907e-08
10.04002923058457	4.178556213426767e-08
10.0729368096377	4.317387756630107e-08
10.10584438869082	4.460910422533852e-08
10.13875196774394	4.607861967271085e-08
10.17165954679707	4.762005867572868e-08
10.20456712585019	4.920652854904578e-08
10.23747470490332	5.084541175259953e-08
10.27038228395644	5.254392751719239e-08
10.30328986300956	5.429590995746113e-08
10.33619744206269	5.610691502112114e-08
10.36910502111581	5.798029455661999e-08
10.40201260016893	5.992948075347056e-08
10.43492017922206	6.189839535045225e-08
10.46782775827518	6.397710228349441e-08
10.5007353373283	6.611969056203169e-08
10.53364291638143	6.833651534342511e-08
10.56655049543455	7.061628828281468e-08
10.59945807448767	7.296527121876857e-08
10.6323656535408	7.541779299090282e-08
10.66527323259392	7.795779335472694e-08
10.69818081164704	8.048384948994549e-08
10.73108839070017	8.327573049557629e-08
10.76399596975329	8.609943790013252e-08
10.79690354880641	8.902188356065293e-08
10.82981112785954	9.206177432593533e-08
10.86271870691266	9.517510645620516e-08
10.89562628596578	9.840989755066745e-08
10.92853386501891	1.018066548570637e-07
10.96144144407203	1.053154127856554e-07
10.99434902312515	1.088130201719347e-07
11.02725660217828	1.126915417577885e-07
11.0601641812314	1.166303480720346e-07
11.09307176028453	1.207274722195376e-07
11.12597933933765	1.249765424892108e-07
11.15888691839077	1.293660500510357e-07
11.1917944974439	1.339529803484308e-07
11.22470207649702	1.387488615981127e-07
11.25760965555014	1.437233154377479e-07
11.29051723460327	1.489058882742954e-07
11.32342481365639	1.542712749228319e-07
11.35633239270951	1.598493725563354e-07
11.38923997176264	1.657266700610328e-07
11.42214755081576	1.718268086899579e-07
11.45505512986888	1.781875650283879e-07
11.48796270892201	1.848015174461756e-07
11.52087028797513	1.916899292096867e-07
11.55377786702825	1.989143531758833e-07
11.58668544608138	2.064414547341452e-07
11.6195930251345	2.14301671071466e-07
11.65250060418762	2.2247763746754e-07
11.68540818324075	2.310493911518126e-07
11.71831576229387	2.399896137218564e-07
11.75122334134699	2.493375039638749e-07
11.78413092040012	2.591035660055355e-07
11.81703849945324	2.692682008278865e-07
11.84994607850637	2.799250123699419e-07
11.88285365755949	2.910934023443355e-07
11.91576123661261	3.027514441250642e-07
11.94866881566574	3.149390594001137e-07
11.98157639471886	3.277095855869372e-07
12.01448397377198	3.409787358778053e-07
12.04739155282511	3.549396592987575e-07
12.08029913187823	3.695193394855714e-07
12.11320671093135	3.847929618599776e-07
12.14611428998448	4.007743551776777e-07
12.1790218690376	4.174617670803056e-07
12.21192944809072	4.349765882212805e-07
12.24483702714385	4.532955113627934e-07
12.27774460619697	4.724640508720325e-07
12.31065218525009	4.925280473797107e-07
12.34355976430322	5.135413928767302e-07
12.37646734335634	5.354630919059287e-07
12.40937492240946	5.585055946879827e-07
12.44228250146259	5.825964238545237e-07
12.47519008051571	6.077999557573191e-07
12.50809765956883	6.342027872853639e-07
12.54100523862196	6.618504635513931e-07
12.57391281767508	6.907369828063031e-07
12.6068203967282	7.2101553781248e-07
12.63972797578133	7.527037137952731e-07
12.67263555483445	7.85868478021979e-07
12.70554313388758	8.205785012732771e-07
12.7384507129407	8.569219751562968e-07
12.77135829199382	8.949001379218693e-07
12.80426587104695	9.346788276908654e-07
12.83717345010007	9.76292485356285e-07
12.87008102915319	1.019806308815679e-06
12.90298860820632	1.065360110653935e-06
12.93589618725944	1.11301175238826e-06
12.96880376631256	1.162789352211625e-06
13.00171134536569	1.214898668361377e-06
13.03461892441881	1.269376615958006e-06
13.06752650347193	1.326332097964486e-06
13.10043408252506	1.385875687981196e-06
13.13334166157818	1.448113434408922e-06
13.1662492406313	1.513061761647749e-06
13.19915681968443	1.581097613866881e-06
13.23206439873755	1.65211560986355e-06
13.26497197779067	1.726309375520448e-06
13.2978795568438	1.803806511124835e-06
13.33078713589692	1.884727994633081e-06
13.36369471495004	1.969281967883921e-06
13.39660229400317	2.057469906324521e-06
13.42950987305629	2.149608530793762e-06
13.46241745210942	2.245763737893698e-06
13.49532503116254	2.346108612097512e-06
13.52823261021566	2.450810588501359e-06
13.56114018926879	2.560043437917067e-06
13.59404776832191	2.674024063284591e-06
13.62695534737503	2.792784510019737e-06
13.65986292642816	2.916712322947068e-06
13.69277050548128	3.045907808570003e-06
13.7256780845344	3.18058379543815e-06
13.75858566358753	3.320954645465368e-06
13.79149324264065	3.467204319744238e-06
13.82440082169377	3.619653945591884e-06
13.8573084007469	3.778375277574418e-06
13.89021597980002	3.943769411831059e-06
13.92312355885314	4.116007674860279e-06
13.95603113790627	4.295349173654875e-06
13.98893871695939	4.482059476567013e-06
14.02184629601251	4.676433455637332e-06
14.05475387506564	4.878716831017843e-06
14.08766145411876	5.089139524147567e-06
14.12056903317188	5.308178468702287e-06
14.15347661222501	5.536008489185347e-06
14.18638419127813	5.772982241518121e-06
14.21929177033125	6.019427828223964e-06
14.25219934938438	6.275706631844953e-06
14.2851069284375	6.542156186815881e-06
14.31801450749063	6.81909575596899e-06
14.35092208654375	7.106900799882759e-06
14.38382966559687	7.406060653686606e-06
14.41673724465	7.716916079021836e-06
14.44964482370312	8.039855889370648e-06
14.48255240275624	8.375330193379861e-06
14.51545998180937	8.723786659333486e-06
14.54836756086249	9.085650983118141e-06
14.58127513991561	9.4615304089815e-06
14.61418271896874	9.851517251454362e-06
14.64709029802186	1.025653201209594e-05
14.67999787707498	1.067693414418615e-05
14.71290545612811	1.111325614075844e-05
14.74581303518123	1.15660558698836e-05
14.77872061423435	1.203592204793263e-05
14.81162819328748	1.252341441090941e-05
14.8445357723406	1.30291517969703e-05
14.87744335139372	1.355360941646112e-05
14.91035093044685	1.409767298165409e-05
14.94325850949997	1.466190071890556e-05
14.97616608855309	1.524698620344054e-05
15.00907366760622	1.585366849473371e-05
15.04198124665934	1.648261184048217e-05
15.07488882571247	1.713461655668376e-05
15.10779640476559	1.781042475754688e-05
15.14070398381871	1.851086160180025e-05
15.17361156287184	1.923683321662686e-05
15.20651914192496	1.998913576403768e-05
15.23942672097808	2.076867804896695e-05
15.27233430003121	2.15763400969388e-05
15.30524187908433	2.24131095569535e-05
15.33814945813745	2.327993802189253e-05
15.37105703719058	2.417782378151057e-05
15.4039646162437	2.51079309830501e-05
15.43687219529682	2.607109670526153e-05
15.46977977434995	2.706868769785086e-05
15.50268735340307	2.810172505056584e-05
15.53559493245619	2.917143656064551e-05
15.56850251150932	3.027903870305326e-05
15.60141009056244	3.142579773993924e-05
15.63431766961556	3.261302286716881e-05
15.66722524866869	3.38420620672046e-05
15.70013282772181	3.511450807617968e-05
15.73304040677493	3.643123658453622e-05
15.76594798582806	3.779432214980952e-05
15.79885556488118	3.92051259419036e-05
15.8317631439343	4.066521244461981e-05
15.86467072298743	4.217625850047569e-05
15.89757830204055	4.374027303726225e-05
15.93048588109368	4.535835137995538e-05
15.9633934601468	4.703257938481995e-05
15.99630103919992	4.876488790606824e-05
16.02920861825305	5.055705819128515e-05
16.06211619730617	5.241102582255636e-05
16.09502377635929	5.432756247225703e-05
16.12793135541242	5.631890115492936e-05
16.16083893446554	5.836975527374137e-05
16.19374651351866	6.049304290710474e-05
16.22665409257179	6.268886862476469e-05
16.25956167162491	6.496107116748686e-05
16.29246925067804	6.731077555721592e-05
16.32537682973116	6.975717543723402e-05
16.35828440878428	7.225826550236086e-05
16.39119198783741	7.485787480494888e-05
16.42409956689053	7.754658426855557e-05
16.45700714594365	8.032672538805034e-05
16.48991472499678	8.320194001180463e-05
16.5228223040499	8.61732759969481e-05
16.55572988310302	8.925545229959362e-05
16.58863746215615	9.243265582880644e-05
16.62154504120927	9.57196943230123e-05
16.65445262026239	9.91181240382738e-05
16.68736019931552	0.0001026323163285576
16.72026777836864	0.0001062656085129287
16.75317535742176	0.0001100171416413361
16.78608293647489	0.0001139110183326752
16.81899051552801	0.0001179254406780549
16.85189809458113	0.0001220766674924264
16.88480567363426	0.0001263676307999469
16.91771325268738	0.000130804539284395
16.9506208317405	0.0001353909402644764
16.98352841079363	0.0001401272758232249
17.01643598984675	0.0001450370057553107
17.04934356889988	0.0001501031545846432
17.082251147953	0.0001553405581360849
17.11515872700612	0.0001607540122574013
17.14806630605925	0.000166350257526937
17.18097388511237	0.0001721344607142989
17.21388146416549	0.0001781087193285775
17.24678904321862	0.0001842989297190288
17.27969662227174	0.0001906857246839228
17.31260420132486	0.0001972883427550525
17.34551178037799	0.0002041121932003456
17.37841935943111	0.0002111662098030635
17.41132693848423	0.0002184568390408828
17.44423451753736	0.0002259905837603461
17.47714209659048	0.0002337873631819329
17.5100496756436	0.0002418341388909854
17.54295725469673	0.0002501535606369634
17.57586483374985	0.0002587513723073202
17.60877241280297	0.0002676386252266775
17.6416799918561	0.0002768236543989426
17.67458757090922	0.0002863161360292774
17.70749514996234	0.000296112662659549
17.74040272901547	0.0003062697211619824
17.77331030806859	0.0003167483922469483
17.80621788712171	0.0003275784199127889
17.83912546617484	0.0003387706249429433
17.87203304522796	0.0003503380999550163
17.90494062428109	0.0003622925355956036
17.93784820333421	0.0003746460053273888
17.97075578238733	0.0003874267284751908
18.00366336144046	0.0004006146141293111
18.03657094049358	0.000414250887682633
18.0694785195467	0.0004283438242047922
18.10238609859983	0.0004429075688728952
18.13529367765295	0.0004579592110521348
18.16820125670607	0.0004735140657196914
18.2011088357592	0.0004895877795453312
18.23401641481232	0.0005062110372636709
18.26692399386544	0.0005233740365208426
18.29983157291857	0.0005411157052925621
18.33273915197169	0.0005594509500756635
18.36564673102481	0.0005783985045059939
18.39855431007794	0.0005979803416909714
18.43146188913106	0.0006182165219522553
18.46436946818418	0.0006391284634400866
18.49727704723731	0.0006607506884955647
18.53018462629043	0.0006830773751955487
18.56309220534355	0.0007061572518424044
18.59599978439668	0.0007300087483788454
18.6289073634498	0.0007546568017467795
18.66181494250293	0.0007801290997595929
18.69472252155605	0.000806452340937998
18.72763010060917	0.0008336545990134047
18.7605376796623	0.0008617586409812494
18.79344525871542	0.0008908228551565458
18.82635283776854	0.0009208430543151818
18.85926041682167	0.000951867464711745
18.89216799587479	0.0009839276559193452
18.92507557492791	0.001017060155327292
18.95798315398104	0.001051299328766985
18.99089073303416	0.00108668216294622
19.02379831208728	0.001123245982895238
19.05670589114041	0.00116105070665148
19.08961347019353	0.001200086577093444
19.12252104924665	0.001240439067605204
19.15542862829978	0.001282140108221743
19.1883362073529	0.001325233381466075
19.22124378640602	0.001369767260291885
19.25415136545915	0.001415788570694582
19.28705894451227	0.001463346956316079
19.31996652356539	0.001512493052240409
19.35287410261852	0.001563289573910654
19.38578168167164	0.001615770742856332
19.41868926072476	0.001670008801198841
19.45159683977789	0.001726058645295962
19.48450441883101	0.001783980158371483
19.51741199788414	0.001843836990426461
19.55031957693726	0.001905692963641457
19.58322715599038	0.001969614661572934
19.61613473504351	0.002035670385735515
19.64904231409663	0.002103956275827522
19.68194989314975	0.002174482670687332
19.71485747220288	0.002247381261719146
19.747765051256	0.002322715378085375
19.78067263030912	0.002400564872165964
19.81358020936225	0.002481015697779681
19.84648778841537	0.002564153378084699
19.87939536746849	0.002650067764290962
19.91230294652162	0.002738851017231777
19.94521052557474	0.002830594088867646
19.97811810462786	0.002925419620974898
20.01102568368099	0.003023398162118541
20.04393326273411	0.003124650454082289
20.07684084178723	0.003229284726330614
20.10974842084036	0.00333741296441732
20.14265599989348	0.003449153528027557
20.1755635789466	0.003564626009377551
20.20847115799973	0.003683955013886291
20.24137873705285	0.003807268864332066
20.27428631610598	0.003934624497662097
20.3071938951591	0.004066394501343578
20.34010147421222	0.004202481435123127
20.37300905326535	0.004343113736545856
20.40591663231847	0.004488442359786023
20.43882421137159	0.004638625556567625
20.47173179042472	0.00479382453756766
20.50463936947784	0.004954206786248707
20.53754694853096	0.005119945842600563
20.57045452758409	0.005291219049650797
20.60336210663721	0.005468156199857235
20.63626968569033	0.005651124965017694
20.66917726474346	0.005840138578302025
20.70208484379658	0.006035465499570097
20.7349924228497	0.006237316158829093
20.76790000190283	0.006445907508037856
20.80080758095595	0.006661466733359519
20.83371516000907	0.006884224480194732
20.8666227390622	0.007114422274661047
20.89953031811532	0.007352307368182985
20.93243789716844	0.007598133004575663
20.96534547622157	0.007852185425727095
20.99825305527469	0.008114707827719427
21.03116063432782	0.008386000321726273
21.06406821338094	0.00866635386095284
21.09697579243406	0.008956069256764581
21.12988337148719	0.009255461522462018
21.16279095054031	0.009564852551551064
21.19569852959343	0.009884576313715109
21.22860610864656	0.01021497763709193
21.26151368769968	0.01055641279857247
21.2944212667528	0.01090922794478968
21.32732884580593	0.01127387747491034
21.36023642485905	0.01165067710426443
21.39314400391217	0.01204005978907806
21.4260515829653	0.01244244676222563
21.45895916201842	0.01285827138983008
21.49186674107154	0.01328798343473181
21.52477432012467	0.0137320453559539
21.55768189917779	0.01419093744631079
21.59058947823091	0.01466515419308557
21.62349705728404	0.01515520676649847
21.65640463633716	0.01566160091534364
21.68931221539028	0.01618496333335455
21.72221979444341	0.01672576912680479
21.75512737349653	0.0172846366854405
21.78803495254965	0.01786216688669826
21.82094253160278	0.01845898193532041
21.8538501106559	0.01907572504971199
21.88675768970903	0.01971306629379864
21.91966526876215	0.02037169258829349
21.95257284781527	0.02105230872807812
21.9854804268684	0.02175565391981123
22.01838800592152	0.02248248256025162
22.05129558497464	0.02323359790086731
22.08420316402777	0.02400977710006856
22.11711074308089	0.02481187823079011
22.15001832213401	0.02564076006933841
22.18292590118714	0.02649703234202581
22.21583348024026	0.02738220038360792
22.24874105929338	0.02829692888768056
22.28164863834651	0.02924220415425109
22.31455621739963	0.03021904683782328
22.34746379645275	0.03122851102469942
22.38037137550588	0.03227168501796192
22.413278954559	0.03334969144920881
22.44618653361212	0.03446370814297094
22.47909411266525	0.03561473751253542
22.51200169171837	0.0368043790968509
22.54490927077149	0.0380337722472469
22.57781684982462	0.03930422302471941
22.61072442887774	0.04061710411638007
22.64363200793087	0.04197383136685615
22.67653958698399	0.04337586798575026
22.70944716603711	0.04482472729574034
22.74235474509024	0.04632196817529951
22.77526232414336	0.0478689197722171
22.80816990319648	0.04946782738326217
22.84107748224961	0.05112018084173574
22.87398506130273	0.0528276848373124
22.90689264035585	0.05459221786168814
22.93980021940898	0.05641568195683597
22.9727077984621	0.05830004264286176
23.00561537751522	0.06024733518537917
23.03852295656835	0.06225965826125218
23.07143053562147	0.06433888936776322
23.10433811467459	0.06648785402943518
23.13724569372772	0.06870862092821903
23.17015327278084	0.07100354678007637
23.20306085183396	0.07337511836183196
23.23596843088709	0.07582587653238992
23.26887600994021	0.0783585318932857
23.30178358899333	0.08097574143582638
23.33469116804646	0.08368036113327876
23.36759874709958	0.08647530443237131
23.4005063261527	0.08936340292692757
23.43341390520583	0.09234814141418971
23.46632148425895	0.09543260046379749
23.49922906331208	0.09862005714758658
23.5321366423652	0.1019139681250163
23.56504422141832	0.105317887632777
23.59795180047145	0.1088354893993128
23.63085937952457	0.1124705687383663
23.66376695857769	0.1162270396720011
23.69667453763082	0.1201086820142226
23.72958211668394	0.1241202559752701
23.76248969573706	0.1282658393412671
23.79539727479019	0.1325498597401863
23.82830485384331	0.1369769560597914
23.86121243289643	0.1415519082680239
23.89412001194956	0.1462796539573903
23.92702759100268	0.1511652945916203
23.9599351700558	0.1562141036890082
23.99284274910893	0.161431527025033
24.02575032816205	0.1668228910972635
24.05865790721517	0.1723946197089802
24.0915654862683	0.1781524638863404
24.12447306532142	0.1841026245344025
24.15738064437454	0.1902514686558462
24.19028822342767	0.1966056876892348
24.22319580248079	0.2031721261229204
24.25610338153392	0.2099578717613458
24.28901096058704	0.2169702453800645
24.32191853964016	0.2242168178938465
24.35482611869329	0.2317052097892924
24.38773369774641	0.2394438883535791
24.42064127679953	0.2474410622551536
24.45354885585266	0.2557053090603677
24.48645643490578	0.264245565232528
24.5193640139589	0.2730710487723543
24.55227159301203	0.2821912840959697
24.58517917206515	0.2916161580212165
24.61808675111827	0.301355730893969
24.6509943301714	0.3114206153261714
24.68390190922452	0.3218216412880801
24.71680948827764	0.332569712622015
24.74971706733077	0.3436771098401319
24.78262464638389	0.3551554562535467
24.81553222543701	0.367017156976267
24.84843980449014	0.3792750152085657
24.88134738354326	0.3919422616105156
24.91425496259638	0.4050325689202595
24.94716254164951	0.4185600661331151
24.98007012070263	0.4325393541332701
25.01297769975575	0.4469855219532547
25.04588527880888	0.4619141552241013
25.078792857862	0.4773410596624831
25.11170043691513	0.4932835276804972
25.14460801596825	0.5097584478582141
25.17751559502137	0.5267836005559513
25.2104231740745	0.5443773626604868
25.24333075312762	0.5625587229412956
25.27623833218074	0.5813473077329091
25.30914591123387	0.6007633960688988
25.34205349028699	0.6208279450602917
25.37496106934011	0.6415626122281175
25.40786864839324	0.6629897761289569
25.44077622744636	0.685132355420588
25.47368380649948	0.708014677231219
25.50659138555261	0.7316612261535058
25.53949896460573	0.7560975238162835
25.57240654365885	0.7813499713012975
25.60531412271198	0.8074457738644863
25.6382217017651	0.8344131368262456
25.67112928081822	0.8622811599920979
25.70403685987135	0.8910799228407497
25.73694443892447	0.9208405089774153
25.76985201797759	0.9515950425825569
25.80275959703072	0.9833763860768345
25.83566717608384	1.016219514294507
25.86857475513697	1.050159542760655
25.90148233419009	1.085233106098322
25.93438991324321	1.121478062331229
25.96729749229634	1.15893353272504
26.00020507134946	1.197639949116577
26.03311265040258	1.237639087273915
26.06602022945571	1.278974118474865
26.09892780850883	1.321689686480682
26.13183538756195	1.365831852765864
26.16474296661508	1.411448289723639
26.1976505456682	1.458587882903175
26.23055812472132	1.507302220012033
26.26346570377445	1.557643528841609
26.29637328282757	1.609666149493405
26.32928086188069	1.663426233505887
26.36218844093382	1.718981809051479
26.39509601998694	1.776392842245408
26.42800359904006	1.835721302021481
26.46091117809319	1.897031226832218
26.49381875714631	1.960388793870017
26.52672633619943	2.025862390414181
26.55963391525256	2.093522705562871
26.59254149430568	2.163442490039184
26.6254490733588	2.235697761170417
26.65835665241193	2.310366171056488
26.69126423146505	2.387528401248667
26.72417181051818	2.467267715255677
26.7570793895713	2.549670182496016
26.78998696862442	2.634824746995275
26.82289454767755	2.722823324569557
26.85580212673067	2.813760899882916
26.88870970578379	2.907735630002438
26.92161728483692	3.004848950222504
26.95452486389004	3.105205683445987
26.98743244294316	3.208913808432525
27.02034002199629	3.316085958431209
27.05324760104941	3.426837476093804
27.08615518010253	3.541287902246577
27.11906275915566	3.659560773430675
27.15197033820878	3.78178375231648
27.1848779172619	3.908088103461373
27.21778549631503	4.038612163894496
27.25069307536815	4.173494802572045
27.28360065442127	4.312882289643415
27.3165082334744	4.456925078024689
27.34941581252752	4.60577864633621
27.38232339158064	4.759603676651727
27.41523097063377	4.918565810907759
27.44813854968689	5.082837397744909
27.48104612874002	5.25259537731781
27.51395370779314	5.42802298500858
27.54686128684626	5.609309576970155
27.57976886589939	5.796650832371744
27.61267644495251	5.990248967374507
27.64558402400563	6.190312951345869
27.67849160305876	6.397058732526721
27.71139918211188	6.610709471780298
27.744306761165	6.831495781219131
27.77721434021813	7.059656015507627
27.81012191927125	7.295436375126163
27.84302949832437	7.539091378927279
27.8759370773775	7.790883847961775
27.90884465643062	8.051085996954598
27.94175223548374	8.319978461249095
27.97465981453687	8.597851481072327
28.00756739358999	8.885004995784263
28.04047497264311	9.181748955328921
28.07338255169624	9.48840366569692
28.10629013074936	9.805300129679674
28.13919770980248	10.13278040517838
28.17210528885561	10.47119797367653
28.20501286790873	10.82091812293057
28.23792044696185	11.18231835944847
28.27082802601498	11.55578872394449
28.3037356050681	11.94173202636683
28.33664318412123	12.34056556853046
28.36955076317435	12.75271948828902
28.40245834222747	13.17863868454502
28.4353659212806	13.6187828605805
28.46827350033372	14.07362712650237
28.50118107938684	14.54366244078567
28.53408865843997	15.02939615835425
28.56699623749309	15.53135258060462
28.59990381654621	16.05007352147088
28.63281139559934	16.58611888843832
28.66571897465246	17.1400672885895
28.69862655370558	17.71251666634803
28.73153413275871	18.30408487673842
28.76444171181183	18.9154101503918
28.79734929086495	19.54715307503912
28.83025686991808	20.1999951799611
28.8631644489712	20.87464114822387
28.89607202802432	21.57181919439151
28.92897960707745	22.29228185251936
28.96188718613057	23.03680679227694
28.99479476518369	23.80619765391526
29.02770234423682	24.60128496125084
29.06060992328994	25.4229268349035
29.09351750234307	26.27201023984734
29.12642508139619	27.14945165830212
29.15933266044931	28.05619822047227
29.19224023950244	28.99322860903705
29.22514781855556	29.96155432462347
29.25805539760868	30.96222032719356
29.29096297666181	31.99630720506894
29.32387055571493	33.06493092642985
29.35677813476805	34.16924496419371
29.38968571382118	35.31044132110329
29.4225932928743	36.48975180807983
29.45550087192742	37.70844937775428
29.48840845098055	38.96784949868083
29.52131603003367	40.26931157037845
29.55422360908679	41.61424039961113
29.58713118813992	43.00408770578061
29.62003876719304	44.44035371712754
29.65294634624616	45.92458870413115
29.68585392529929	47.45839471479016
29.71876150435241	49.04342753946779
29.75166908340553	50.6813974978219
29.78457666245866	52.37407345745507
29.81748424151178	54.12328211020412
29.85039182056491	55.93091157370017
29.88329939961803	57.79891300476311
29.91620697867115	59.72930273870884
29.94911455772428	61.72416444914411
29.9820221367774	63.78565140003431
30.01492971583052	65.91598877241378
30.04783729488365	68.11747606610268
30.08074487393677	70.39248958000405
30.11365245298989	72.74348498966278
30.14656003204302	75.17299995164913
30.17946761109614	77.68365688098373
30.21237519014926	80.27816585346319
30.24528276920239	82.95932698396484
30.27819034825551	85.73003511808845
30.31109792730863	88.59328058575166
30.34400550636176	91.55215399204255
30.37691308541488	94.60984916358836
30.409820664468	97.76966662798944
30.44272824352113	101.035017072188
30.47563582257425	104.4094251585283
30.50854340162737	107.896533249784
30.5414509806805	111.5001053562692
30.57435855973362	115.2240311960555
30.60726613878674	119.0723304072455
30.64017371783987	123.0491568940761
30.67308129689299	127.158803233021
30.70598887594612	131.4057054020069
30.73889645499924	135.7944475943098
30.77180403405236	140.3297667757357
30.80471161310549	145.0165589139067
30.83761919215861	149.859882720839
30.87052677121173	154.8649661139227
30.90343435026486	160.0372116341508
30.93634192931798	165.3822022450217
30.9692495083711	170.9057073690946
31.00215708742423	176.6136891291626
31.03506466647735	182.512308773633
31.06797224553047	188.6079333234518
31.1008798245836	194.9071424445708
31.13378740363672	201.4167356039691
31.16669498268984	208.1437392612278
31.19960256174297	215.0954146077317
31.23251014079609	222.2792653480177
31.26541771984921	229.7030458272583
31.29832529890234	237.3747693326657
31.33123287795546	245.3027163949713
31.36414045700858	253.4954453225587
31.39704803606171	261.9617990227807
31.42995561511483	270.7109161592606
31.46286319416796	279.7522406139907
31.49577077322108	289.0955317006507
31.5286783522742	298.7508746559046
31.56158593132733	308.7286915480616
31.59449351038045	319.0397525373173
31.62740108943357	329.6951874941713
31.6603086684867	340.7064980016866
31.69321624753982	352.0855698017975
31.72612382659294	363.8446855560927
31.75903140564607	375.9965381949374
31.79193898469919	388.5542445284621
31.82484656375231	401.5313595350075
31.85775414280544	414.9418908187681
31.89066172185856	428.8003135056583
31.92356930091168	443.121587241419
31.95647687996481	457.921170247182
31.98938445901793	473.2150373211125
32.02229203807106	489.019696845209
32.05519961712418	505.3522085486874
32.0881071961773	522.2302019247821
32.12101477523043	539.6718952779756
32.15392235428355	557.6961153709005
32.18682993333667	576.3223177579016
32.2197375123898	595.5706077717484
0
1000	0.5109989461	100000000000000.1
5	0	0	1
5	0	0	0
-0.654933961680612	-6.808114076361183e-12
-0.6220263826274882	-5.532717231376931e-12
-0.5891188035743644	-5.591126785347151e-12
-0.5562112245212406	-5.846656527349071e-12
-0.5233036454681168	-6.139240123633245e-12
-0.490396066414993	-6.424281651905329e-12
-0.4574884873618692	-6.68711071653639e-12
-0.4245809083087454	-6.92346245874923e-12
-0.3916733292556216	-7.133195477092744e-12
-0.3587657502024978	-7.317851903995421e-12
-0.325858171149374	-7.479603019747638e-12
-0.2929505920962502	-7.620768803605522e-12
-0.2600430130431264	-7.743597564991681e-12
-0.2271354339900026	-7.850170175907633e-12
-0.1942278549368788	-7.942365721816218e-12
-0.161320275883755	-8.021857486112227e-12
-0.1284126968306312	-8.090123434239196e-12
-0.09550511777750736	-8.148462982342667e-12
-0.06259753872438356	-8.198015781508445e-12
-0.02968995967125975	-8.239780342998751e-12
0.003217619381864059	-8.274631456624364e-12
0.03612519843498787	-8.303335961850535e-12
0.06903277748811168	-8.326566754808783e-12
0.1019403565412355	-8.344915081047946e-12
0.1348479355943593	-8.358901243541989e-12
0.1677555146474831	-8.368983887284366e-12
0.2006630937006069	-8.375568027812147e-12
0.2335706727537307	-8.379011983719687e-12
0.2664782518068545	-8.37963335969512e-12
0.2993858308599783	-8.37771421077119e-12
0.3322934099131021	-8.358168590944033e-12
0.3652009889662259	-8.347156561227921e-12
0.3981085680193497	-8.333729009198333e-12
0.4310161470724735	-8.318095121187591e-12
0.4639237261255973	-8.300448814622495e-12
0.4968313051787211	-8.28097040249427e-12
0.529738884231845	-8.259828075456223e-12
0.5626464632849688	-8.237179204514922e-12
0.5955540423380926	-8.213171470569963e-12
0.6284616213912164	-8.187943829640452e-12
0.6613692004443402	-8.158398814344674e-12
0.694276779497464	-8.131636551796239e-12
0.7271843585505878	-8.104181731060382e-12
0.7600919376037116	-8.076093725978061e-12
0.7929995166568354	-8.047428346611876e-12
0.8259070957099592	-8.018237007699079e-12
0.858814674763083	-7.98856637653143e-12
0.8917222538162068	-7.958458287371459e-12
0.9246298328693306	-7.927949803876617e-12
0.9575374119224545	-7.897073361161753e-12
0.9904449909755783	-7.866064772749563e-12
1.023352570028702	-7.834518316466537e-12
1.056260149081826	-7.802655592580152e-12
1.08916772813495	-7.77049341274649e-12
1.122075307188074	-7.738046075248776e-12
1.154982886241198	-7.705325533641217e-12
1.187890465294322	-7.672341559189604e-12
1.220798044347446	-7.639101896327228e-12
1.253705623400569	-7.605612410656512e-12
1.286613202453693	-7.571877229277488e-12
1.319520781506817	-7.537886462121143e-12
1.352428360559941	-7.503667484125978e-12
1.385335939613065	-7.469206924664777e-12
1.418243518666189	-7.434503021258902e-12
1.451151097719313	-7.399552840676739e-12
1.484058676772437	-7.36435238106148e-12
1.516966255825561	-7.328896667364927e-12
1.549873834878685	-7.293179840678007e-12
1.582781413931809	-7.257195242022055e-12
1.615688992984933	-7.220935491135793e-12
1.648596572038056	-7.184377102062914e-12
1.68150415109118	-7.147544474784878e-12
1.714411730144304	-7.110411955698893e-12
1.747319309197428	-7.07296970680683e-12
1.780226888250552	-7.035207490878266e-12
1.813134467303676	-6.99711473808164e-12
1.8460420463568	-6.958680608922011e-12
1.878949625409924	-6.919894054018192e-12
1.911857204463048	-6.880743871188867e-12
1.944764783516172	-6.841218760260494e-12
1.977672362569296	-6.801279351859332e-12
2.010579941622419	-6.76097357093118e-12
2.043487520675543	-6.720260959797038e-12
2.076395099728667	-6.679129952296917e-12
2.109302678781791	-6.637569068153995e-12
2.142210257834915	-6.59556696871343e-12
2.175117836888039	-6.553112510579148e-12
2.208025415941163	-6.510194797511518e-12
2.240932994994287	-6.466803230884893e-12
2.273840574047411	-6.422927558947225e-12
2.306748153100535	-6.37856815431613e-12
2.339655732153659	-6.333694688920923e-12
2.372563311206783	-6.288307855320577e-12
2.405470890259906	-6.242399267422048e-12
2.43837846931303	-6.19596120049519e-12
2.471286048366154	-6.148986639381499e-12
2.504193627419278	-6.101469324728847e-12
2.537101206472402	-6.053403797369738e-12
2.570008785525526	-6.00478544090345e-12
2.60291636457865	-5.955610522493929e-12
2.635823943631774	-5.905840769380665e-12
2.668731522684898	-5.855549223908874e-12
2.701639101738022	-5.804698236385568e-12
2.734546680791146	-5.753287531019185e-12
2.76745425984427	-5.701317801408819e-12
2.800361838897393	-5.648790742923054e-12
2.833269417950517	-5.595709081469941e-12
2.866176997003641	-5.542076598890152e-12
2.899084576056765	-5.487898155107958e-12
2.931992155109889	-5.433179707102786e-12
2.964899734163013	-5.377975045913076e-12
2.997807313216137	-5.322209128281756e-12
3.030714892269261	-5.265935728141407e-12
3.063622471322385	-5.209241415136675e-12
3.096530050375509	-5.151741735927747e-12
3.129437629428633	-5.094016598416606e-12
3.162345208481756	-5.035789369232937e-12
3.19525278753488	-4.977103465843836e-12
3.228160366588004	-4.917979060021163e-12
3.261067945641128	-4.858434659949677e-12
3.293975524694252	-4.798450362075663e-12
3.326883103747376	-4.738126357683377e-12
3.3597906828005	-4.677443144671292e-12
3.392698261853624	-4.616422088153783e-12
3.425605840906748	-4.555085443609783e-12
3.458513419959872	-4.493456311295348e-12
3.491420999012996	-4.431558587466544e-12
3.52432857806612	-4.36941691266654e-12
3.557236157119243	-4.307056617412983e-12
3.590143736172367	-4.244503665728928e-12
3.623051315225491	-4.181852341704336e-12
3.655958894278615	-4.118987433035031e-12
3.688866473331739	-4.056005494876581e-12
3.721774052384863	-3.99293524632899e-12
3.754681631437987	-3.929806021444857e-12
3.787589210491111	-3.866647690858461e-12
3.820496789544235	-3.803490581813947e-12
3.853404368597359	-3.740365396877369e-12
3.886311947650483	-3.677303131643704e-12
3.919219526703607	-3.614334991771562e-12
3.95212710575673	-3.551425321427434e-12
3.985034684809854	-3.488743743821897e-12
4.017942263862978	-3.426256547001529e-12
4.050849842916102	-3.363994887325583e-12
4.083757421969225	-3.301989418647433e-12
4.116665001022349	-3.240270166501546e-12
4.149572580075472	-3.178866388895659e-12
4.182480159128596	-3.117806417803269e-12
4.215387738181719	-3.057117472276715e-12
4.248295317234843	-2.996825429077466e-12
4.281202896287966	-2.928661307003901e-12
4.314110475341089	-2.869332191234301e-12
4.347018054394213	-2.811334089536855e-12
4.379925633447336	-2.754837310747747e-12
4.41283321250046	-2.700008739498421e-12
4.445740791553583	-2.647010436812752e-12
4.478648370606707	-2.59599833183895e-12
4.51155594965983	-2.547121032376899e-12
4.544463528712954	-2.500518777169615e-12
4.577371107766077	-2.456322547247947e-12
4.610278686819201	-1.93854581040275e-12
4.643186265872324	-2.210543822374473e-12
4.676093844925448	-2.25862786641873e-12
4.709001423978571	-2.268210927553664e-12
4.741909003031695	-2.264989825366302e-12
4.774816582084818	-2.256366503687996e-12
4.807724161137942	-2.245229185410749e-12
4.840631740191065	-2.232912551119667e-12
4.873539319244188	-2.220101485107213e-12
4.906446898297312	-2.207171668681722e-12
4.939354477350435	-2.190779867593438e-12
4.972262056403559	-2.17895007239791e-12
5.005169635456682	-2.167442055803227e-12
5.038077214509806	-2.156258924654095e-12
5.070984793562929	-2.145401878566711e-12
5.103892372616053	-2.134870519618143e-12
5.136799951669176	-2.124663031556944e-12
5.1697075307223	-2.114776282730236e-12
5.202615109775423	-2.105205889970052e-12
5.235522688828547	-2.09594626918214e-12
5.26843026788167	-2.084535873353177e-12
5.301337846934794	-2.076386060172269e-12
5.334245425987917	-2.06859903082716e-12
5.367153005041041	-2.061095217941395e-12
5.400060584094164	-2.053803383672314e-12
5.432968163147287	-2.046678195145967e-12
5.465875742200411	-2.039692570009973e-12
5.498783321253534	-2.032831677447676e-12
5.531690900306658	-2.026088413697846e-12
5.564598479359781	-2.019460309585653e-12
5.597506058412905	-2.012738101728927e-12
5.630413637466028	-2.00636903682323e-12
5.663321216519152	-2.000132271752196e-12
5.696228795572275	-1.994028968972674e-12
5.729136374625399	-1.988060358951474e-12
5.762043953678522	-1.982227478322273e-12
5.794951532731646	-1.976531036610188e-12
5.827859111784769	-1.970971361564101e-12
5.860766690837893	-1.965548390721462e-12
5.893674269891016	-1.960261688787181e-12
5.92658184894414	-1.955093711072485e-12
5.959489427997263	-1.950079745066048e-12
5.992397007050386	-1.945199605158047e-12
6.02530458610351	-1.940451379900026e-12
6.058212165156633	-1.935832997303467e-12
6.091119744209757	-1.931342251262153e-12
6.12402732326288	-1.926976824979039e-12
6.156934902316004	-1.922734311739753e-12
6.189842481369127	-1.918612233329723e-12
6.222750060422251	-1.914608056354117e-12
6.255657639475374	-1.910723138008053e-12
6.288565218528498	-1.906946520277382e-12
6.321472797581621	-1.903279737290917e-12
6.354380376634745	-1.899720226588003e-12
6.387287955687868	-1.896265434043266e-12
6.420195534740992	-1.892912819813697e-12
6.453103113794115	-1.889659863598971e-12
6.486010692847239	-1.886504069275176e-12
6.518918271900362	-1.883442968963251e-12
6.551825850953485	-1.880474126597946e-12
6.584733430006609	-1.877590307455474e-12
6.617641009059732	-1.874799401314054e-12
6.650548588112856	-1.872094018315389e-12
6.683456167165979	-1.869471799546352e-12
6.716363746219103	-1.866930416945683e-12
6.749271325272226	-1.864467576945887e-12
6.78217890432535	-1.862081023588298e-12
6.815086483378473	-1.859768541156938e-12
6.847994062431597	-1.857527956374529e-12
6.88090164148472	-1.855357140201561e-12
6.913809220537844	-1.853266179236074e-12
6.946716799590967	-1.851227351812103e-12
6.979624378644091	-1.849251260957712e-12
7.012531957697214	-1.847336128950543e-12
7.045439536750338	-1.845480260967817e-12
7.078347115803461	-1.843682040880446e-12
7.111254694856584	-1.84193992732511e-12
7.144162273909708	-1.840252450032045e-12
7.177069852962831	-1.838618206388659e-12
7.209977432015955	-1.837035858221148e-12
7.242885011069078	-1.835455850489977e-12
7.275792590122202	-1.833979963589143e-12
7.308700169175325	-1.832555467897241e-12
7.341607748228449	-1.831180425811625e-12
7.374515327281572	-1.82985290811576e-12
7.407422906334696	-1.828571011429042e-12
7.440330485387819	-1.827332871278479e-12
7.473238064440943	-1.826136671682507e-12
7.506145643494066	-1.824980651964965e-12
7.53905322254719	-1.823863111377931e-12
7.571960801600313	-1.822798146033743e-12
7.604868380653437	-1.821751026049536e-12
7.63777595970656	-1.820736469968775e-12
7.670683538759683	-1.819753213370809e-12
7.703591117812807	-1.818800094203148e-12
7.73649869686593	-1.817876050786155e-12
7.769406275919054	-1.816980121305807e-12
7.802313854972177	-1.816111445033055e-12
7.835221434025301	-1.815269265617385e-12
7.868129013078424	-1.814452936953716e-12
7.901036592131548	-1.813579982945231e-12
7.933944171184671	-1.812819327003962e-12
7.966851750237795	-1.812090818537558e-12
7.999759329290918	-1.811394332544166e-12
8.032666908344043	-1.81072965714594e-12
8.065574487397166	-1.810096499889017e-12
8.098482066450289	-1.809494494147153e-12
8.131389645503413	-1.808923205558013e-12
8.164297224556536	-1.808382138427671e-12
8.19720480360966	-1.807870742045842e-12
8.230112382662783	-1.80739822592216e-12
8.263019961715907	-1.806943248314824e-12
8.29592754076903	-1.806515271116415e-12
8.328835119822154	-1.806113717932092e-12
8.361742698875277	-1.805738015187236e-12
8.394650277928401	-1.805387592627717e-12
8.427557856981524	-1.805061883788691e-12
8.460465436034648	-1.804760326432675e-12
8.493373015087771	-1.804482362957758e-12
8.526280594140895	-1.80422744077683e-12
8.559188173194018	-1.803999259414471e-12
8.592095752247142	-1.803788342894065e-12
8.625003331300265	-1.803598508948436e-12
8.657910910353388	-1.803429279564192e-12
8.690818489406512	-1.80328019745143e-12
8.723726068459635	-1.803150825056286e-12
8.756633647512759	-1.803040743631754e-12
8.789541226565882	-1.802949552362805e-12
8.822448805619006	-1.802876867542131e-12
8.855356384672129	-1.802822321793119e-12
8.888263963725253	-1.802783412433691e-12
8.921171542778376	-1.802764320442889e-12
8.9540791218315	-1.802762528570978e-12
8.986986700884623	-1.802777703528645e-12
9.019894279937747	-1.80280951739202e-12
9.05280185899087	-1.802857647532564e-12
9.085709438043994	-1.802921776547271e-12
9.118617017097117	-1.80300159218918e-12
9.15152459615024	-1.803096787298189e-12
9.184432175203364	-1.803207059732202e-12
9.217339754256487	-1.803312240773092e-12
9.250247333309611	-1.803453643802082e-12
9.283154912362734	-1.80361090614689e-12
9.316062491415858	-1.803783537252951e-12
9.348970070468981	-1.803970964881796e-12
9.381877649522105	-1.804172540467433e-12
9.414785228575228	-1.804387545450874e-12
9.447692807628352	-1.804615198465026e-12
9.480600386681475	-1.804854663223269e-12
9.513507965734599	-1.805105056951189e-12
9.546415544787722	-1.805304285660975e-12
9.579323123840846	-1.805577287064392e-12
9.612230702893969	-1.805864324472102e-12
9.645138281947093	-1.806164337875041e-12
9.678045861000216	-1.806475844863031e-12
9.710953440053339	-1.806796898772651e-12
9.743861019106463	-1.807125059443901e-12
9.776768598159586	-1.807457382388987e-12
9.80967617721271	-1.807790432268856e-12
9.842583756265833	-1.808120325928673e-12
9.875491335318957	-1.808273991894227e-12
9.90839891437208	-1.808585184019443e-12
9.941306493425204	-1.808898496424435e-12
9.974214072478327	-1.809212511396165e-12
10.00712165153145	-1.809525300274253e-12
10.04002923058457	-1.809834222540263e-12
10.0729368096377	-1.810135626221745e-12
10.10584438869082	-1.810424388527377e-12
10.13875196774394	-1.810693188303369e-12
10.17165954679707	-1.810931308914722e-12
10.20456712585019	-1.812418933069349e-12
10.23747470490332	-1.81308406228525e-12
10.27038228395644	-1.813863945262469e-12
10.30328986300956	-1.814927832507298e-12
10.33619744206269	-1.81879124095461e-12
10.36910502111581	-1.814027829791921e-12
10.40201260016893	-1.815801332162006e-12
10.43492017922206	-1.816988908877731e-12
10.46782775827518	-1.818138552478605e-12
10.5007353373283	-1.819345461378998e-12
10.53364291638143	-1.816485015765077e-12
10.56655049543455	-1.818505939202952e-12
10.59945807448767	-1.820871462792449e-12
10.6323656535408	-1.823620360890694e-12
10.66527323259392	-1.826794373237159e-12
10.69818081164704	-1.830437979150993e-12
10.73108839070017	-1.834597982005422e-12
10.76399596975329	-1.839322848987945e-12
10.79690354880641	-1.844661744463148e-12
10.82981112785954	-1.850663191718948e-12
10.86271870691266	-1.859372922159556e-12
10.89562628596578	-1.866760354904016e-12
10.92853386501891	-1.874725204167834e-12
10.96144144407203	-1.883278480432195e-12
10.99434902312515	-1.892430949920941e-12
11.02725660217828	-1.902193094610243e-12
11.0601641812314	-1.912575069824958e-12
11.09307176028453	-1.923586659434822e-12
11.12597933933765	-1.935237228688897e-12
11.15888691839077	-1.9475356747547e-12
11.1917944974439	-1.960554171728972e-12
11.22470207649702	-1.974168030989253e-12
11.25760965555014	-1.988447422323453e-12
11.29051723460327	-2.003399191945776e-12
11.32342481365639	-2.019029763205713e-12
11.35633239270951	-2.035345095180309e-12
11.38923997176264	-2.052350639728974e-12
11.42214755081576	-2.070051297147643e-12
11.45505512986888	-2.088451370585255e-12
11.48796270892201	-2.107554519412726e-12
11.52087028797513	-2.127428355746855e-12
11.55377786702825	-2.147940508406812e-12
11.58668544608138	-2.169156725275437e-12
11.6195930251345	-2.191078066562301e-12
11.65250060418762	-2.21370501775988e-12
11.68540818324075	-2.237037451437707e-12
11.71831576229387	-2.261074588962695e-12
11.75122334134699	-2.285814962362233e-12
11.78413092040012	-2.311256376562328e-12
11.81703849945324	-2.33739587224798e-12
11.84994607850637	-2.364280138809257e-12
11.88285365755949	-2.39179925328228e-12
11.91576123661261	-2.419998326463054e-12
11.94866881566574	-2.448871420820793e-12
11.98157639471886	-2.47841189386994e-12
12.01448397377198	-2.50861237040035e-12
12.04739155282511	-2.53946471634788e-12
12.08029913187823	-2.570960014518074e-12
12.11320671093135	-2.603088542376896e-12
12.14611428998448	-2.635839752121999e-12
12.1790218690376	-2.669238113309569e-12
12.21192944809072	-2.703196311418967e-12
12.24483702714385	-2.737737452704027e-12
12.27774460619697	-2.772847896042101e-12
12.31065218525009	-2.808513266042597e-12
12.34355976430322	-2.844718446051516e-12
12.37646734335634	-2.881447574104278e-12
12.40937492240946	-2.918684041936758e-12
12.44228250146259	-2.956410497152335e-12
12.47519008051571	-2.994608848628922e-12
12.50809765956883	-3.033286214515308e-12
12.54100523862196	-3.072368612077314e-12
12.57391281767508	-3.111862202889007e-12
12.6068203967282	-3.151746352849763e-12
12.63972797578133	-3.191999865419261e-12
12.67263555483445	-3.23260100052339e-12
12.70554313388758	-3.27352749650637e-12
12.7384507129407	-3.314756595066975e-12
12.77135829199382	-3.356265069099872e-12
12.80426587104695	-3.398029253345921e-12
12.83717345010007	-3.440045519383336e-12
12.87008102915319	-3.482246402219086e-12
12.90298860820632	-3.524628109711944e-12
12.93589618725944	-3.56716583933946e-12
12.96880376631256	-3.609834610798413e-12
13.00171134536569	-3.652609302954024e-12
13.03461892441881	-3.695464692510422e-12
13.06752650347193	-3.738375494200174e-12
13.10043408252506	-3.781316402282992e-12
13.13334166157818	-3.824262133137176e-12
13.1662492406313	-3.867205417731654e-12
13.19915681968443	-3.910083247428533e-12
13.23206439873755	-3.952889258988576e-12
13.26497197779067	-3.995598948365534e-12
13.2978795568438	-4.038188107051681e-12
13.33078713589692	-4.080632858065495e-12
13.36369471495004	-4.122909691845472e-12
13.39660229400317	-4.164995501830054e-12
13.42950987305629	-4.206867619511742e-12
13.46241745210942	-4.248503848762476e-12
13.49532503116254	-4.289900238857678e-12
13.52823261021566	-4.330998027116378e-12
13.56114018926879	-4.371795223576631e-12
13.59404776832191	-4.412272120881893e-12
13.62695534737503	-4.452409677255563e-12
13.65986292642816	-4.492189533168909e-12
13.69277050548128	-4.531594027098836e-12
13.7256780845344	-4.570606210208718e-12
13.75858566358753	-4.609209859806464e-12
13.79149324264065	-4.647389491453988e-12
13.82440082169377	-4.685151366650073e-12
13.8573084007469	-4.722436684832461e-12
13.89021597980002	-4.759254692106818e-12
13.92312355885314	-4.795593322999338e-12
13.95603113790627	-4.831441306347665e-12
13.98893871695939	-4.866788156415603e-12
14.02184629601251	-4.901624164248805e-12
14.05475387506564	-4.935940388977516e-12
14.08766145411876	-4.969728648834127e-12
14.12056903317188	-5.002981511704683e-12
14.15347661222501	-5.035758172884423e-12
14.18638419127813	-5.067905933358782e-12
14.21929177033125	-5.099499904145223e-12
14.25219934938438	-5.130536432370593e-12
14.2851069284375	-5.161012330105819e-12
14.31801450749063	-5.190924930602146e-12
14.35092208654375	-5.220272114284813e-12
14.38382966559687	-5.249052318676261e-12
14.41673724465	-5.277264539085697e-12
14.44964482370312	-5.304908323600306e-12
14.48255240275624	-5.33199424303007e-12
14.51545998180937	-5.3585005900883e-12
14.54836756086249	-5.384439684477549e-12
14.58127513991561	-5.409813330627505e-12
14.61418271896874	-5.434623830291757e-12
14.64709029802186	-5.458873965690156e-12
14.67999787707498	-5.482566982422467e-12
14.71290545612811	-5.505706572296792e-12
14.74581303518123	-5.528296856234025e-12
14.77872061423435	-5.55034236743413e-12
14.81162819328748	-5.571835385060551e-12
14.8445357723406	-5.592807258126609e-12
14.87744335139372	-5.613251462697142e-12
14.91035093044685	-5.633174040006884e-12
14.94325850949997	-5.652581317774022e-12
14.97616608855309	-5.671479891099604e-12
15.00907366760622	-5.689876603644227e-12
15.04198124665934	-5.707778529131837e-12
15.07488882571247	-5.725192953227222e-12
15.10779640476559	-5.742127355830852e-12
15.14070398381871	-5.758588388677666e-12
15.17361156287184	-5.774585961729559e-12
15.20651914192496	-5.79012703591296e-12
15.23942672097808	-5.805219694077651e-12
15.27233430003121	-5.819872127848785e-12
15.30524187908433	-5.83409262299042e-12
15.33814945813745	-5.847889545387641e-12
15.37105703719058	-5.861271327668549e-12
15.4039646162437	-5.874246456486226e-12
15.43687219529682	-5.886823460480038e-12
15.46977977434995	-5.898998620045057e-12
15.50268735340307	-5.910806165121548e-12
15.53559493245619	-5.922242350755771e-12
15.56850251150932	-5.933315663599531e-12
15.60141009056244	-5.944034531522071e-12
15.63431766961556	-5.954407315707384e-12
15.66722524866869	-5.96444230329077e-12
15.70013282772181	-5.974147700518399e-12
15.73304040677493	-5.983531626413072e-12
15.76594798582806	-5.992602106928696e-12
15.79885556488118	-6.00156706476964e-12
15.8317631439343	-6.010045761886065e-12
15.86467072298743	-6.018217319855542e-12
15.89757830204055	-6.026079109814475e-12
15.93048588109368	-6.033612682420681e-12
15.9633934601468	-6.040725568538486e-12
15.99630103919992	-6.046219654294471e-12
16.02920861825305	-6.056411045933293e-12
16.06211619730617	-6.062239237897354e-12
16.09502377635929	-6.068374802449506e-12
16.12793135541242	-6.07408372341865e-12
16.16083893446554	-6.079964818657024e-12
16.19374651351866	-6.085608518930975e-12
16.22665409257179	-6.091020974966233e-12
16.25956167162491	-6.096208419538104e-12
16.29246925067804	-6.101177132722025e-12
16.32537682973116	-6.105933412512165e-12
16.35828440878428	-6.110483549921538e-12
16.39119198783741	-6.114833807847182e-12
16.42409956689053	-6.118990403117242e-12
16.45700714594365	-6.122954160649714e-12
16.48991472499678	-6.126742611104231e-12
16.5228223040499	-6.130355946508751e-12
16.55572988310302	-6.133799961834675e-12
16.58863746215615	-6.137080351240622e-12
16.62154504120927	-6.140202704560505e-12
16.65445262026239	-6.143172504169422e-12
16.68736019931552	-6.145995122215742e-12
16.72026777836864	-6.148675818207151e-12
16.75317535742176	-6.151219736938121e-12
16.78608293647489	-6.153629999087313e-12
16.81899051552801	-6.155915557631402e-12
16.85189809458113	-6.158079207507048e-12
16.88480567363426	-6.160125590737893e-12
16.91771325268738	-6.162059224583271e-12
16.9506208317405	-6.163884502288673e-12
16.98352841079363	-6.165605693981774e-12
17.01643598984675	-6.167226947704272e-12
17.04934356889988	-6.168752290570282e-12
17.082251147953	-6.170185630042115e-12
17.11515872700612	-6.171532113919651e-12
17.14806630605925	-6.172792541517096e-12
17.18097388511237	-6.173971883537916e-12
17.21388146416549	-6.175073603407064e-12
17.24678904321862	-6.176101056257681e-12
17.27969662227174	-6.177057490075246e-12
17.31260420132486	-6.177946046962155e-12
17.34551178037799	-6.178769764514343e-12
17.37841935943111	-6.179531577301787e-12
17.41132693848423	-6.180234318444777e-12
17.44423451753736	-6.180881534048468e-12
17.47714209659048	-6.181474127687941e-12
17.5100496756436	-6.182015502553776e-12
17.54295725469673	-6.182508117743073e-12
17.57586483374985	-6.182954341031057e-12
17.60877241280297	-6.183356450335333e-12
17.6416799918561	-6.183716635302386e-12
17.67458757090922	-6.184036999003743e-12
17.70749514996234	-6.184319559729714e-12
17.74040272901547	-6.184566252868949e-12
17.77331030806859	-6.184779422855541e-12
17.80621788712171	-6.184959794384804e-12
17.83912546617484	-6.185109597092288e-12
17.87203304522796	-6.185230464601184e-12
17.90494062428109	-6.185323957966119e-12
17.93784820333421	-6.185391567533841e-12
17.97075578238733	-6.18543471489319e-12
18.00366336144046	-6.185454754896424e-12
18.03657094049358	-6.185452977735572e-12
18.0694785195467	-6.185430611058788e-12
18.10238609859983	-6.185389060183048e-12
18.13529367765295	-6.185328919765716e-12
18.16820125670607	-6.185251506378571e-12
18.2011088357592	-6.185157824209532e-12
18.23401641481232	-6.185048825309356e-12
18.26692399386544	-6.184925411582506e-12
18.29983157291857	-6.184788436792073e-12
18.33273915197169	-6.184638708563684e-12
18.36564673102481	-6.184476990375636e-12
18.39855431007794	-6.184304003524488e-12
18.43146188913106	-6.184120542392188e-12
18.46436946818418	-6.183927004377056e-12
18.49727704723731	-6.183724121917763e-12
18.53018462629043	-6.183512468881533e-12
18.56309220534355	-6.183292585933532e-12
18.59599978439668	-6.183064982190995e-12
18.6289073634498	-6.182830136836098e-12
18.66181494250293	-6.18258850068103e-12
18.69472252155605	-6.182340497680522e-12
18.72763010060917	-6.1820865263885e-12
18.7605376796623	-6.181826980909085e-12
18.79344525871542	-6.18156216990165e-12
18.82635283776854	-6.181292447017684e-12
18.85926041682167	-6.18101812313635e-12
18.89216799587479	-6.180739490020566e-12
18.92507557492791	-6.180456821423041e-12
18.95798315398104	-6.18017037414009e-12
18.99089073303416	-6.179880389013286e-12
19.02379831208728	-6.179587091879804e-12
19.05670589114041	-6.179290694472554e-12
19.08961347019353	-6.178991393689975e-12
19.12252104924665	-6.178689378592764e-12
19.15542862829978	-6.178384822336213e-12
19.1883362073529	-6.1780778883211e-12
19.22124378640602	-6.177768729620714e-12
19.25415136545915	-6.177457489615363e-12
19.28705894451227	-6.177144302589763e-12
19.31996652356539	-6.176829294295026e-12
19.35287410261852	-6.176512582477049e-12
19.38578168167164	-6.176194277373009e-12
19.41868926072476	-6.175874518387222e-12
19.45159683977789	-6.175553325880328e-12
19.48450441883101	-6.175230827458801e-12
19.51741199788414	-6.174907108136958e-12
19.55031957693726	-6.17458224759378e-12
19.58322715599038	-6.174256320506252e-12
19.61613473504351	-6.173929396862581e-12
19.64904231409663	-6.173601542256387e-12
19.68194989314975	-6.173272818162909e-12
19.71485747220288	-6.172943282198206e-12
19.747765051256	-6.172612957070161e-12
19.78067263030912	-6.172281957826498e-12
19.81358020936225	-6.171950301670475e-12
19.84648778841537	-6.171618033119392e-12
19.87939536746849	-6.171285193794021e-12
19.91230294652162	-6.170951822570101e-12
19.94521052557474	-6.170617955707185e-12
19.97811810462786	-6.170283626949486e-12
20.01102568368099	-6.169948867589647e-12
20.04393326273411	-6.169613706479111e-12
20.07684084178723	-6.169278035193696e-12
20.10974842084036	-6.168942136607021e-12
20.14265599989348	-6.168605921046365e-12
20.1755635789466	-6.168269413153095e-12
20.20847115799973	-6.167932636475592e-12
20.24137873705285	-6.167595613729451e-12
20.27428631610598	-6.167258367153097e-12
20.3071938951591	-6.166920919038608e-12
20.34010147421222	-6.166583292598022e-12
20.37300905326535	-6.166245513509928e-12
20.40591663231847	-6.165909927064843e-12
20.43882421137159	-6.165572194556927e-12
20.47173179042472	-6.165234275119004e-12
20.50463936947784	-6.164896164805239e-12
20.53754694853096	-6.164557858279671e-12
20.57045452758409	-6.164219348830987e-12
20.60336210663721	-6.163880628382088e-12
20.63626968569033	-6.163541687494525e-12
20.66917726474346	-6.16320251536774e-12
20.70208484379658	-6.162863099833196e-12
20.7349924228497	-6.16252346860756e-12
20.76790000190283	-6.162183521262719e-12
20.80080758095595	-6.161843281909998e-12
20.83371516000907	-6.16150273290363e-12
20.8666227390622	-6.161161855328525e-12
20.89953031811532	-6.160820628981902e-12
20.93243789716844	-6.160479032350762e-12
20.96534547622157	-6.160137042585127e-12
20.99825305527469	-6.159794635466911e-12
21.03116063432782	-6.159451785374327e-12
21.06406821338094	-6.159108682628073e-12
21.09697579243406	-6.158764846885569e-12
21.12988337148719	-6.158420463205651e-12
21.16279095054031	-6.158075501147754e-12
21.19569852959343	-6.157729929660808e-12
21.22860610864656	-6.157383717081564e-12
21.26151368769968	-6.157036831131706e-12
21.2944212667528	-6.1566892389138e-12
21.32732884580593	-6.156340906906064e-12
21.36023642485905	-6.155991800956073e-12
21.39314400391217	-6.155640983864447e-12
21.4260515829653	-6.155290277671579e-12
21.45895916201842	-6.154938776730626e-12
21.49186674107154	-6.154586444781998e-12
21.52477432012467	-6.154233240392218e-12
21.55768189917779	-6.153879116084077e-12
21.59058947823091	-6.153524017278013e-12
21.62349705728404	-6.153167880995798e-12
21.65640463633716	-6.152810634262458e-12
21.68931221539028	-6.152452192121821e-12
21.72221979444341	-6.152088579232802e-12
21.75512737349653	-6.151727362093618e-12
21.78803495254965	-6.151365017502247e-12
21.82094253160278	-6.151001502604617e-12
21.8538501106559	-6.150636760475304e-12
21.88675768970903	-6.150270713531734e-12
21.91966526876215	-6.149903252842119e-12
21.95257284781527	-6.149534219996067e-12
21.9854804268684	-6.149163374713519e-12
22.01838800592152	-6.148790333131258e-12
22.05129558497464	-6.148179981567794e-12
22.08420316402777	-6.147816805714833e-12
22.11711074308089	-6.147454516983929e-12
22.15001832213401	-6.147093322743654e-12
22.18292590118714	-6.146733336782345e-12
22.21583348024026	-6.146374625207779e-12
22.24874105929338	-6.146017227752004e-12
22.28164863834651	-6.145661168596423e-12
22.31455621739963	-6.145306462275782e-12
22.34746379645275	-6.144953117087399e-12
22.38037137550588	-6.144590467893807e-12
22.413278954559	-6.144241556591467e-12
22.44618653361212	-6.143894552406064e-12
22.47909411266525	-6.143549257107198e-12
22.51200169171837	-6.143205484704024e-12
22.54490927077149	-6.14286306040168e-12
22.57781684982462	-6.142521819660371e-12
22.61072442887774	-6.142181607345496e-12
22.64363200793087	-6.141842276958666e-12
22.67653958698399	-6.141503689940681e-12
22.70944716603711	-6.141171946724591e-12
22.74235474509024	-6.140833500297779e-12
22.77526232414336	-6.140495088359779e-12
22.80816990319648	-6.140156710022977e-12
22.84107748224961	-6.139818364702277e-12
22.87398506130273	-6.139480052040086e-12
22.90689264035585	-6.139141771852164e-12
22.93980021940898	-6.138803524087936e-12
22.9727077984621	-6.138465308800898e-12
23.00561537751522	-6.138127126126339e-12
23.03852295656835	-6.137788958321559e-12
23.07143053562147	-6.13745084377391e-12
23.10433811467459	-6.13711276381529e-12
23.13724569372772	-6.136774718495305e-12
23.17015327278084	-6.136436707863007e-12
23.20306085183396	-6.136098731967096e-12
23.23596843088709	-6.135760790856092e-12
23.26887600994021	-6.135422884578497e-12
23.30178358899333	-6.135085013182951e-12
23.33469116804646	-6.134747176718361e-12
23.36759874709958	-6.134409374221401e-12
23.4005063261527	-6.134071607859595e-12
23.43341390520583	-6.13373387666329e-12
23.46632148425895	-6.133396180674165e-12
23.49922906331208	-6.13305851993062e-12
23.5321366423652	-6.132720894467786e-12
23.56504422141832	-6.132383304317634e-12
23.59795180047145	-6.13204574950911e-12
23.63085937952457	-6.131708230068244e-12
23.66376695857769	-6.131370746018252e-12
23.69667453763082	-6.131033297266557e-12
23.72958211668394	-6.130695884067316e-12
23.76248969573706	-6.130358506322303e-12
23.79539727479019	-6.130021164043473e-12
23.82830485384331	-6.129683857239931e-12
23.86121243289643	-6.129346585918014e-12
23.89412001194956	-6.129009350081358e-12
23.92702759100268	-6.128672149730957e-12
23.9599351700558	-6.128334984865238e-12
23.99284274910893	-6.127997855480125e-12
24.02575032816205	-6.127660762983741e-12
24.05865790721517	-6.127323704407973e-12
24.0915654862683	-6.126986681167775e-12
24.12447306532142	-6.126649693262732e-12
24.15738064437454	-6.126312740696039e-12
24.19028822342767	-6.125975823474458e-12
24.22319580248079	-6.125638941608264e-12
24.25610338153392	-6.12530209511121e-12
24.28901096058704	-6.124965284000465e-12
24.32191853964016	-6.124628508296583e-12
24.35482611869329	-6.124291766895219e-12
24.38773369774641	-6.12395506218365e-12
24.42064127679953	-6.123618393054617e-12
24.45354885585266	-6.123281759531144e-12
24.48645643490578	-6.122945161634707e-12
24.5193640139589	-6.122608599385276e-12
24.55227159301203	-6.122272072801323e-12
24.58517917206515	-6.121935581899856e-12
24.61808675111827	-6.121599126696436e-12
24.6509943301714	-6.121262707205203e-12
24.68390190922452	-6.120926323507388e-12
24.71680948827764	-6.120589975471215e-12
24.74971706733077	-6.120253663175506e-12
24.78262464638389	-6.119917386629494e-12
24.81553222543701	-6.119581145841386e-12
24.84843980449014	-6.119244940818348e-12
24.88134738354326	-6.118908771566557e-12
24.91425496259638	-6.118572638091194e-12
24.94716254164951	-6.11823654039646e-12
24.98007012070263	-6.117900478485739e-12
25.01297769975575	-6.117564452555109e-12
25.04588527880888	-6.117228462200398e-12
25.078792857862	-6.116892507617249e-12
25.11170043691513	-6.116556588806896e-12
25.14460801596825	-6.116220705770506e-12
25.17751559502137	-6.115884858509168e-12
25.2104231740745	-6.115549047023903e-12
25.24333075312762	-6.115213271315679e-12
25.27623833218074	-6.114877531385405e-12
25.30914591123387	-6.11454182723394e-12
25.34205349028699	-6.114206158625009e-12
25.37496106934011	-6.113870526054753e-12
25.40786864839324	-6.113534929285782e-12
25.44077622744636	-6.113199368316549e-12
25.47368380649948	-6.112863843144607e-12
25.50659138555261	-6.112528353766489e-12
25.53949896460573	-6.112192900177695e-12
25.57240654365885	-6.111857482372723e-12
25.60531412271198	-6.111522100345056e-12
25.6382217017651	-6.111186754087185e-12
25.67112928081822	-6.110851443983828e-12
25.70403685987135	-6.110516169203543e-12
25.73694443892447	-6.110180930131526e-12
25.76985201797759	-6.109845726759884e-12
25.80275959703072	-6.109510559081428e-12
25.83566717608384	-6.109175427089673e-12
25.86857475513697	-6.108840330778831e-12
25.90148233419009	-6.108505270143807e-12
25.93438991324321	-6.108170245180192e-12
25.96729749229634	-6.107835255884261e-12
26.00020507134946	-6.107500302310502e-12
26.03311265040258	-6.107165384336197e-12
26.06602022945571	-6.106830502017617e-12
26.09892780850883	-6.106495655354242e-12
26.13183538756195	-6.10616084434645e-12
26.16474296661508	-6.105826068995512e-12
26.1976505456682	-6.105491329303564e-12
26.23055812472132	-6.105156625273631e-12
26.26346570377445	-6.104821956909585e-12
26.29637328282757	-6.104487324216167e-12
26.32928086188069	-6.104152726968072e-12
26.36218844093382	-6.103818165654476e-12
26.39509601998694	-6.103483640050134e-12
26.42800359904006	-6.103149150161012e-12
26.46091117809319	-6.102814695992924e-12
26.49381875714631	-6.102480277551531e-12
26.52672633619943	-6.102145894842341e-12
26.55963391525256	-6.101811547870708e-12
26.59254149430568	-6.101477236641846e-12
26.6254490733588	-6.101142961160825e-12
26.65835665241193	-6.100808720796647e-12
26.69126423146505	-6.100474516882215e-12
26.72417181051818	-6.100140348783948e-12
26.7570793895713	-6.099806216500934e-12
26.78998696862442	-6.099472120029392e-12
26.82289454767755	-6.099138059362622e-12
26.85580212673067	-6.098804034491025e-12
26.88870970578379	-6.09847004540209e-12
26.92161728483692	-6.098136092080389e-12
26.95452486389004	-6.097802174507568e-12
26.98743244294316	-6.097468293733348e-12
27.02034002199629	-6.097134447495595e-12
27.05324760104941	-6.096800636843595e-12
27.08615518010253	-6.096466861756626e-12
27.11906275915566	-6.096133122215589e-12
27.15197033820878	-6.095799418202992e-12
27.1848779172619	-6.09546574970294e-12
27.21778549631503	-6.095132116701104e-12
27.25069307536815	-6.094798519184708e-12
27.28360065442127	-6.094464957142503e-12
27.3165082334744	-6.094131430506885e-12
27.34941581252752	-6.093797939390702e-12
27.38232339158064	-6.093464483728812e-12
27.41523097063377	-6.09313106351537e-12
27.44813854968689	-6.092797678745729e-12
27.48104612874002	-6.092464329416432e-12
27.51395370779314	-6.092131015525199e-12
27.54686128684626	-6.091797737070912e-12
27.57976886589939	-6.091464494053589e-12
27.61267644495251	-6.091131286474401e-12
27.64558402400563	-6.090798113991401e-12
27.67849160305876	-6.090464977327744e-12
27.71139918211188	-6.090131876141288e-12
27.744306761165	-6.089798810434478e-12
27.77721434021813	-6.089465780209384e-12
27.81012191927125	-6.089132785467704e-12
27.84302949832437	-6.088799826210766e-12
27.8759370773775	-6.08846690243954e-12
27.90884465643062	-6.088134014154626e-12
27.94175223548374	-6.08780116135627e-12
27.97465981453687	-6.087468344292781e-12
28.00756739358999	-6.087135562444341e-12
28.04047497264311	-6.086802816060194e-12
28.07338255169624	-6.08647010514142e-12
28.10629013074936	-6.086137429689813e-12
28.13919770980248	-6.085804789707851e-12
28.17210528885561	-6.085472185198716e-12
28.20501286790873	-6.085139616166264e-12
28.23792044696185	-6.084807082615035e-12
28.27082802601498	-6.084474584550238e-12
28.3037356050681	-6.084142121582082e-12
28.33664318412123	-6.083809694544071e-12
28.36955076317435	-6.083477303045423e-12
28.40245834222747	-6.083144947090447e-12
28.4353659212806	-6.08281262668241e-12
28.46827350033372	-6.082480341823545e-12
28.50118107938684	-6.082148092515048e-12
28.53408865843997	-6.081815878757085e-12
28.56699623749309	-6.081483700548797e-12
28.59990381654621	-6.081151557888303e-12
28.63281139559934	-6.080819451151675e-12
28.66571897465246	-6.080487379542937e-12
28.69862655370558	-6.080155343438316e-12
28.73153413275871	-6.079823342835247e-12
28.76444171181183	-6.079491377731778e-12
28.79734929086495	-6.079159448126556e-12
28.83025686991808	-6.078827554018833e-12
28.8631644489712	-6.078495695408451e-12
28.89607202802432	-6.078163872295842e-12
28.92897960707745	-6.07783208468202e-12
28.96188718613057	-6.07750033220461e-12
28.99479476518369	-6.077168615626466e-12
29.02770234423682	-6.076836934584281e-12
29.06060992328994	-6.076505289078121e-12
29.09351750234307	-6.076173679107062e-12
29.12642508139619	-6.075842104669189e-12
29.15933266044931	-6.075510565761604e-12
29.19224023950244	-6.075179062380432e-12
29.22514781855556	-6.074847594520819e-12
29.25805539760868	-6.074516162176931e-12
29.29096297666181	-6.074184765773211e-12
29.32387055571493	-6.073853404400515e-12
29.35677813476805	-6.073522078483948e-12
29.38968571382118	-6.073190788017664e-12
29.4225932928743	-6.072859532996707e-12
29.45550087192742	-6.07252831341698e-12
29.48840845098055	-6.072197129275236e-12
29.52131603003367	-6.071865980569084e-12
29.55422360908679	-6.071534867296969e-12
29.58713118813992	-6.071203789458164e-12
29.62003876719304	-6.07087274656007e-12
29.65294634624616	-6.070541739633263e-12
29.68585392529929	-6.070210768184043e-12
29.71876150435241	-6.069879832210556e-12
29.75166908340553	-6.069548931709644e-12
29.78457666245866	-6.069218066676837e-12
29.81748424151178	-6.068887237106361e-12
29.85039182056491	-6.06855644299113e-12
29.88329939961803	-6.068225684322761e-12
29.91620697867115	-6.067894961091556e-12
29.94911455772428	-6.067564273925816e-12
29.9820221367774	-6.067233621476929e-12
30.01492971583052	-6.066903004374556e-12
30.04783729488365	-6.066572422609546e-12
30.08074487393677	-6.066241876174168e-12
30.11365245298989	-6.065911365062085e-12
30.14656003204302	-6.065580889268334e-12
30.17946761109614	-6.065250448789326e-12
30.21237519014926	-6.064920043622801e-12
30.24528276920239	-6.06458967376783e-12
30.27819034825551	-6.064259338905673e-12
30.31109792730863	-6.0639290397054e-12
30.34400550636176	-6.063598775848418e-12
30.37691308541488	-6.063268547336006e-12
30.409820664468	-6.062938354169344e-12
30.44272824352113	-6.062608196349524e-12
30.47563582257425	-6.062278073877546e-12
30.50854340162737	-6.061947986754333e-12
30.5414509806805	-6.061617934980712e-12
30.57435855973362	-6.06128791855743e-12
30.60726613878674	-6.060957937254611e-12
30.64017371783987	-6.060627991554472e-12
30.67308129689299	-6.060298081225913e-12
30.70598887594612	-6.059968206267348e-12
30.73889645499924	-6.05963836667612e-12
30.77180403405236	-6.0593085624485e-12
30.80471161310549	-6.058978793579697e-12
30.83761919215861	-6.058649060063848e-12
30.87052677121173	-6.058319361894029e-12
30.90343435026486	-6.057989699062261e-12
30.93634192931798	-6.057660072077272e-12
30.9692495083711	-6.057330479846656e-12
31.00215708742423	-6.057000922880204e-12
31.03506466647735	-6.056671401170336e-12
31.06797224553047	-6.056341914710622e-12
31.1008798245836	-6.05601246349576e-12
31.13378740363672	-6.055683047521563e-12
31.16669498268984	-6.055353666784951e-12
31.19960256174297	-6.055024321283935e-12
31.23251014079609	-6.054695011017592e-12
31.26541771984921	-6.054365735282282e-12
31.29832529890234	-6.054036495549662e-12
31.33123287795546	-6.053707291114818e-12
31.36414045700858	-6.05337812197489e-12
31.39704803606171	-6.053048988125012e-12
31.42995561511483	-6.052719889558303e-12
31.46286319416796	-6.052390826265858e-12
31.49577077322108	-6.052061798236752e-12
31.5286783522742	-6.051732805458011e-12
31.56158593132733	-6.05140384791463e-12
31.59449351038045	-6.051074925589546e-12
31.62740108943357	-6.050746038463639e-12
31.6603086684867	-6.050417186515716e-12
31.69321624753982	-6.050088369722521e-12
31.72612382659294	-6.049759588058706e-12
31.75903140564607	-6.049430841496835e-12
31.79193898469919	-6.049102130007372e-12
31.82484656375231	-6.048773453558673e-12
31.85775414280544	-6.048444812116977e-12
31.89066172185856	-6.048116205646407e-12
31.92356930091168	-6.047787634108941e-12
31.95647687996481	-6.047459097464418e-12
31.98938445901793	-6.047130595670534e-12
32.02229203807106	-6.046802128682813e-12
32.05519961712418	-6.046473696454625e-12
32.0881071961773	-6.046145298937147e-12
32.12101477523043	-6.045816936079374e-12
32.15392235428355	-6.04548860782811e-12
32.18682993333667	-6.045160314127941e-12
32.2197375123898	-6.044832054921252e-12
