0
1000	0.5109989461	100000000000000.1
5	0	0	1
5	0	0	0
-0.654933961680612	1.891738709804716e-10
-0.6220263826274882	3.880355416765599e-10
-0.5891188035743644	5.856372451775233e-10
-0.5562112245212406	7.996720923983648e-10
-0.5233036454681168	1.033901529119169e-09
-0.490396066414993	1.28929198207447e-09
-0.4574884873618692	1.565915844474025e-09
-0.4245809083087454	1.863527828868223e-09
-0.3916733292556216	2.181786176345538e-09
-0.3587657502024978	2.520347360003498e-09
-0.325858171149374	2.87890790456102e-09
-0.2929505920962502	3.257221943767306e-09
-0.2600430130431264	3.655107087382988e-09
-0.2271354339900026	4.072444581703649e-09
-0.1942278549368788	4.509176762554018e-09
-0.161320275883755	4.96530334862484e-09
-0.1284126968306312	5.440877381758118e-09
-0.09550511777750736	5.936001229072765e-09
-0.06259753872438356	6.450822850491169e-09
-0.02968995967125975	6.985532420261227e-09
0.003217619381864059	7.540359328878019e-09
0.03612519843498787	8.115569558994237e-09
0.06903277748811168	8.711463412575337e-09
0.1019403565412355	9.328373559456643e-09
0.1348479355943593	9.96666337546686e-09
0.1677555146474831	1.062672553902728e-08
0.2006630937006069	1.130898085725441e-08
0.2335706727537307	1.201387729530923e-08
0.2664782518068545	1.274188918561278e-08
0.2993858308599783	1.349351659634799e-08
0.3322934099131021	1.426849775064872e-08
0.3652009889662259	1.50665096572938e-08
0.3981085680193497	1.588994220209823e-08
0.4310161470724735	1.673864543785328e-08
0.4639237261255973	1.761235007121754e-08
0.4968313051787211	1.851300638973698e-08
0.529738884231845	1.944189663703519e-08
0.5626464632849688	2.039733163910285e-08
0.5955540423380926	2.138152567540797e-08
0.6284616213912164	2.239541167046054e-08
0.6613692004443402	2.343857793869056e-08
0.694276779497464	2.451295627121409e-08
0.7271843585505878	2.561809241439643e-08
0.7600919376037116	2.675605062578891e-08
0.7929995166568354	2.79274542658241e-08
0.8259070957099592	2.913126546043005e-08
0.858814674763083	3.037128974113944e-08
0.8917222538162068	3.164663284849027e-08
0.9246298328693306	3.295855611265534e-08
0.9575374119224545	3.430850732507729e-08
0.9904449909755783	3.569663560232295e-08
1.023352570028702	3.712434341462323e-08
1.056260149081826	3.859319339377461e-08
1.08916772813495	4.010332503437893e-08
1.122075307188074	4.165761339642506e-08
1.154982886241198	4.325453406280997e-08
1.187890465294322	4.489716065582971e-08
1.220798044347446	4.658568390721021e-08
1.253705623400569	4.832317936149127e-08
1.286613202453693	5.010811168678745e-08
1.319520781506817	5.194374103769206e-08
1.352428360559941	5.383190365116305e-08
1.385335939613065	5.577141141320923e-08
1.418243518666189	5.776522510955328e-08
1.451151097719313	5.981628537233537e-08
1.484058676772437	6.192363221621797e-08
1.516966255825561	6.409074962246758e-08
1.549873834878685	6.631650746910119e-08
1.582781413931809	6.860418244245684e-08
1.615688992984933	7.095688977773136e-08
1.648596572038056	7.337380942605154e-08
1.68150415109118	7.585862456295409e-08
1.714411730144304	7.84121632952998e-08
1.747319309197428	8.103427165131986e-08
1.780226888250552	8.373042955279706e-08
1.813134467303676	8.649879700177198e-08
1.8460420463568	8.934502406469028e-08
1.878949625409924	9.226801268038999e-08
1.911857204463048	9.527209888395053e-08
1.944764783516172	9.835823071474157e-08
1.977672362569296	1.015263852905176e-07
2.010579941622419	1.047826159281436e-07
2.043487520675543	1.081252090597052e-07
2.076395099728667	1.115601064403776e-07
2.109302678781791	1.150878491861043e-07
2.142210257834915	1.187093166002454e-07
2.175117836888039	1.224293344731894e-07
2.208025415941163	1.262491001920008e-07
2.240932994994287	1.301688541462266e-07
2.273840574047411	1.341951557347741e-07
2.306748153100535	1.38328520011692e-07
2.339655732153659	1.425714814233165e-07
2.372563311206783	1.469242103355809e-07
2.405470890259906	1.513938457698047e-07
2.43837846931303	1.559808525695061e-07
2.471286048366154	1.606864805934458e-07
2.504193627419278	1.655161656189371e-07
2.537101206472402	1.704713966651955e-07
2.570008785525526	1.755549484477322e-07
2.60291636457865	1.807671200135232e-07
2.635823943631774	1.861155002384772e-07
2.668731522684898	1.916007713095695e-07
2.701639101738022	1.972257129696439e-07
2.734546680791146	2.029909458179572e-07
2.76745425984427	2.089039548420477e-07
2.800361838897393	2.149656758165185e-07
2.833269417950517	2.211789969646898e-07
2.866176997003641	2.275469285515826e-07
2.899084576056765	2.34070854014002e-07
2.931992155109889	2.407571244943385e-07
2.964899734163013	2.476072898519525e-07
2.997807313216137	2.546237846226263e-07
3.030714892269261	2.618105913670498e-07
3.063622471322385	2.691682695728347e-07
3.096530050375509	2.767043725886687e-07
3.129437629428633	2.844201259811187e-07
3.162345208481756	2.923190017972306e-07
3.19525278753488	3.004044606163889e-07
3.228160366588004	3.086787678901476e-07
3.261067945641128	3.171432538892661e-07
3.293975524694252	3.258059692159718e-07
3.326883103747376	3.347339896123165e-07
3.3597906828005	3.436037203433265e-07
3.392698261853624	3.53092176432433e-07
3.425605840906748	3.624999173229036e-07
3.458513419959872	3.71921719638205e-07
3.491420999012996	3.821623242461029e-07
3.52432857806612	3.921557188528414e-07
3.557236157119243	4.028461180228361e-07
3.590143736172367	4.131852818522349e-07
3.623051315225491	4.237283398299522e-07
3.655958894278615	4.350723599925762e-07
3.688866473331739	4.461933189547379e-07
3.721774052384863	4.578792781695538e-07
3.754681631437987	4.695624699829358e-07
3.787589210491111	4.818377371541312e-07
3.820496789544235	4.938149791248093e-07
3.853404368597359	5.068713287429316e-07
3.886311947650483	5.190520497707295e-07
3.919219526703607	5.327424123232296e-07
3.95212710575673	5.453569129426822e-07
3.985034684809854	5.598239562544706e-07
4.017942263862978	5.7262948126585e-07
4.050849842916102	5.871371449833299e-07
4.083757421969225	6.009333165475416e-07
4.116665001022349	6.156721789064545e-07
4.149572580075472	6.303550373863005e-07
4.182480159128596	6.455942282767265e-07
4.215387738181719	6.607529881538779e-07
4.248295317234843	6.765333319886488e-07
4.281202896287966	6.921361088225376e-07
4.314110475341089	7.084781423411483e-07
4.347018054394213	7.261471078886155e-07
4.379925633447336	7.4161800379114e-07
4.41283321250046	7.587757383595374e-07
4.445740791553583	7.757233162270663e-07
4.478648370606707	7.934957724883305e-07
4.51155594965983	8.103738351970889e-07
4.544463528712954	8.294689826391319e-07
4.577371107766077	8.480915327674302e-07
4.610278686819201	8.668249844678005e-07
4.643186265872324	8.807552384998784e-07
4.676093844925448	9.042221217886806e-07
4.709001423978571	9.20991904159619e-07
4.741909003031695	9.443082107602316e-07
4.774816582084818	9.591901231051544e-07
4.807724161137942	9.858359260672062e-07
4.840631740191065	1.001452061694125e-06
4.873539319244188	1.029988426168796e-06
4.906446898297312	1.047603569015652e-06
4.939354477350435	1.078255362646821e-06
4.972262056403559	1.104122445716209e-06
5.005169635456682	1.12635416916633e-06
5.038077214509806	1.155204524979243e-06
5.070984793562929	1.177005738534965e-06
5.103892372616053	1.208771661587772e-06
5.136799951669176	1.232254416298552e-06
5.1697075307223	1.266521981165958e-06
5.202615109775423	1.298374217174051e-06
5.235522688828547	1.325334201622979e-06
5.26843026788167	1.364325110649285e-06
5.301337846934794	1.384732151138023e-06
5.334245425987917	1.425721432438104e-06
5.367153005041041	1.46280181611728e-06
5.400060584094164	1.495894356527042e-06
5.432968163147287	1.535433120917971e-06
5.465875742200411	1.558854005400798e-06
5.498783321253534	1.609822202317071e-06
5.531690900306658	1.653269321904611e-06
5.564598479359781	1.687043061897661e-06
5.597506058412905	1.736627423632522e-06
5.630413637466028	1.782339796768301e-06
5.663321216519152	1.824666146774126e-06
5.696228795572275	1.875012902688388e-06
5.729136374625399	1.925046459124058e-06
5.762043953678522	1.968703821976235e-06
5.794951532731646	2.024388461537336e-06
5.827859111784769	2.079171859239812e-06
5.860766690837893	2.128301786961149e-06
5.893674269891016	2.188508325531466e-06
5.92658184894414	2.248533385971994e-06
5.959489427997263	2.304892489037292e-06
5.992397007050386	2.370183091013148e-06
6.02530458610351	2.434814054233354e-06
6.058212165156633	2.492380329456574e-06
6.091119744209757	2.566147115454214e-06
6.12402732326288	2.63853286114211e-06
6.156934902316004	2.696915607874706e-06
6.189842481369127	2.781678588856326e-06
6.222750060422251	2.860596228494146e-06
6.255657639475374	2.941680317379089e-06
6.288565218528498	3.021181088106959e-06
6.321472797581621	3.106757499564839e-06
6.354380376634745	3.195283750622056e-06
6.387287955687868	3.27455477409426e-06
6.420195534740992	3.373489340532967e-06
6.453103113794115	3.471885164911175e-06
6.486010692847239	3.572103086696021e-06
6.518918271900362	3.66763189725174e-06
6.551825850953485	3.776884324498905e-06
6.584733430006609	3.887297306857967e-06
6.617641009059732	3.999634227100724e-06
6.650548588112856	4.112312979502009e-06
6.683456167165979	4.233969684274297e-06
6.716363746219103	4.358224998667345e-06
6.749271325272226	4.469556881614272e-06
6.78217890432535	4.611876412366194e-06
6.815086483378473	4.750199829213441e-06
6.847994062431597	4.891435786368168e-06
6.88090164148472	5.02009671696964e-06
6.913809220537844	5.180748670243342e-06
6.946716799590967	5.311376166000594e-06
6.979624378644091	5.4971812141667e-06
7.012531957697214	5.662379429953512e-06
7.045439536750338	5.828503713293402e-06
7.078347115803461	6.005624289874821e-06
7.111254694856584	6.187316950527987e-06
7.144162273909708	6.37391924531026e-06
7.177069852962831	6.558934063258764e-06
7.209977432015955	6.762314512744317e-06
7.242885011069078	6.969294133130916e-06
7.275792590122202	7.182480670495788e-06
7.308700169175325	7.388191561151192e-06
7.341607748228449	7.624352016194789e-06
7.374515327281572	7.859085065305677e-06
7.407422906334696	8.101831354834935e-06
7.440330485387819	8.351935398285579e-06
7.473238064440943	8.60488903399021e-06
7.506145643494066	8.873346726741205e-06
7.53905322254719	9.14863206859687e-06
7.571960801600313	9.433322505124663e-06
7.604868380653437	9.72682806610805e-06
7.63777595970656	1.002156538641829e-05
7.670683538759683	1.03379506398437e-05
7.703591117812807	1.06626623146411e-05
7.73649869686593	1.100120063084205e-05
7.769406275919054	1.134166464293397e-05
7.802313854972177	1.168969570067295e-05
7.835221434025301	1.206145934035764e-05
7.868129013078424	1.244298830474717e-05
7.901036592131548	1.283563692993826e-05
7.933944171184671	1.324218359068557e-05
7.966851750237795	1.365378173804166e-05
7.999759329290918	1.409049610405785e-05
8.032666908344043	1.453876291268839e-05
8.065574487397166	1.500099369390205e-05
8.098482066450289	1.547847288717229e-05
8.131389645503413	1.595560886153899e-05
8.164297224556536	1.647389944717071e-05
8.19720480360966	1.700674870481824e-05
8.230112382662783	1.754656378433463e-05
8.263019961715907	1.810876448894684e-05
8.29592754076903	1.868913063293739e-05
8.328835119822154	1.927770671889667e-05
8.361742698875277	1.99023014741855e-05
8.394650277928401	2.054385073110711e-05
8.427557856981524	2.120603553128469e-05
8.460465436034648	2.188843747164561e-05
8.493373015087771	2.259479963569614e-05
8.526280594140895	2.331773464012995e-05
8.559188173194018	2.407367641212579e-05
8.592095752247142	2.48530663270409e-05
8.625003331300265	2.565770033684364e-05
8.657910910353388	2.648896368752383e-05
8.690818489406512	2.734751632903669e-05
8.723726068459635	2.822215248336685e-05
8.756633647512759	2.914424190132786e-05
8.789541226565882	3.009319193437122e-05
8.822448805619006	3.107254240990383e-05
8.855356384672129	3.208423044418025e-05
8.888263963725253	3.312919321870128e-05
8.921171542778376	3.419062066247324e-05
8.9540791218315	3.531620711639487e-05
8.986986700884623	3.647258221902415e-05
9.019894279937747	3.766307662225986e-05
9.05280185899087	3.889458668386958e-05
9.085709438043994	4.016717195430458e-05
9.118617017097117	4.148042686578576e-05
9.15152459615024	4.282975864829579e-05
9.184432175203364	4.423666458229909e-05
9.217339754256487	4.568762694538239e-05
9.250247333309611	4.718646904195785e-05
9.283154912362734	4.873616725321853e-05
9.316062491415858	5.03333362180196e-05
9.348970070468981	5.198631623160117e-05
9.381877649522105	5.368006935803451e-05
9.414785228575228	5.545152381852454e-05
9.447692807628352	5.727770899119082e-05
9.480600386681475	5.916333507971224e-05
9.513507965734599	6.111101183529687e-05
9.546415544787722	6.31236934439816e-05
9.579323123840846	6.520339946830363e-05
9.612230702893969	6.732992415192467e-05
9.645138281947093	6.956331742554434e-05
9.678045861000216	7.186148723320174e-05
9.710953440053339	7.423402958545344e-05
9.743861019106463	7.668529870728677e-05
9.776768598159586	7.921779666149599e-05
9.80967617721271	8.183475160701003e-05
9.842583756265833	8.453905447306946e-05
9.875491335318957	8.732347160946595e-05
9.90839891437208	9.021619105617432e-05
9.941306493425204	9.320558832718931e-05
9.974214072478327	9.628559035154455e-05
10.00712165153145	9.947249506872547e-05
10.04002923058457	0.0001027658078521727
10.0729368096377	0.0001061688421938093
10.10584438869082	0.0001096854916492108
10.13875196774394	0.0001133015724002534
10.17165954679707	0.0001170660197933079
10.20456712585019	0.0001209500458772606
10.23747470490332	0.000124962017687398
10.27038228395644	0.0001291073485497734
10.30328986300956	0.000133422693657827
10.33619744206269	0.0001378162677005007
10.36910502111581	0.0001423905483784328
10.40201260016893	0.0001471186972222783
10.43492017922206	0.0001519891407128678
10.46782775827518	0.0001570421404889342
10.5007353373283	0.00016226087560441
10.53364291638143	0.0001676527461605844
10.56655049543455	0.0001732245108743681
10.59945807448767	0.0001789819716198183
10.6323656535408	0.0001849319998320038
10.66527323259392	0.000191080504722094
10.69818081164704	0.0001974334154559819
10.73108839070017	0.0002039919858417872
10.76399596975329	0.0002107810310107952
10.79690354880641	0.0002177949187570415
10.82981112785954	0.0002250424021749903
10.86271870691266	0.0002325319195769742
10.89562628596578	0.000240271880156887
10.92853386501891	0.0002482695852713464
10.96144144407203	0.0002565357215645746
10.99434902312515	0.0002650776392801896
11.02725660217828	0.0002738854449726986
11.0601641812314	0.0002830177666076233
11.09307176028453	0.000292449953489561
11.12597933933765	0.0003021924414606231
11.15888691839077	0.0003122625274290547
11.1917944974439	0.0003226689343287726
11.22470207649702	0.0003334226123982416
11.25760965555014	0.0003445357986366554
11.29051723460327	0.0003560206364764492
11.32342481365639	0.0003678897531000547
11.35633239270951	0.0003801353125063692
11.38923997176264	0.0003928216056885779
11.42214755081576	0.0004059255561185338
11.45505512986888	0.0004194662923343522
11.48796270892201	0.0004334596813479286
11.52087028797513	0.0004479206085023755
11.55377786702825	0.0004628624396887078
11.58668544608138	0.0004783104209517772
11.6195930251345	0.0004942715176030257
11.65250060418762	0.0005107663839350739
11.68540818324075	0.0005278133140439901
11.71831576229387	0.0005454208154833901
11.75122334134699	0.0005636327861111209
11.78413092040012	0.0005824508067135062
11.81703849945324	0.0006018977504669499
11.84994607850637	0.000621995465637069
11.88285365755949	0.0006427656054429181
11.91576123661261	0.0006642346087274652
11.94866881566574	0.0006864184789539039
11.98157639471886	0.0007093449926725736
12.01448397377198	0.0007330395104464523
12.04739155282511	0.0007575248436845613
12.08029913187823	0.0007828158873209881
12.11320671093135	0.0008089770843868961
12.14611428998448	0.0008360072811845724
12.1790218690376	0.0008639354365892364
12.21192944809072	0.0008927509203077903
12.24483702714385	0.0009226742217583234
12.27774460619697	0.0009535155584542032
12.31065218525009	0.0009853891502934785
12.34355976430322	0.001018326802358504
12.37646734335634	0.0010523296758578
12.40937492240946	0.001087585405253392
12.44228250146259	0.001123956295179987
12.47519008051571	0.001161526727868668
12.50809765956883	0.001200378401221251
12.54100523862196	0.00124048269478229
12.57391281767508	0.0012820758356603
12.6068203967282	0.001324977231286809
12.63972797578133	0.001369316445958571
12.67263555483445	0.001415138885363184
12.70554313388758	0.001462469210178799
12.7384507129407	0.001511599766537455
12.77135829199382	0.001562102555532287
12.80426587104695	0.001614408777820729
12.83717345010007	0.00166846948850037
12.87008102915319	0.001724315888588942
12.90298860820632	0.001782532839804802
12.93589618725944	0.001841825914449042
12.96880376631256	0.001903536293134624
13.00171134536569	0.001967318337873695
13.03461892441881	0.002033237491512453
13.06752650347193	0.002101310788020643
13.10043408252506	0.002171857993346937
13.13334166157818	0.002244668377479375
13.1662492406313	0.002319927540994728
13.19915681968443	0.002397715773007088
13.23206439873755	0.002478107213641199
13.26497197779067	0.002556456751438149
13.2978795568438	0.002647185036305069
13.33078713589692	0.00273597819015529
13.36369471495004	0.002827789693930478
13.39660229400317	0.00292268518678729
13.42950987305629	0.003020760533258976
13.46241745210942	0.003122321539819199
13.49532503116254	0.003227016376749755
13.52823261021566	0.003335368836207617
13.56114018926879	0.003447369125342141
13.59404776832191	0.003563137795424877
13.62695534737503	0.003682783648816293
13.65986292642816	0.00380672385609892
13.69277050548128	0.003934467411456732
13.7256780845344	0.004066677829451025
13.75858566358753	0.004203351446416307
13.79149324264065	0.004344596550523164
13.82440082169377	0.004490637000017291
13.8573084007469	0.004641906535516559
13.89021597980002	0.004797779780748078
13.92312355885314	0.004959128054448837
13.95603113790627	0.005125936362852363
13.98893871695939	0.005298376568128834
14.02184629601251	0.005476634335323473
14.05475387506564	0.005660163253529435
14.08766145411876	0.005851474734877463
14.12056903317188	0.00604843629078385
14.15347661222501	0.006252052110457386
14.18638419127813	0.006462545801451935
14.21929177033125	0.006680138752824937
14.25219934938438	0.006903851460908378
14.2851069284375	0.007136627122962555
14.31801450749063	0.007377003301686881
14.35092208654375	0.007625674935245711
14.38382966559687	0.007882802724512332
14.41673724465	0.008147922498573301
14.44964482370312	0.00842284022358685
14.48255240275624	0.008706726385862623
14.51545998180937	0.009001289301135262
14.54836756086249	0.009305459991003203
14.58127513991561	0.009619692017396323
14.61418271896874	0.009943953115758516
14.64709029802186	0.01028072476616261
14.67999787707498	0.010629245284569
14.71290545612811	0.01099054030393734
14.74581303518123	0.0113635974148153
14.77872061423435	0.01175016476238494
14.81162819328748	0.01214963499312441
14.8445357723406	0.0125648311320684
14.87744335139372	0.0129953204205171
14.91035093044685	0.01344697186334961
14.94325850949997	0.01391193599928668
14.97616608855309	0.01439102436676852
15.00907366760622	0.0148889314484511
15.04198124665934	0.01540639078091476
15.07488882571247	0.01594348468478644
15.10779640476559	0.01650445702251985
15.14070398381871	0.01708388871100752
15.17361156287184	0.01768500649030793
15.20651914192496	0.01831038012832685
15.23942672097808	0.01895883628190912
15.27233430003121	0.01963408457255894
15.30524187908433	0.0203415261829099
15.33814945813745	0.02107232091751057
15.37105703719058	0.02183204848535261
15.4039646162437	0.02262255539856161
15.43687219529682	0.02344404035797465
15.46977977434995	0.02430001331877905
15.50268735340307	0.02519643760603523
15.53559493245619	0.02612498421177029
15.56850251150932	0.02709191587687543
15.60141009056244	0.02809822266248961
15.63431766961556	0.02914689056634377
15.66722524866869	0.03023825554844812
15.70013282772181	0.03137649623536478
15.73304040677493	0.03256606368686064
15.76594798582806	0.03380253024327357
15.79885556488118	0.03509070910205506
15.8317631439343	0.03643390883993598
15.86467072298743	0.03783440769745156
15.89757830204055	0.03929339842732022
15.93048588109368	0.0408213077538942
15.9633934601468	0.04241016942504799
15.99630103919992	0.04406711726359622
16.02920861825305	0.04579479954044077
16.06211619730617	0.04759715869172582
16.09502377635929	0.04947726467852204
16.12793135541242	0.05143712362165919
16.16083893446554	0.053488676976089
16.19374651351866	0.0556239078932455
16.22665409257179	0.05785154792592744
16.25956167162491	0.0601745691271433
16.29246925067804	0.06259864968713094
16.32537682973116	0.06512752035292446
16.35828440878428	0.06776467781130828
16.39119198783741	0.07052021911819702
16.42409956689053	0.07339154406278856
16.45700714594365	0.07638663535115449
16.48991472499678	0.07950441253195213
16.5228223040499	0.08276904417895474
16.55572988310302	0.08616812562872296
16.58863746215615	0.08971158161443282
16.62154504120927	0.09341421250955462
16.65445262026239	0.09727062135686858
16.68736019931552	0.101291499090629
16.72026777836864	0.1054839012810474
16.75317535742176	0.1098547169050263
16.78608293647489	0.1144120085206909
16.81899051552801	0.119161840769559
16.85189809458113	0.1241172137453797
16.88480567363426	0.1292788683928699
16.91771325268738	0.1346573454748204
16.9506208317405	0.1402617186668803
16.98352841079363	0.1461007408596796
17.01643598984675	0.152184023960806
17.04934356889988	0.1585206362956449
17.082251147953	0.1651209944563971
17.11515872700612	0.1719973838422856
17.14806630605925	0.1791554221979392
17.18097388511237	0.1866083073132834
17.21388146416549	0.1943676359394061
17.24678904321862	0.2024441773109684
17.27969662227174	0.2108505558784804
17.31260420132486	0.2195991007432568
17.34551178037799	0.2287031958785271
17.37841935943111	0.238179480626217
17.41132693848423	0.2480342177819578
17.44423451753736	0.2582847074444043
17.47714209659048	0.268945888582359
17.5100496756436	0.2800321528209942
17.54295725469673	0.2915601431929339
17.57586483374985	0.3035455885630026
17.60877241280297	0.3160048561450415
17.6416799918561	0.3289597994051572
17.67458757090922	0.3424195820876144
17.70749514996234	0.3564075567450687
17.74040272901547	0.3709392513746766
17.77331030806859	0.3860367555670631
17.80621788712171	0.4017201191134985
17.83912546617484	0.4180097970307146
17.87203304522796	0.4349276601128405
17.90494062428109	0.4524990915788851
17.93784820333421	0.4707388811961054
17.97075578238733	0.4896759652265152
18.00366336144046	0.5093336222315603
18.03657094049358	0.5297459753939749
18.0694785195467	0.5509130631572591
18.10238609859983	0.5728877435297397
18.13529367765295	0.5956893524544334
18.16820125670607	0.6193518883104649
18.2011088357592	0.6438941579849362
18.23401641481232	0.6693513949762735
18.26692399386544	0.6957557240720896
18.29983157291857	0.7231394407111977
18.33273915197169	0.7515359293239496
18.36564673102481	0.780980329431169
18.39855431007794	0.8115089673796393
18.43146188913106	0.843157473085258
18.46436946818418	0.8759721952171317
18.49727704723731	0.9099789757409168
18.53018462629043	0.9452233179653163
18.56309220534355	0.9817505010389375
18.59599978439668	1.01960250816176
18.6289073634498	1.058823597735345
18.66181494250293	1.099460168369913
18.69472252155605	1.141562241607075
18.72763010060917	1.18517589955474
18.7605376796623	1.230358522378322
18.79344525871542	1.277154545501605
18.82635283776854	1.32562191431396
18.85926041682167	1.375816187008763
18.89216799587479	1.427796977403511
18.92507557492791	1.48162406456526
18.95798315398104	1.537359839132569
18.99089073303416	1.595067103448422
19.02379831208728	1.654812975450363
19.05670589114041	1.716665080140114
19.08961347019353	1.780701578056396
19.12252104924665	1.846982218949809
19.15542862829978	1.915586366861952
19.1883362073529	1.986596016752323
19.22124378640602	2.060089376236439
19.25415136545915	2.136149028934066
19.28705894451227	2.214861819130469
19.31996652356539	2.29631542618626
19.35287410261852	2.380601955416405
19.38578168167164	2.467822690278456
19.41868926072476	2.558062598217498
19.45159683977789	2.651428295659034
19.48450441883101	2.748025827416198
19.51741199788414	2.84795899271183
19.55031957693726	2.95134297759548
19.58322715599038	3.058291161451135
19.61613473504351	3.168921744353154
19.64904231409663	3.283358558088562
19.68194989314975	3.401728898785138
19.71485747220288	3.524166527978216
19.747765051256	3.650801480261977
19.78067263030912	3.781774063940572
19.81358020936225	3.917230450838122
19.84648778841537	4.057318461601664
19.87939536746849	4.202194706230507
19.91230294652162	4.352017525070845
19.94521052557474	4.506951021596231
19.97811810462786	4.667166015027235
20.01102568368099	4.832839592867225
20.04393326273411	5.004158074634367
20.07684084178723	5.181296916243248
20.10974842084036	5.364456947582106
20.14265599989348	5.553838091975662
20.1755635789466	5.749646520601087
20.20847115799973	5.952095708581865
20.24137873705285	6.161409879328513
20.27428631610598	6.377816097606744
20.3071938951591	6.601551991669252
20.34010147421222	6.832857550383101
20.37300905326535	7.071988123076651
20.40591663231847	7.319210600203137
20.43882421137159	7.574779772710238
20.47173179042472	7.838980815828668
20.50463936947784	8.112102285932576
20.53754694853096	8.394442987609818
20.57045452758409	8.686302243704231
20.60336210663721	8.988004980108993
20.63626968569033	9.299873982032697
20.66917726474346	9.622250293446193
20.70208484379658	9.955482725565989
20.7349924228497	10.29993087995873
20.76790000190283	10.65598096639247
20.80080758095595	11.02400473622233
20.83371516000907	11.40440467565507
20.8666227390622	11.79763198814782
20.89953031811532	12.204043570338
20.93243789716844	12.62411004608134
20.96534547622157	13.05828572340253
20.99825305527469	13.50704259141398
21.03116063432782	13.97086540881847
21.06406821338094	14.45026200315335
21.09697579243406	14.94574264229549
21.12988337148719	15.45787813544107
21.16279095054031	15.98716565787622
21.19569852959343	16.53420595828679
21.22860610864656	17.09958571387636
21.26151368769968	17.68391930305843
21.2944212667528	18.28783823212832
21.32732884580593	18.91199594930419
21.36023642485905	19.55707044475879
21.39314400391217	20.22375417516617
21.4260515829653	20.91281156261679
21.45895916201842	21.62491217466647
21.49186674107154	22.36085874633715
21.52477432012467	23.12145650852428
21.55768189917779	23.90751060743222
21.59058947823091	24.71987912533265
21.62349705728404	25.55943984886213
21.65640463633716	26.42710036889173
21.68931221539028	27.32383916618172
21.72221979444341	28.25055054374255
21.75512737349653	29.20826896964659
21.78803495254965	30.19803153805727
21.82094253160278	31.22090600274841
21.8538501106559	32.27799599487771
21.88675768970903	33.37044749024868
21.91966526876215	34.49944512660061
21.95257284781527	35.6662033568982
21.9854804268684	36.87200336564966
22.01838800592152	38.11810702779102
22.05129558497464	39.40588182950078
22.08420316402777	40.73671671993388
22.11711074308089	42.11205144924533
22.15001832213401	43.53337221767674
22.18292590118714	45.00190987622264
22.21583348024026	46.51986669125786
22.24874105929338	48.08857925435499
22.28164863834651	49.70977427556969
22.31455621739963	51.38513613693961
22.34746379645275	53.11651599402773
22.38037137550588	54.90576884917518
22.413278954559	56.75483645301348
22.44618653361212	58.66571405264961
22.47909411266525	60.64028173112418
22.51200169171837	62.68103550168611
22.54490927077149	64.79003480497317
22.57781684982462	66.96953042751025
22.61072442887774	69.22192419242573
22.64363200793087	71.54956836097587
22.67653958698399	73.95501736190417
22.70944716603711	76.44086931892627
22.74235474509024	79.00980763807948
22.77526232414336	81.66431561991939
22.80816990319648	84.40785394310063
22.84107748224961	87.2431237755021
22.87398506130273	90.17314826402669
22.90689264035585	93.20112742039373
22.93980021940898	96.33029013820762
22.9727077984621	99.56403954337831
23.00561537751522	102.9058673604429
23.03852295656835	106.3593865306563
23.07143053562147	109.9280203750164
23.10433811467459	113.6162343369879
23.13724569372772	117.427753697476
23.17015327278084	121.366653862283
23.20306085183396	125.4372123988317
23.23596843088709	129.6438509805424
23.26887600994021	133.9910505623223
23.30178358899333	138.4835384910384
23.33469116804646	143.1261728840422
23.36759874709958	147.923966859815
23.4005063261527	152.881914356705
23.43341390520583	158.0057553870526
23.46632148425895	163.3008817838645
23.49922906331208	168.7729605946129
23.5321366423652	174.4279267087018
23.56504422141832	180.271925376036
23.59795180047145	186.3112022068008
23.63085937952457	192.552314564449
23.66376695857769	199.0020158081847
23.69667453763082	205.6669421653854
23.72958211668394	212.5549395204827
23.76248969573706	219.6731719186735
23.79539727479019	227.029281447966
23.82830485384331	234.6312387653433
23.86121243289643	242.4872577701779
23.89412001194956	250.6058344986728
23.92702759100268	258.9957623822144
23.9599351700558	267.6660608242043
23.99284274910893	276.6261200378307
24.02575032816205	285.8853051272369
24.05865790721517	295.4542589670601
24.0915654862683	305.343043891915
24.12447306532142	315.5623073884781
24.15738064437454	326.1231146909093
24.19028822342767	337.0368631777316
24.22319580248079	348.3153542606331
24.25610338153392	359.9707831926313
24.28901096058704	372.0157848860682
24.32191853964016	384.4632909873401
24.35482611869329	397.326588695751
24.38773369774641	410.6199805468755
24.42064127679953	424.3576841181958
24.45354885585266	438.5544904735881
24.48645643490578	453.2257576767925
24.5193640139589	468.3873425228152
24.55227159301203	484.0556337673383
24.58517917206515	500.2475620132998
24.61808675111827	516.9806333272253
24.6509943301714	534.2729788444942
24.68390190922452	552.1431858429189
24.71680948827764	570.6102766626703
24.74971706733077	589.694923798385
24.78262464638389	609.4173669445324
24.81553222543701	629.7989397168961
24.84843980449014	650.8616704521154
24.88134738354326	672.6283242661352
24.91425496259638	695.1224231951921
24.94716254164951	718.3682800420963
24.98007012070263	742.3910194452625
25.01297769975575	767.2166380778966
25.04588527880888	792.871899429789
25.078792857862	819.3842230040453
25.11170043691513	846.7829611582166
25.14460801596825	875.0973720026182
25.17751559502137	904.3580699839786
25.2104231740745	934.5966622550459
25.24333075312762	965.8458375210865
25.27623833218074	998.13937007167
25.30914591123387	1031.512162855478
25.34205349028699	1066.000281359964
25.37496106934011	1101.64100748239
25.40786864839324	1138.472898485844
25.44077622744636	1176.535458263508
25.47368380649948	1215.870311742921
25.50659138555261	1256.519747208898
25.53949896460573	1298.527698279002
25.57240654365885	1341.939566792031
25.60531412271198	1386.802271508777
25.6382217017651	1433.164301184833
25.67112928081822	1481.075761095825
25.70403685987135	1530.588440159893
25.73694443892447	1581.755841292596
25.76985201797759	1634.633269383001
25.80275959703072	1689.277574738337
25.83566717608384	1745.748426203104
25.86857475513697	1804.106548209746
25.90148233419009	1864.415014128271
25.93438991324321	1926.739005095555
25.96729749229634	1991.145880550061
26.00020507134946	2057.705250925925
26.03311265040258	2126.489053167647
26.06602022945571	2197.571628198758
26.09892780850883	2271.029801388147
26.13183538756195	2346.942965516571
26.16474296661508	2425.393166500599
26.1976505456682	2506.464861617471
26.23055812472132	2590.246353555057
26.26346570377445	2676.82784585527
26.29637328282757	2766.302909332437
26.32928086188069	2858.768271785924
26.36218844093382	2954.323843587939
26.39509601998694	3053.072910484213
26.42800359904006	3155.122199704553
26.46091117809319	3260.582005458745
26.49381875714631	3369.566307936327
26.52672633619943	3482.192896603668
26.55963391525256	3598.58351564029
26.59254149430568	3718.863668011451
26.6254490733588	3843.163937414156
26.65835665241193	3971.618312100306
26.69126423146505	4104.365667546814
26.72417181051818	4241.549481144108
26.7570793895713	4383.318015571466
26.78998696862442	4529.824494958831
26.82289454767755	4681.227262599291
26.85580212673067	4837.689953517818
26.88870970578379	4999.381679607488
26.92161728483692	5166.477178842668
26.95452486389004	5339.1570569754
26.98743244294316	5517.607581238271
27.02034002199629	5702.022350805591
27.05324760104941	5892.600363891704
27.08615518010253	6089.547510517091
27.11906275915566	6293.076685609013
27.15197033820878	6503.4078631646
27.1848779172619	6720.768369183056
27.21778549631503	6945.393128212479
27.25069307536815	7177.524909601414
27.28360065442127	7417.41460160251
27.3165082334744	7665.321475359578
27.34941581252752	7921.513467279567
27.38232339158064	8186.267480173334
27.41523097063377	8459.869241193001
27.44813854968689	8742.615265550678
27.48104612874002	9034.810747478601
27.51395370779314	9336.771528939769
27.54686128684626	9648.823897202676
27.57976886589939	9971.305140704539
27.61267644495251	10304.56380518996
27.64558402400563	10648.96007159384
27.67849160305876	11004.86616277332
27.71139918211188	11372.6667409234
27.744306761165	11752.75932376261
27.77721434021813	12145.5547126845
27.81012191927125	12551.47745173226
27.84302949832437	12970.96620462405
27.8759370773775	13404.47418638417
27.90884465643062	13852.47037824828
27.94175223548374	14315.4387366297
27.97465981453687	14793.8796830609
28.00756739358999	15288.31022824544
28.04047497264311	15799.26478237906
28.07338255169624	16327.29558840291
28.10629013074936	16872.97333830787
28.13919770980248	17436.88780364308
28.17210528885561	18019.64844919815
28.20501286790873	18621.88512411149
28.23792044696185	19244.24874253006
28.27082802601498	19887.41189984222
28.3037356050681	20552.06939061379
28.33664318412123	21238.94032682388
28.36955076317435	21948.76669330897
28.40245834222747	22682.31566573996
28.4353659212806	23440.38006136429
28.46827350033372	24223.77924322208
28.50118107938684	25033.35981125035
28.53408865843997	25869.9967952518
28.56699623749309	26734.59443220809
28.59990381654621	27628.08717696775
28.63281139559934	28551.44070865992
28.66571897465246	29505.65298464051
28.69862655370558	30491.75532455091
28.73153413275871	31510.81345298868
28.76444171181183	32563.92844150162
28.79734929086495	33652.23924931297
28.83025686991808	34776.92173080679
28.8631644489712	35939.19142497438
28.89607202802432	37140.30451306032
28.92897960707745	38381.55915242458
28.96188718613057	39664.29691802661
28.99479476518369	40989.90412682929
29.02770234423682	42359.8135221587
29.06060992328994	43775.50568361412
29.09351750234307	45238.51069143679
29.12642508139619	46750.40975357612
29.15933266044931	48312.83694228897
29.19224023950244	49927.48085453957
29.22514781855556	51596.0866630176
29.25805539760868	53320.45751954496
29.29096297666181	55102.45760566332
29.32387055571493	56944.01265690753
29.35677813476805	58847.11301363684
29.38968571382118	60813.81553850779
29.4225932928743	62846.24583262451
29.45550087192742	64946.60054250248
29.48840845098055	67117.14976654155
29.52131603003367	69360.23933445949
29.55422360908679	71678.29360078443
29.58713118813992	74073.81790514562
29.62003876719304	76549.40134288935
29.65294634624616	79107.71947142946
29.68585392529929	81751.53731026668
29.71876150435241	84483.71231588884
29.75166908340553	87307.19700116524
29.78457666245866	90225.04377434692
29.81748424151178	93240.40582302635
29.85039182056491	96356.54213997234
29.88329939961803	99576.82062682965
29.91620697867115	102904.7217461877
29.94911455772428	106343.8422759222
29.9820221367774	109897.899197561
30.01492971583052	113570.7337727216
30.04783729488365	117366.3154797748
30.08074487393677	121288.7466126007
30.11365245298989	125342.266521143
30.14656003204302	129531.2562025084
30.17946761109614	133860.24308457
30.21237519014926	138333.905964966
30.24528276920239	142957.0795193552
30.27819034825551	147734.7612800414
30.31109792730863	152672.1145131558
30.34400550636176	157774.4754875647
30.37691308541488	163047.3588090813
30.409820664468	168496.4633805702
30.44272824352113	174127.678565715
30.47563582257425	179947.0905484177
30.50854340162737	185960.9889160171
30.5414509806805	192175.8734593457
30.57435855973362	198598.4612256509
30.60726613878674	205235.6936411698
30.64017371783987	212094.7442458599
30.67308129689299	219183.0262128669
30.70598887594612	226508.2005114347
30.73889645499924	234078.184202934
30.77180403405236	241901.1585911617
30.80471161310549	249985.5792389
30.83761919215861	258340.1834646395
30.87052677121173	266974.0008736823
30.90343435026486	275896.3628530181
30.93634192931798	285116.912633755
30.9692495083711	294645.6157306836
31.00215708742423	304492.7707102963
31.03506466647735	314669.0203164189
31.06797224553047	325185.3629863031
31.1008798245836	336053.1646999216
31.13378740363672	347284.1713665282
31.16669498268984	358890.521321163
31.19960256174297	370884.7586330143
31.23251014079609	383279.8466054439
31.26541771984921	396089.1817951601
31.29832529890234	409326.6084412387
31.33123287795546	423006.43304714
31.36414045700858	437143.4415286432
31.39704803606171	451752.9126475489
31.42995561511483	466850.6362213902
31.46286319416796	482452.9298004925
31.49577077322108	498576.6561901934
31.5286783522742	515239.2418240014
31.56158593132733	532458.6955259673
31.59449351038045	550253.6279630898
31.62740108943357	568643.271772744
31.6603086684867	587647.5023576773
31.69321624753982	607286.8593784929
31.72612382659294	627582.5689431486
31.75903140564607	648556.5664225507
31.79193898469919	670231.5203918765
31.82484656375231	692630.857051579
31.85775414280544	715778.7854249844
31.89066172185856	739700.3231858193
31.92356930091168	764421.3254238385
31.95647687996481	789968.5099884134
31.98938445901793	816369.4881114467
32.02229203807106	843652.7937811665
32.05519961712418	871847.9145862772
32.0881071961773	900985.3236140276
32.12101477523043	931096.5123640262
32.15392235428355	962214.0247922674
32.18682993333667	994371.4924751606
32.2197375123898	1027603.670966519
0
1000	0.5109989461	100000000000000.1
5	0	0	1
5	0	0	0
-0.654933961680612	-1.332010887901019e-08
-0.6220263826274882	-1.107264470553179e-08
-0.5891188035743644	-1.134649717496954e-08
-0.5562112245212406	-1.19710249855844e-08
-0.5233036454681168	-1.264339075125638e-08
-0.490396066414993	-1.328149562564495e-08
-0.4574884873618692	-1.386027465182582e-08
-0.4245809083087454	-1.437423266940013e-08
-0.3916733292556216	-1.482538381449359e-08
-0.3587657502024978	-1.521859762497662e-08
-0.325858171149374	-1.555962189498143e-08
-0.2929505920962502	-1.585421123093509e-08
-0.2600430130431264	-1.6107751769026e-08
-0.2271354339900026	-1.63251191026086e-08
-0.1942278549368788	-1.651064749200199e-08
-0.161320275883755	-1.666815108785978e-08
-0.1284126968306312	-1.680096757381005e-08
-0.09550511777750736	-1.691200934126854e-08
-0.06259753872438356	-1.700381482576782e-08
-0.02968995967125975	-1.707859654414562e-08
0.003217619381864059	-1.713828441504502e-08
0.03612519843498787	-1.718456400045757e-08
0.06903277748811168	-1.721890983184492e-08
0.1019403565412355	-1.724261422542158e-08
0.1348479355943593	-1.725681208033204e-08
0.1677555146474831	-1.726250216358345e-08
0.2006630937006069	-1.726056535679018e-08
0.2335706727537307	-1.725178029398007e-08
0.2664782518068545	-1.723683676869185e-08
0.2993858308599783	-1.721634723846127e-08
0.3322934099131021	-1.714909694818083e-08
0.3652009889662259	-1.71105850665779e-08
0.3981085680193497	-1.706776270148754e-08
0.4310161470724735	-1.70210535221754e-08
0.4639237261255973	-1.697084211833976e-08
0.4968313051787211	-1.691747728523131e-08
0.529738884231845	-1.686127514225672e-08
0.5626464632849688	-1.680252203996277e-08
0.5955540423380926	-1.674147723860526e-08
0.6284616213912164	-1.667837535729975e-08
0.6613692004443402	-1.661367678128983e-08
0.694276779497464	-1.654703922935206e-08
0.7271843585505878	-1.647890827536137e-08
0.7600919376037116	-1.640944463042128e-08
0.7929995166568354	-1.633879338395571e-08
0.8259070957099592	-1.626708533554665e-08
0.858814674763083	-1.619443819212009e-08
0.8917222538162068	-1.612095764253687e-08
0.9246298328693306	-1.6046738320445e-08
0.9575374119224545	-1.597186466512412e-08
0.9904449909755783	-1.589666699000502e-08
1.023352570028702	-1.582068366783017e-08
1.056260149081826	-1.57442217132707e-08
1.08916772813495	-1.566733251479888e-08
1.122075307188074	-1.559006169957209e-08
1.154982886241198	-1.551244964640834e-08
1.187890465294322	-1.543453194727324e-08
1.220798044347446	-1.535633982291664e-08
1.253705623400569	-1.527790049765535e-08
1.286613202453693	-1.519923753773417e-08
1.319520781506817	-1.512026319531721e-08
1.352428360559941	-1.504122476759344e-08
1.385335939613065	-1.496202153482649e-08
1.418243518666189	-1.48826633528628e-08
1.451151097719313	-1.480315757049455e-08
1.484058676772437	-1.47235092712496e-08
1.516966255825561	-1.464372148880002e-08
1.549873834878685	-1.456379539935681e-08
1.582781413931809	-1.448373049397798e-08
1.615688992984933	-1.44035247333376e-08
1.648596572038056	-1.432310868710702e-08
1.68150415109118	-1.424261843410513e-08
1.714411730144304	-1.416197770713489e-08
1.747319309197428	-1.408117845687324e-08
1.780226888250552	-1.40002116148574e-08
1.813134467303676	-1.391906721547437e-08
1.8460420463568	-1.383773450515007e-08
1.878949625409924	-1.375620204059138e-08
1.911857204463048	-1.367445777767882e-08
1.944764783516172	-1.359248915238744e-08
1.977672362569296	-1.351022943479598e-08
2.010579941622419	-1.342777925061792e-08
2.043487520675543	-1.334506838941787e-08
2.076395099728667	-1.326208207055837e-08
2.109302678781791	-1.317880521735268e-08
2.142210257834915	-1.309522253105313e-08
2.175117836888039	-1.30113185587531e-08
2.208025415941163	-1.292707775624864e-08
2.240932994994287	-1.284248454674889e-08
2.273840574047411	-1.275752337619214e-08
2.306748153100535	-1.267219919418597e-08
2.339655732153659	-1.258645442797173e-08
2.372563311206783	-1.250029376481187e-08
2.405470890259906	-1.241370233272754e-08
2.43837846931303	-1.232666565099196e-08
2.471286048366154	-1.223916968073005e-08
2.504193627419278	-1.215120087369611e-08
2.537101206472402	-1.206274621954693e-08
2.570008785525526	-1.197379329186554e-08
2.60291636457865	-1.188433029313486e-08
2.635823943631774	-1.179441726798824e-08
2.668731522684898	-1.170389513797169e-08
2.701639101738022	-1.161282582333145e-08
2.734546680791146	-1.152120099745545e-08
2.76745425984427	-1.142901342050649e-08
2.800361838897393	-1.133625699344969e-08
2.833269417950517	-1.124292682261552e-08
2.866176997003641	-1.114901929793802e-08
2.899084576056765	-1.105453218929115e-08
2.931992155109889	-1.095946476721448e-08
2.964899734163013	-1.086321212951266e-08
2.997807313216137	-1.076701040947986e-08
3.030714892269261	-1.067029721707583e-08
3.063622471322385	-1.057308539940885e-08
3.096530050375509	-1.047538888904515e-08
3.129437629428633	-1.037722270844734e-08
3.162345208481756	-1.027860297177283e-08
3.19525278753488	-1.017954688297413e-08
3.228160366588004	-1.008007272839443e-08
3.261067945641128	-9.980199860575753e-09
3.293975524694252	-9.912281039552819e-09
3.326883103747376	-9.009049291548296e-09
3.3597906828005	-9.656492899562422e-09
3.392698261853624	-9.569807907180147e-09
3.425605840906748	-9.473843162366322e-09
3.458513419959872	-9.375171921672416e-09
3.491420999012996	-9.275145796298395e-09
3.52432857806612	-9.174221285702872e-09
3.557236157119243	-9.072597120427886e-09
3.590143736172367	-8.970375752743795e-09
3.623051315225491	-8.867023759065298e-09
3.655958894278615	-8.763937933931521e-09
3.688866473331739	-8.660369558641542e-09
3.721774052384863	-8.556335205987046e-09
3.754681631437987	-8.451852903178183e-09
3.787589210491111	-8.346942225771603e-09
3.820496789544235	-8.241624353428231e-09
3.853404368597359	-8.135922098092165e-09
3.886311947650483	-8.029859911395968e-09
3.919219526703607	-7.923463875774059e-09
3.95212710575673	-7.816649918965181e-09
3.985034684809854	-7.709674099067363e-09
4.017942263862978	-7.602464255429626e-09
4.050849842916102	-7.495053191281661e-09
4.083757421969225	-7.387474575202927e-09
4.116665001022349	-7.279762705413705e-09
4.149572580075472	-7.171952245595981e-09
4.182480159128596	-7.064077904201974e-09
4.215387738181719	-6.956174028536104e-09
4.248295317234843	-6.848274073753044e-09
4.281202896287966	-6.726170707444157e-09
4.314110475341089	-6.618407695298455e-09
4.347018054394213	-6.512254603622936e-09
4.379925633447336	-6.408046170371148e-09
4.41283321250046	-6.30612186381087e-09
4.445740791553583	-6.206822790479587e-09
4.478648370606707	-6.110488514132334e-09
4.51155594965983	-6.017453854313298e-09
4.544463528712954	-5.92804573343843e-09
4.577371107766077	-5.842580138381653e-09
4.610278686819201	-5.039177898399415e-09
4.643186265872324	-5.402389524974462e-09
4.676093844925448	-5.469832808441389e-09
4.709001423978571	-5.477995703375853e-09
4.741909003031695	-5.465526055987676e-09
4.774816582084818	-5.444209624693931e-09
4.807724161137942	-5.418786796335434e-09
4.840631740191065	-5.391489887946711e-09
4.873539319244188	-5.363478927377668e-09
4.906446898297312	-5.3353956836213e-09
4.939354477350435	-5.300613233533745e-09
4.972262056403559	-5.274776268640225e-09
5.005169635456682	-5.249687797684806e-09
5.038077214509806	-5.225348453388423e-09
5.070984793562929	-5.201755716881757e-09
5.103892372616053	-5.178904315286364e-09
5.136799951669176	-5.15678649517668e-09
5.1697075307223	-5.135392228051801e-09
5.202615109775423	-5.114709383464522e-09
5.235522688828547	-5.094723891967608e-09
5.26843026788167	-5.081698921390942e-09
5.301337846934794	-5.063741572027493e-09
5.334245425987917	-5.046298512816504e-09
5.367153005041041	-5.029450664898258e-09
5.400060584094164	-5.014331043210893e-09
5.432968163147287	-4.99454135562243e-09
5.465875742200411	-4.979523339488575e-09
5.498783321253534	-4.964236133843924e-09
5.531690900306658	-4.949210470625229e-09
5.564598479359781	-4.934476803628176e-09
5.597506058412905	-4.918396157686929e-09
5.630413637466028	-4.90479848405152e-09
5.663321216519152	-4.891476090009292e-09
5.696228795572275	-4.878438833411881e-09
5.729136374625399	-4.865692382357247e-09
5.762043953678522	-4.853239540267725e-09
5.794951532731646	-4.841081085501088e-09
5.827859111784769	-4.829216324148389e-09
5.860766690837893	-4.817643466650304e-09
5.893674269891016	-4.806359892423785e-09
5.92658184894414	-4.795428687013593e-09
5.959489427997263	-4.784701164341864e-09
5.992397007050386	-4.774249166166245e-09
6.02530458610351	-4.764069715932195e-09
6.058212165156633	-4.754159357075195e-09
6.091119744209757	-4.744514218889589e-09
6.12402732326288	-4.735130077326077e-09
6.156934902316004	-4.726002410696425e-09
6.189842481369127	-4.717126450382419e-09
6.222750060422251	-4.708497226730857e-09
6.255657639475374	-4.70013453293096e-09
6.288565218528498	-4.691979994355818e-09
6.321472797581621	-4.684054808506997e-09
6.354380376634745	-4.676354005996677e-09
6.387287955687868	-4.668872610628169e-09
6.420195534740992	-4.661605648961681e-09
6.453103113794115	-4.654548159683402e-09
6.486010692847239	-4.647695202663841e-09
6.518918271900362	-4.641041867624685e-09
6.551825850953485	-4.634583282377905e-09
6.584733430006609	-4.628300917843114e-09
6.617641009059732	-4.622219090736905e-09
6.650548588112856	-4.616318694066201e-09
6.683456167165979	-4.610594862557114e-09
6.716363746219103	-4.605042768785869e-09
6.749271325272226	-4.599657633804937e-09
6.78217890432535	-4.594434736424726e-09
6.815086483378473	-4.589369421269265e-09
6.847994062431597	-4.584457105715247e-09
6.88090164148472	-4.57969328581543e-09
6.913809220537844	-4.575089703755299e-09
6.946716799590967	-4.570607810794068e-09
6.979624378644091	-4.566260236935013e-09
7.012531957697214	-4.562043074270148e-09
7.045439536750338	-4.557952549070703e-09
7.078347115803461	-4.553985015932638e-09
7.111254694856584	-4.550136952273059e-09
7.144162273909708	-4.546404953150977e-09
7.177069852962831	-4.54278572638812e-09
7.209977432015955	-4.539276087967242e-09
7.242885011069078	-4.535859304985809e-09
7.275792590122202	-4.532561292210386e-09
7.308700169175325	-4.529364924725606e-09
7.341607748228449	-4.526267209503972e-09
7.374515327281572	-4.523265209387721e-09
7.407422906334696	-4.520356045909786e-09
7.440330485387819	-4.517536901580434e-09
7.473238064440943	-4.514805021693915e-09
7.506145643494066	-4.512157715705271e-09
7.53905322254719	-4.509592358223178e-09
7.571960801600313	-4.507115242251972e-09
7.604868380653437	-4.504705160672355e-09
7.63777595970656	-4.502368888381839e-09
7.670683538759683	-4.500104189204979e-09
7.703591117812807	-4.4979089154994e-09
7.73649869686593	-4.495781004029091e-09
7.769406275919054	-4.493718472079248e-09
7.802313854972177	-4.491719413793859e-09
7.835221434025301	-4.489781996718966e-09
7.868129013078424	-4.487904458536424e-09
7.901036592131548	-4.486062900710914e-09
7.933944171184671	-4.484302840761324e-09
7.966851750237795	-4.482599322234779e-09
7.999759329290918	-4.480950481112896e-09
8.032666908344043	-4.479354469709026e-09
8.065574487397166	-4.47780946487641e-09
8.098482066450289	-4.476313674692434e-09
8.131389645503413	-4.474865343826414e-09
8.164297224556536	-4.473462757774118e-09
8.19720480360966	-4.472104246120266e-09
8.230112382662783	-4.470795154798476e-09
8.263019961715907	-4.469519176521871e-09
8.29592754076903	-4.468282028304679e-09
8.328835119822154	-4.467082330489993e-09
8.361742698875277	-4.465918771492809e-09
8.394650277928401	-4.464790105178355e-09
8.427557856981524	-4.463695148237894e-09
8.460465436034648	-4.462632777579859e-09
8.493373015087771	-4.461601927753268e-09
8.526280594140895	-4.460601588419062e-09
8.559188173194018	-4.459624736870476e-09
8.592095752247142	-4.458683569044185e-09
8.625003331300265	-4.457770496783906e-09
8.657910910353388	-4.456884587226352e-09
8.690818489406512	-4.456024962243046e-09
8.723726068459635	-4.455190795845476e-09
8.756633647512759	-4.454381310981085e-09
8.789541226565882	-4.453595776098562e-09
8.822448805619006	-4.452833501720036e-09
8.855356384672129	-4.452093837160003e-09
8.888263963725253	-4.451370927788102e-09
8.921171542778376	-4.450676185825888e-09
8.9540791218315	-4.450002108806024e-09
8.986986700884623	-4.449348162311828e-09
9.019894279937747	-4.448713855011812e-09
9.05280185899087	-4.448098726499999e-09
9.085709438043994	-4.447502340656718e-09
9.118617017097117	-4.446924281741231e-09
9.15152459615024	-4.446364151916845e-09
9.184432175203364	-4.44582156956615e-09
9.217339754256487	-4.445258199557708e-09
9.250247333309611	-4.444755713079516e-09
9.283154912362734	-4.444271646656688e-09
9.316062491415858	-4.44380494835459e-09
9.348970070468981	-4.44335463105714e-09
9.381877649522105	-4.442919770589245e-09
9.414785228575228	-4.442499502974736e-09
9.447692807628352	-4.442093021223774e-09
9.480600386681475	-4.441699571907028e-09
9.513507965734599	-4.441318451683724e-09
9.546415544787722	-4.44095052785613e-09
9.579323123840846	-4.440591956952454e-09
9.612230702893969	-4.440243765381548e-09
9.645138281947093	-4.43990543759473e-09
9.678045861000216	-4.439576494834643e-09
9.710953440053339	-4.439256492561094e-09
9.743861019106463	-4.4389450182498e-09
9.776768598159586	-4.438641689561004e-09
9.80967617721271	-4.438346152890263e-09
9.842583756265833	-4.438058082333239e-09
9.875491335318957	-4.437769656531403e-09
9.90839891437208	-4.437496072000754e-09
9.941306493425204	-4.437229841533846e-09
9.974214072478327	-4.436970773629359e-09
10.00712165153145	-4.436718686489924e-09
10.04002923058457	-4.436473407543285e-09
10.0729368096377	-4.436234772996088e-09
10.10584438869082	-4.436002627417922e-09
10.13875196774394	-4.435776823353436e-09
10.17165954679707	-4.435557220960721e-09
10.20456712585019	-4.43534445880288e-09
10.23747470490332	-4.435136798444954e-09
10.27038228395644	-4.434934898354964e-09
10.30328986300956	-4.434738652876805e-09
10.33619744206269	-4.434547965584811e-09
10.36910502111581	-4.434362749059347e-09
10.40201260016893	-4.434182924699362e-09
10.43492017922206	-4.434008422571157e-09
10.46782775827518	-4.43383918129291e-09
10.5007353373283	-4.433675147954685e-09
10.53364291638143	-4.433516640729322e-09
10.56655049543455	-4.433362868546456e-09
10.59945807448767	-4.433214164650047e-09
10.6323656535408	-4.433070512223559e-09
10.66527323259392	-4.432931904664929e-09
10.69818081164704	-4.432798345832774e-09
10.73108839070017	-4.432669850356046e-09
10.76399596975329	-4.432546444012134e-09
10.79690354880641	-4.432428164179059e-09
10.82981112785954	-4.4323150603686e-09
10.86271870691266	-4.432206349529637e-09
10.89562628596578	-4.43210386091382e-09
10.92853386501891	-4.432006852012951e-09
10.96144144407203	-4.431915424568701e-09
10.99434902312515	-4.431829692719828e-09
11.02725660217828	-4.431749783833287e-09
11.0601641812314	-4.431675839432913e-09
11.09307176028453	-4.431608016237056e-09
11.12597933933765	-4.431546487318425e-09
11.15888691839077	-4.43149144340117e-09
11.1917944974439	-4.431424429150845e-09
11.22470207649702	-4.431384197348636e-09
11.25760965555014	-4.431352908478692e-09
11.29051723460327	-4.431330792595253e-09
11.32342481365639	-4.43131799376088e-09
11.35633239270951	-4.43131456165942e-09
11.38923997176264	-4.431320445172393e-09
11.42214755081576	-4.431335488329104e-09
11.45505512986888	-4.431359428953414e-09
11.48796270892201	-4.431391900212924e-09
11.52087028797513	-4.431548066471306e-09
11.55377786702825	-4.431576076583038e-09
11.58668544608138	-4.431606430826459e-09
11.6195930251345	-4.431639980223312e-09
11.65250060418762	-4.431677436458357e-09
11.68540818324075	-4.431719445518666e-09
11.71831576229387	-4.431766632391018e-09
11.75122334134699	-4.431819631098957e-09
11.78413092040012	-4.431879107265736e-09
11.81703849945324	-4.43194577713136e-09
11.84994607850637	-4.43208400170353e-09
11.88285365755949	-4.432169167055298e-09
11.91576123661261	-4.432257946244618e-09
11.94866881566574	-4.43234880988019e-09
11.98157639471886	-4.432438606410805e-09
12.01448397377198	-4.432520480628761e-09
12.04739155282511	-4.432577647806318e-09
12.08029913187823	-4.432558684162389e-09
12.11320671093135	-4.432207936024378e-09
12.14611428998448	-4.387994318140077e-09
12.1790218690376	-4.433585160243002e-09
12.21192944809072	-4.433850339131425e-09
12.24483702714385	-4.434137043422433e-09
12.27774460619697	-4.434445859080511e-09
12.31065218525009	-4.434777309401749e-09
12.34355976430322	-4.435131843026432e-09
12.37646734335634	-4.435509821310515e-09
12.40937492240946	-4.435911505200806e-09
12.44228250146259	-4.436337041798426e-09
12.47519008051571	-4.436786450837519e-09
12.50809765956883	-4.437311797390572e-09
12.54100523862196	-4.43780388796571e-09
12.57391281767508	-4.43831455651366e-09
12.6068203967282	-4.438843614188212e-09
12.63972797578133	-4.439390923385308e-09
12.67263555483445	-4.439956393651763e-09
12.70554313388758	-4.440539978181727e-09
12.7384507129407	-4.441141670820076e-09
12.77135829199382	-4.44176150350542e-09
12.80426587104695	-4.442399544096229e-09
12.83717345010007	-4.443053256834923e-09
12.87008102915319	-4.443728325911854e-09
12.90298860820632	-4.444422211459159e-09
12.93589618725944	-4.445135078695841e-09
12.96880376631256	-4.445867113862956e-09
13.00171134536569	-4.446618524042831e-09
13.03461892441881	-4.447389537051372e-09
13.06752650347193	-4.44818040140052e-09
13.10043408252506	-4.448991386327963e-09
13.13334166157818	-4.449822781892194e-09
13.1662492406313	-4.450666458833936e-09
13.19915681968443	-4.451540265913496e-09
13.23206439873755	-4.452436236157401e-09
13.26497197779067	-4.45335470417102e-09
13.2978795568438	-4.454295985473566e-09
13.33078713589692	-4.455260373556469e-09
13.36369471495004	-4.456248136707051e-09
13.39660229400317	-4.457259514588402e-09
13.42950987305629	-4.458294714567058e-09
13.46241745210942	-4.459353907781498e-09
13.49532503116254	-4.460426036601716e-09
13.52823261021566	-4.46153397885021e-09
13.56114018926879	-4.462667303628088e-09
13.59404776832191	-4.463826072180642e-09
13.62695534737503	-4.465010225290968e-09
13.65986292642816	-4.46621955863035e-09
13.69277050548128	-4.467453693756504e-09
13.7256780845344	-4.468712043995432e-09
13.75858566358753	-4.469993774306819e-09
13.79149324264065	-4.471297754073788e-09
13.82440082169377	-4.472555188625002e-09
13.8573084007469	-4.473897528533644e-09
13.89021597980002	-4.475263847701501e-09
13.92312355885314	-4.476653251749242e-09
13.95603113790627	-4.478064302317243e-09
13.98893871695939	-4.479494789856709e-09
14.02184629601251	-4.480941391782777e-09
14.05475387506564	-4.48239914321399e-09
14.08766145411876	-4.483860589564128e-09
14.12056903317188	-4.485314374639455e-09
14.15347661222501	-4.482756714637325e-09
14.18638419127813	-4.484420596134997e-09
14.21929177033125	-4.486207878713084e-09
14.25219934938438	-4.488127954988205e-09
14.2851069284375	-4.490192928620677e-09
14.31801450749063	-4.492417448456512e-09
14.35092208654375	-4.494818855116523e-09
14.38382966559687	-4.497417527333271e-09
14.41673724465	-4.500237398536867e-09
14.44964482370312	-4.503306653202742e-09
14.48255240275624	-4.505718066856182e-09
14.51545998180937	-4.509423378227745e-09
14.54836756086249	-4.513589369686116e-09
14.58127513991561	-4.518286921230589e-09
14.61418271896874	-4.523599585334545e-09
14.64709029802186	-4.529625950084041e-09
14.67999787707498	-4.536482346637706e-09
14.71290545612811	-4.544305854541029e-09
14.74581303518123	-4.553257461939961e-09
14.77872061423435	-4.563525063129733e-09
14.81162819328748	-4.583938965537207e-09
14.8445357723406	-4.597698770480005e-09
14.87744335139372	-4.6125337279032e-09
14.91035093044685	-4.628463727366499e-09
14.94325850949997	-4.645507690153263e-09
14.97616608855309	-4.663683455321973e-09
15.00907366760622	-4.683007661635187e-09
15.04198124665934	-4.703495625776332e-09
15.07488882571247	-4.725161217352403e-09
15.10779640476559	-4.748016731274034e-09
15.14070398381871	-4.7722393048538e-09
15.17361156287184	-4.797491806819962e-09
15.20651914192496	-4.823945466271902e-09
15.23942672097808	-4.851605930942208e-09
15.27233430003121	-4.880477477141037e-09
15.30524187908433	-4.910562928691667e-09
15.33814945813745	-4.941863575927629e-09
15.37105703719058	-4.974379095286395e-09
15.4039646162437	-5.008107470083317e-09
15.43687219529682	-5.043044913096633e-09
15.46977977434995	-5.079314371410512e-09
15.50268735340307	-5.116640317745496e-09
15.53559493245619	-5.155141458161749e-09
15.56850251150932	-5.194807193951997e-09
15.60141009056244	-5.235625430075258e-09
15.63431766961556	-5.277582532418678e-09
15.66722524866869	-5.320663288492786e-09
15.70013282772181	-5.364850872047651e-09
15.73304040677493	-5.410126812100365e-09
15.76594798582806	-5.456470966862491e-09
15.79885556488118	-5.503960313046252e-09
15.8317631439343	-5.552364681790867e-09
15.86467072298743	-5.601758328876938e-09
15.89757830204055	-5.65211521484766e-09
15.93048588109368	-5.703408016549215e-09
15.9633934601468	-5.75560812917523e-09
15.99630103919992	-5.808685673565411e-09
16.02920861825305	-5.862609508962323e-09
16.06211619730617	-5.917347251399988e-09
16.09502377635929	-5.972865297864803e-09
16.12793135541242	-6.029196362107998e-09
16.16083893446554	-6.086162876802336e-09
16.19374651351866	-6.143796404444133e-09
16.22665409257179	-6.202059571589078e-09
16.25956167162491	-6.260914258405442e-09
16.29246925067804	-6.320321640981047e-09
16.32537682973116	-6.380242238197791e-09
16.35828440878428	-6.440635963024166e-09
16.39119198783741	-6.501462178045042e-09
16.42409956689053	-6.562679755016677e-09
16.45700714594365	-6.624293126494636e-09
16.48991472499678	-6.686163598626091e-09
16.5228223040499	-6.74829612857484e-09
16.55572988310302	-6.810648867370322e-09
16.58863746215615	-6.873179982355295e-09
16.62154504120927	-6.935847717616215e-09
16.65445262026239	-6.998610456192616e-09
16.68736019931552	-7.061426783723697e-09
16.72026777836864	-7.124255553183182e-09
16.75317535742176	-7.187055950347935e-09
16.78608293647489	-7.249821286425899e-09
16.81899051552801	-7.312440418944161e-09
16.85189809458113	-7.374908823804014e-09
16.88480567363426	-7.437188143047154e-09
16.91771325268738	-7.499240777248355e-09
16.9506208317405	-7.561029932151578e-09
16.98352841079363	-7.622519664288632e-09
17.01643598984675	-7.683674925294495e-09
17.04934356889988	-7.74446160464964e-09
17.082251147953	-7.804846570597326e-09
17.11515872700612	-7.864825235754417e-09
17.14806630605925	-7.924308247036937e-09
17.18097388511237	-7.983294385633041e-09
17.21388146416549	-8.041755218755498e-09
17.24678904321862	-8.099663528339868e-09
17.27969662227174	-8.156993321996658e-09
17.31260420132486	-8.213719842149063e-09
17.34551178037799	-8.269819573222808e-09
17.37841935943111	-8.325270246778827e-09
17.41132693848423	-8.380050844502202e-09
17.44423451753736	-8.434166530431713e-09
17.47714209659048	-8.487545780343833e-09
17.5100496756436	-8.540197667717468e-09
17.54295725469673	-8.59210657589686e-09
17.57586483374985	-8.643258161604474e-09
17.60877241280297	-8.693639329994273e-09
17.6416799918561	-8.743238209344567e-09
17.67458757090922	-8.792044125276186e-09
17.70749514996234	-8.840047574410794e-09
17.74040272901547	-8.887240197409857e-09
17.77331030806859	-8.933641236375127e-09
17.80621788712171	-8.979187858627017e-09
17.83912546617484	-9.023903502388071e-09
17.87203304522796	-9.067784595458821e-09
17.90494062428109	-9.110828576136653e-09
17.93784820333421	-9.153033848437923e-09
17.97075578238733	-9.194399739688921e-09
18.00366336144046	-9.234926460052284e-09
18.03657094049358	-9.274615063646155e-09
18.0694785195467	-9.313467410985844e-09
18.10238609859983	-9.351550338929026e-09
18.13529367765295	-9.38872491319997e-09
18.16820125670607	-9.425072268221661e-09
18.2011088357592	-9.460598195820558e-09
18.23401641481232	-9.495308858693299e-09
18.26692399386544	-9.529210829862974e-09
18.29983157291857	-9.562311106251088e-09
18.33273915197169	-9.594617107826549e-09
18.36564673102481	-9.626136668354176e-09
18.39855431007794	-9.656878021081531e-09
18.43146188913106	-9.686858800132849e-09
18.46436946818418	-9.71606875689847e-09
18.49727704723731	-9.74452683638018e-09
18.53018462629043	-9.772242817194677e-09
18.56309220534355	-9.799226784287618e-09
18.59599978439668	-9.82548910661704e-09
18.6289073634498	-9.851040415406778e-09
18.66181494250293	-9.875891583060344e-09
18.69472252155605	-9.900053702835893e-09
18.72763010060917	-9.923538069399386e-09
18.7605376796623	-9.946343247272716e-09
18.79344525871542	-9.968507594115763e-09
18.82635283776854	-9.990030274731738e-09
18.85926041682167	-1.001092319085566e-08
18.89216799587479	-1.003119831265146e-08
18.92507557492791	-1.005086766158993e-08
18.95798315398104	-1.006994329400045e-08
18.99089073303416	-1.008843728530102e-08
19.02379831208728	-1.010636171490893e-08
19.05670589114041	-1.012372865183208e-08
19.08961347019353	-1.014054337367702e-08
19.12252104924665	-1.015683218374057e-08
19.15542862829978	-1.017260002165539e-08
19.1883362073529	-1.018785868859584e-08
19.22124378640602	-1.020261989446307e-08
19.25415136545915	-1.021689525061285e-08
19.28705894451227	-1.023069626299926e-08
19.31996652356539	-1.024403432572654e-08
19.35287410261852	-1.025692071500073e-08
19.38578168167164	-1.026936658347256e-08
19.41868926072476	-1.02813833136671e-08
19.45159683977789	-1.029298041474971e-08
19.48450441883101	-1.030417024554455e-08
19.51741199788414	-1.031496300599402e-08
19.55031957693726	-1.032536906700768e-08
19.58322715599038	-1.033539869851962e-08
19.61613473504351	-1.034506203116462e-08
19.64904231409663	-1.035436904524204e-08
19.68194989314975	-1.036332956571979e-08
19.71485747220288	-1.037195325916718e-08
19.747765051256	-1.038025358127358e-08
19.78067263030912	-1.038823153373056e-08
19.81358020936225	-1.039590039131231e-08
19.84648778841537	-1.040326922240509e-08
19.87939536746849	-1.041034694007796e-08
19.91230294652162	-1.041714229985928e-08
19.94521052557474	-1.042366389787362e-08
19.97811810462786	-1.042992016932938e-08
20.01102568368099	-1.043591938734854e-08
20.04393326273411	-1.044166966213091e-08
20.07684084178723	-1.044717580447549e-08
20.10974842084036	-1.045245215262307e-08
20.14265599989348	-1.045750316989564e-08
20.1755635789466	-1.046233628607828e-08
20.20847115799973	-1.046695875620065e-08
20.24137873705285	-1.047137766153758e-08
20.27428631610598	-1.047559991080916e-08
20.3071938951591	-1.047963224157589e-08
20.34010147421222	-1.048348122182902e-08
20.37300905326535	-1.048715325178341e-08
20.40591663231847	-1.04906718098027e-08
20.43882421137159	-1.049400770000212e-08
20.47173179042472	-1.049718321788077e-08
20.50463936947784	-1.050020398287831e-08
20.53754694853096	-1.050307547322486e-08
20.57045452758409	-1.05058030256475e-08
20.60336210663721	-1.050839183438347e-08
20.63626968569033	-1.051084694871038e-08
20.66917726474346	-1.051317326721654e-08
20.70208484379658	-1.051537552438487e-08
20.7349924228497	-1.051758429576912e-08
20.76790000190283	-1.051956715692717e-08
20.80080758095595	-1.052143632810218e-08
20.83371516000907	-1.052319598728648e-08
20.8666227390622	-1.052485026299279e-08
20.89953031811532	-1.052640322502762e-08
20.93243789716844	-1.052785887617578e-08
20.96534547622157	-1.052922114476506e-08
20.99825305527469	-1.05304938780764e-08
21.03116063432782	-1.053168083656296e-08
21.06406821338094	-1.053278708996643e-08
21.09697579243406	-1.053381323384284e-08
21.12988337148719	-1.053476422010176e-08
21.16279095054031	-1.053564344041879e-08
21.19569852959343	-1.053645418339605e-08
21.22860610864656	-1.053719963233384e-08
21.26151368769968	-1.053788286368732e-08
21.2944212667528	-1.053850684614475e-08
21.32732884580593	-1.053907444026666e-08
21.36023642485905	-1.053958839862856e-08
21.39314400391217	-1.054005005656349e-08
21.4260515829653	-1.054046468481897e-08
21.45895916201842	-1.05408334048716e-08
21.49186674107154	-1.054115853946068e-08
21.52477432012467	-1.05414423054212e-08
21.55768189917779	-1.054168681520234e-08
21.59058947823091	-1.05418940783222e-08
21.62349705728404	-1.054206600268476e-08
21.65640463633716	-1.054220439566944e-08
21.68931221539028	-1.054231096488239e-08
21.72221979444341	-1.054238419581731e-08
21.75512737349653	-1.054243171500012e-08
21.78803495254965	-1.054245229570088e-08
21.82094253160278	-1.054244736262728e-08
21.8538501106559	-1.054241825084823e-08
21.88675768970903	-1.054236620127701e-08
21.91966526876215	-1.054229235178886e-08
21.95257284781527	-1.054219772042695e-08
21.9854804268684	-1.054208317351521e-08
22.01838800592152	-1.054194936300807e-08
22.05129558497464	-1.054155206102734e-08
22.08420316402777	-1.054139980519283e-08
22.11711074308089	-1.054123395120231e-08
22.15001832213401	-1.054105573702982e-08
22.18292590118714	-1.054086617807937e-08
22.21583348024026	-1.054066615640142e-08
22.24874105929338	-1.054045646253697e-08
22.28164863834651	-1.054023781754619e-08
22.31455621739963	-1.054001088583875e-08
22.34746379645275	-1.053977628336127e-08
22.38037137550588	-1.05395232836821e-08
22.413278954559	-1.053927683466064e-08
22.44618653361212	-1.053902488879311e-08
22.47909411266525	-1.053876770508664e-08
22.51200169171837	-1.0538505527358e-08
22.54490927077149	-1.053823858468844e-08
22.57781684982462	-1.053796709192512e-08
22.61072442887774	-1.053769125021458e-08
22.64363200793087	-1.053741124755632e-08
22.67653958698399	-1.053712725936703e-08
22.70944716603711	-1.053684584531283e-08
22.74235474509024	-1.053655337768047e-08
22.77526232414336	-1.053625703865727e-08
22.80816990319648	-1.053595707388423e-08
22.84107748224961	-1.05356537138421e-08
22.87398506130273	-1.05353471747233e-08
22.90689264035585	-1.053503765927052e-08
22.93980021940898	-1.053472535757797e-08
22.9727077984621	-1.053441044785344e-08
23.00561537751522	-1.053409309714071e-08
23.03852295656835	-1.053377344496027e-08
23.07143053562147	-1.053345167407129e-08
23.10433811467459	-1.053312790424649e-08
23.13724569372772	-1.053280226409349e-08
23.17015327278084	-1.053247487406126e-08
23.20306085183396	-1.053214584695261e-08
23.23596843088709	-1.053181528840548e-08
23.26887600994021	-1.053148329734453e-08
23.30178358899333	-1.053114996640486e-08
23.33469116804646	-1.053081538232947e-08
23.36759874709958	-1.053047962811145e-08
23.4005063261527	-1.053014277608198e-08
23.43341390520583	-1.052980489926707e-08
23.46632148425895	-1.052946606436128e-08
23.49922906331208	-1.052912633381671e-08
23.5321366423652	-1.052878576611261e-08
23.56504422141832	-1.05284444160079e-08
23.59795180047145	-1.052810233477775e-08
23.63085937952457	-1.052775957043528e-08
23.66376695857769	-1.052741616793918e-08
23.69667453763082	-1.052707216854974e-08
23.72958211668394	-1.052672761343915e-08
23.76248969573706	-1.052638253867958e-08
23.79539727479019	-1.052603697882976e-08
23.82830485384331	-1.052569096624687e-08
23.86121243289643	-1.05253445312267e-08
23.89412001194956	-1.052499770213492e-08
23.92702759100268	-1.052465050553e-08
23.9599351700558	-1.052430296627835e-08
23.99284274910893	-1.052395510766206e-08
24.02575032816205	-1.052360695112299e-08
24.05865790721517	-1.052325851781628e-08
24.0915654862683	-1.052290982649328e-08
24.12447306532142	-1.052256089504283e-08
24.15738064437454	-1.052221174021226e-08
24.19028822342767	-1.052186237768004e-08
24.22319580248079	-1.052151282212376e-08
24.25610338153392	-1.052116308728386e-08
24.28901096058704	-1.05208131860232e-08
24.32191853964016	-1.052046313038297e-08
24.35482611869329	-1.052011293198951e-08
24.38773369774641	-1.051976260065297e-08
24.42064127679953	-1.051941214660638e-08
24.45354885585266	-1.051906157909761e-08
24.48645643490578	-1.051871090678443e-08
24.5193640139589	-1.051836013777214e-08
24.55227159301203	-1.051800927964875e-08
24.58517917206515	-1.051765833951796e-08
24.61808675111827	-1.051730732403001e-08
24.6509943301714	-1.051695623941061e-08
24.68390190922452	-1.051660509209559e-08
24.71680948827764	-1.051625388627005e-08
24.74971706733077	-1.051590262765399e-08
24.78262464638389	-1.051555132103439e-08
24.81553222543701	-1.051519997089528e-08
24.84843980449014	-1.051484858143718e-08
24.88134738354326	-1.051449715659529e-08
24.91425496259638	-1.051414570005656e-08
24.94716254164951	-1.051379421527555e-08
24.98007012070263	-1.051344270548942e-08
25.01297769975575	-1.051309117274912e-08
25.04588527880888	-1.05127396219524e-08
25.078792857862	-1.051238805477541e-08
25.11170043691513	-1.051203647370778e-08
25.14460801596825	-1.051168488107907e-08
25.17751559502137	-1.051133327906882e-08
25.2104231740745	-1.051098166971594e-08
25.24333075312762	-1.05106300549276e-08
25.27623833218074	-1.051027843648748e-08
25.30914591123387	-1.050992681606351e-08
25.34205349028699	-1.050957519587302e-08
25.37496106934011	-1.050922357599892e-08
25.40786864839324	-1.050887195846498e-08
25.44077622744636	-1.050852034454996e-08
25.47368380649948	-1.050816873545159e-08
25.50659138555261	-1.05078171322918e-08
25.53949896460573	-1.050746553612156e-08
25.57240654365885	-1.050711394792549e-08
25.60531412271198	-1.050676236862606e-08
25.6382217017651	-1.050641079908765e-08
25.67112928081822	-1.050605924015026e-08
25.70403685987135	-1.050570769251034e-08
25.73694443892447	-1.050535615690965e-08
25.76985201797759	-1.050500463401552e-08
25.80275959703072	-1.050465312445376e-08
25.83566717608384	-1.050430162881135e-08
25.86857475513697	-1.050395014763899e-08
25.90148233419009	-1.050359868145341e-08
25.93438991324321	-1.050324723073959e-08
25.96729749229634	-1.050289579595287e-08
26.00020507134946	-1.050254437723478e-08
26.03311265040258	-1.050219297558491e-08
26.06602022945571	-1.050184159109278e-08
26.09892780850883	-1.050149022411054e-08
26.13183538756195	-1.050113887496797e-08
26.16474296661508	-1.050078754397387e-08
26.1976505456682	-1.050043623141737e-08
26.23055812472132	-1.050008493756916e-08
26.26346570377445	-1.049973366268264e-08
26.29637328282757	-1.049938240699498e-08
26.32928086188069	-1.049903117058968e-08
26.36218844093382	-1.049867995396381e-08
26.39509601998694	-1.049832875717252e-08
26.42800359904006	-1.049797758039637e-08
26.46091117809319	-1.049762642380354e-08
26.49381875714631	-1.049727528755058e-08
26.52672633619943	-1.049692417178309e-08
26.55963391525256	-1.049657307663631e-08
26.59254149430568	-1.049622200223578e-08
26.6254490733588	-1.049587094869787e-08
26.65835665241193	-1.049551991637663e-08
26.69126423146505	-1.04951689048569e-08
26.72417181051818	-1.049481791447822e-08
26.7570793895713	-1.04944669453274e-08
26.78998696862442	-1.049411599748546e-08
26.82289454767755	-1.049376507102797e-08
26.85580212673067	-1.049341416602546e-08
26.88870970578379	-1.049306328254369e-08
26.92161728483692	-1.049271242064398e-08
26.95452486389004	-1.04923615803835e-08
26.98743244294316	-1.049201076189073e-08
27.02034002199629	-1.049165996505813e-08
27.05324760104941	-1.049130919000763e-08
27.08615518010253	-1.049095843678302e-08
27.11906275915566	-1.049060770542541e-08
27.15197033820878	-1.049025699597346e-08
27.1848779172619	-1.048990630846354e-08
27.21778549631503	-1.048955564292993e-08
27.25069307536815	-1.048920499940493e-08
27.28360065442127	-1.048885437791906e-08
27.3165082334744	-1.048850377852497e-08
27.34941581252752	-1.04881532012001e-08
27.38232339158064	-1.048780264599431e-08
27.41523097063377	-1.048745211293236e-08
27.44813854968689	-1.04871016020379e-08
27.48104612874002	-1.048675111333358e-08
27.51395370779314	-1.048640064684112e-08
27.54686128684626	-1.048605020258139e-08
27.57976886589939	-1.048569978057452e-08
27.61267644495251	-1.048534938083995e-08
27.64558402400563	-1.048499900329178e-08
27.67849160305876	-1.048464864816721e-08
27.71139918211188	-1.048429831537862e-08
27.744306761165	-1.048394800494241e-08
27.77721434021813	-1.048359771687415e-08
27.81012191927125	-1.048324745118863e-08
27.84302949832437	-1.048289720789995e-08
27.8759370773775	-1.048254698702149e-08
27.90884465643062	-1.048219678856603e-08
27.94175223548374	-1.048184661254573e-08
27.97465981453687	-1.04814964588747e-08
28.00756739358999	-1.048114632776786e-08
28.04047497264311	-1.048079621913774e-08
28.07338255169624	-1.048044613299364e-08
28.10629013074936	-1.048009606934401e-08
28.13919770980248	-1.047974602819648e-08
28.17210528885561	-1.047939600955793e-08
28.20501286790873	-1.047904601343446e-08
28.23792044696185	-1.047869603983144e-08
28.27082802601498	-1.047834608875354e-08
28.3037356050681	-1.047799616034049e-08
28.33664318412123	-1.04776462543119e-08
28.36955076317435	-1.0477296370807e-08
28.40245834222747	-1.047694650982903e-08
28.4353659212806	-1.047659667138126e-08
28.46827350033372	-1.047624685546688e-08
28.50118107938684	-1.047589706208912e-08
28.53408865843997	-1.04755472912512e-08
28.56699623749309	-1.047519754295635e-08
28.59990381654621	-1.047484781720786e-08
28.63281139559934	-1.047449811394976e-08
28.66571897465246	-1.047414843330927e-08
28.69862655370558	-1.047379877523016e-08
28.73153413275871	-1.047344913971537e-08
28.76444171181183	-1.047309952676765e-08
28.79734929086495	-1.047274993638958e-08
28.83025686991808	-1.047240036858356e-08
28.8631644489712	-1.047205082335184e-08
28.89607202802432	-1.047170130069652e-08
28.92897960707745	-1.047135180061955e-08
28.96188718613057	-1.047100232326964e-08
28.99479476518369	-1.047065286834134e-08
29.02770234423682	-1.04703034359841e-08
29.06060992328994	-1.046995402620066e-08
29.09351750234307	-1.046960463899428e-08
29.12642508139619	-1.046925527436871e-08
29.15933266044931	-1.046890593232822e-08
29.19224023950244	-1.046855661287756e-08
29.22514781855556	-1.046820731602201e-08
29.25805539760868	-1.046785804176729e-08
29.29096297666181	-1.046750878975616e-08
29.32387055571493	-1.046715956075504e-08
29.35677813476805	-1.046681035440565e-08
29.38968571382118	-1.046646117071248e-08
29.4225932928743	-1.046611200967897e-08
29.45550087192742	-1.04657628713075e-08
29.48840845098055	-1.046541375559941e-08
29.52131603003367	-1.046506466255495e-08
29.55422360908679	-1.046471559217337e-08
29.58713118813992	-1.046436654445287e-08
29.62003876719304	-1.046401751971418e-08
29.65294634624616	-1.046366851727724e-08
29.68585392529929	-1.046331953746247e-08
29.71876150435241	-1.04629705802668e-08
29.75166908340553	-1.046262164568753e-08
29.78457666245866	-1.046227273372231e-08
29.81748424151178	-1.046192384436919e-08
29.85039182056491	-1.046157497762654e-08
29.88329939961803	-1.046122613349312e-08
29.91620697867115	-1.046087731196801e-08
29.94911455772428	-1.046052851297664e-08
29.9820221367774	-1.046017973667359e-08
30.01492971583052	-1.045983098298452e-08
30.04783729488365	-1.045948225190926e-08
30.08074487393677	-1.045913354344768e-08
30.11365245298989	-1.045878485759972e-08
30.14656003204302	-1.045843619436531e-08
30.17946761109614	-1.045808755374446e-08
30.21237519014926	-1.045773893573717e-08
30.24528276920239	-1.045739034034352e-08
30.27819034825551	-1.045704176742711e-08
30.31109792730863	-1.045669321727335e-08
30.34400550636176	-1.045634468974517e-08
30.37691308541488	-1.04559961848416e-08
30.409820664468	-1.045564770256112e-08
30.44272824352113	-1.045529924290167e-08
30.47563582257425	-1.045495080586065e-08
30.50854340162737	-1.045460239143496e-08
30.5414509806805	-1.045425399962091e-08
30.57435855973362	-1.045390563041434e-08
30.60726613878674	-1.045355728419703e-08
30.64017371783987	-1.045320896015574e-08
30.67308129689299	-1.045286065867378e-08
30.70598887594612	-1.045251237974841e-08
30.73889645499924	-1.045216412337799e-08
30.77180403405236	-1.045181588956197e-08
30.80471161310549	-1.045146767830092e-08
30.83761919215861	-1.045111948959648e-08
30.87052677121173	-1.045077132345135e-08
30.90343435026486	-1.045042317986931e-08
30.93634192931798	-1.045007505816555e-08
30.9692495083711	-1.044972695978678e-08
31.00215708742423	-1.04493788840469e-08
31.03506466647735	-1.044903083094776e-08
31.06797224553047	-1.044868280048927e-08
31.1008798245836	-1.044833479266937e-08
31.13378740363672	-1.044798680748401e-08
31.16669498268984	-1.04476388449272e-08
31.19960256174297	-1.044729090499094e-08
31.23251014079609	-1.044694298766525e-08
31.26541771984921	-1.044659509434795e-08
31.29832529890234	-1.044624722207603e-08
31.33123287795546	-1.044589937225497e-08
31.36414045700858	-1.044555154487997e-08
31.39704803606171	-1.044520373994998e-08
31.42995561511483	-1.044485595746773e-08
31.46286319416796	-1.044450819743958e-08
31.49577077322108	-1.044416045987543e-08
31.5286783522742	-1.044381274478865e-08
31.56158593132733	-1.044346505219598e-08
31.59449351038045	-1.044311738211746e-08
31.62740108943357	-1.044276973457634e-08
31.6603086684867	-1.044242210959902e-08
31.69321624753982	-1.044207450721494e-08
31.72612382659294	-1.044172692745655e-08
31.75903140564607	-1.044137937035919e-08
31.79193898469919	-1.044103183596105e-08
31.82484656375231	-1.044068432430312e-08
31.85775414280544	-1.044033683542904e-08
31.89066172185856	-1.043998936938516e-08
31.92356930091168	-1.043964192622036e-08
31.95647687996481	-1.043929450598603e-08
31.98938445901793	-1.043894710873606e-08
32.02229203807106	-1.043859973452669e-08
32.05519961712418	-1.043825238341653e-08
32.0881071961773	-1.043790505546644e-08
32.12101477523043	-1.043755775073952e-08
32.15392235428355	-1.043721046930104e-08
32.18682993333667	-1.04368632112184e-08
32.2197375123898	-1.043651597656104e-08
