0
1000	1.0219978922	100000000000000.1
5	0	0	1
5	0	0	0
0.03786664528905326	7.282726869599523e-12
0.07008107716161713	2.191360948466986e-11
0.102295509034181	3.663524144009285e-11
0.1345099409067449	5.145190851008358e-11
0.1667243727793087	6.636798045542448e-11
0.1989388046518726	8.138791210915058e-11
0.2311532365244365	9.65162446423159e-11
0.2633676683970003	1.117576070043943e-10
0.2955821002695642	1.27116717533293e-10
0.3277965321421281	1.425983857303834e-10
0.360010964014692	1.582075141963693e-10
0.3922253958872559	1.739491007242213e-10
0.4244398277598198	1.89828240545813e-10
0.4566542596323837	2.058501287292804e-10
0.4888686915049476	2.220200627245162e-10
0.5210831233775115	2.383434450545807e-10
0.5532975552500754	2.548257861511728e-10
0.5855119871226393	2.714727073326632e-10
0.6177264189952032	2.882899439235285e-10
0.6499408508677671	3.052833485143623e-10
0.682155282740331	3.224588943619613e-10
0.7143697146128949	3.398226789292977e-10
0.7465841464854588	3.573809275654923e-10
0.7787985783580227	3.751399973262041e-10
0.8110130102305866	3.931063809351315e-10
0.8432274421031505	4.112867108876066e-10
0.8754418739757144	4.296877636975353e-10
0.9076563058482783	4.48316464289198e-10
0.9398707377208422	4.671798905356906e-10
0.9720851695934061	4.862852779460327e-10
1.00429960146597	5.056399899589187e-10
1.036514033338534	5.252515702684019e-10
1.068728465211098	5.451278549623826e-10
1.100942897083662	5.652767322649382e-10
1.133157328956226	5.857062666948267e-10
1.165371760828789	6.064248127572969e-10
1.197586192701353	6.27440888801163e-10
1.229800624573917	6.487630672957187e-10
1.262015056446481	6.704003092016855e-10
1.294229488319045	6.923617273757742e-10
1.326443920191609	7.14656539488617e-10
1.358658352064173	7.372943618908901e-10
1.390872783936737	7.60284939978268e-10
1.423087215809301	7.83638333030644e-10
1.455301647681865	8.073648719534584e-10
1.487516079554428	8.314748422631759e-10
1.519730511426992	8.559792880547257e-10
1.551944943299556	8.808890110654309e-10
1.58415937517212	9.0621547695648e-10
1.616373807044684	9.319701477572173e-10
1.648588238917248	9.581649431173031e-10
1.680802670789812	9.848120495285543e-10
1.713017102662376	1.011923883590676e-09
1.74523153453494	1.039513399133756e-09
1.777445966407504	1.067593521984533e-09
1.809660398280067	1.096177931872194e-09
1.841874830152631	1.125280292360224e-09
1.874089262025195	1.154914710081404e-09
1.906303693897759	1.185095901926998e-09
1.938518125770323	1.215838531070836e-09
1.970732557642887	1.247157971452967e-09
2.002946989515451	1.27906987515666e-09
2.035161421388014	1.311590246804864e-09
2.067375853260578	1.344735673568114e-09
2.099590285133142	1.378523051736221e-09
2.131804717005705	1.412969831127495e-09
2.164019148878269	1.448093952693929e-09
2.196233580750833	1.483913314704893e-09
2.228448012623396	1.520446909628105e-09
2.26066244449596	1.557714235843129e-09
2.292876876368524	1.595734222920558e-09
2.325091308241087	1.634528120674628e-09
2.357305740113651	1.674116360048482e-09
2.389520171986215	1.714520314424604e-09
2.421734603858778	1.755762367347082e-09
2.453949035731342	1.797864752683271e-09
2.486163467603906	1.840850684443356e-09
2.518377899476469	1.884744044238544e-09
2.550592331349033	1.929568960348032e-09
2.582806763221597	1.975350695925344e-09
2.61502119509416	2.022114838112446e-09
2.647235626966724	2.069888713839434e-09
2.679450058839288	2.118697727200738e-09
2.711664490711851	2.168570978137831e-09
2.743878922584415	2.219536923016344e-09
2.776093354456979	2.271624616091735e-09
2.808307786329542	2.324865178512367e-09
2.840522218202106	2.379288658770914e-09
2.87273665007467	2.434927437324348e-09
2.904951081947234	2.491813746682661e-09
2.937165513819797	2.549982726870484e-09
2.969379945692361	2.609467143443483e-09
3.001594377564925	2.670303718627178e-09
3.033808809437488	2.732528877669512e-09
3.066023241310052	2.796179244766156e-09
3.098237673182616	2.861293698304416e-09
3.130452105055179	2.92791250184248e-09
3.162666536927743	2.996075720097363e-09
3.194880968800307	3.065825630500719e-09
3.22709540067287	3.137204114680548e-09
3.259309832545434	3.210255609748942e-09
3.291524264417998	3.285027355794305e-09
3.323738696290561	3.361563737587865e-09
3.355953128163125	3.439913719970886e-09
3.388167560035689	3.520125472258037e-09
3.420381991908252	3.602251192153277e-09
3.452596423780816	3.686341522312191e-09
3.48481085565338	3.772450645345429e-09
3.517025287525943	3.860633047892591e-09
3.549239719398507	3.950945591837379e-09
3.581454151271071	4.043445891738128e-09
3.613668583143634	4.138194448223393e-09
3.645883015016198	4.235251145106502e-09
3.678097446888762	4.334680578053163e-09
3.710311878761325	4.436546389099344e-09
3.742526310633889	4.540915836013538e-09
3.774740742506453	4.647857321904981e-09
3.806955174379016	4.757440371913746e-09
3.83916960625158	4.869738807079736e-09
3.871384038124144	4.984825381255451e-09
3.903598469996707	5.102778681627507e-09
3.935812901869271	5.223674256922745e-09
3.968027333741835	5.347595154334789e-09
4.000241765614398	5.47462575808281e-09
4.032456197486963	5.604848876945673e-09
4.064670629359527	5.738352976815305e-09
4.096885061232091	5.87523111624337e-09
4.129099493104655	6.015573360465658e-09
4.161313924977219	6.159477948241805e-09
4.193528356849783	6.30704040532472e-09
4.225742788722347	6.458362228308729e-09
4.257957220594911	6.610801661295448e-09
4.290171652467476	6.768124112642899e-09
4.32238608434004	6.931170832206836e-09
4.354600516212604	7.096433970136674e-09
4.386814948085168	7.26948277041581e-09
4.419029379957732	7.44622990078549e-09
4.451243811830296	7.633364278259999e-09
4.48345824370286	7.828788098670996e-09
4.515672675575424	8.036743208991904e-09
4.547887107447989	8.265698480788018e-09
4.580101539320553	8.719714110855182e-09
4.612315971193117	9.058444952185154e-09
4.644530403065681	9.576871520912946e-09
4.676744834938245	1.023126606191787e-08
4.708959266810809	1.082746982325328e-08
4.741173698683373	1.170634122457045e-08
4.773388130555937	1.255490343535628e-08
4.805602562428501	1.366269288395908e-08
4.837816994301066	1.483129895695183e-08
4.87003142617363	1.637992352865766e-08
4.902245858046194	1.884002184248539e-08
4.934460289918758	2.056332204178442e-08
4.966674721791322	2.304825151197481e-08
4.998889153663886	2.52968415696287e-08
5.03110358553645	2.869192672024375e-08
5.063318017409014	3.158097758655288e-08
5.095532449281579	3.568723290192266e-08
5.127746881154143	3.917435592212004e-08
5.159961313026707	4.408570515565494e-08
5.192175744899271	4.867010567717643e-08
5.224390176771835	5.514641669368971e-08
5.256604608644399	6.084626354342775e-08
5.288819040516963	6.874672560872037e-08
5.321033472389527	7.586933738070437e-08
5.353247904262092	8.493394570500763e-08
5.385462336134656	9.413537483681397e-08
5.41767676800722	1.045084934967938e-07
5.449891199879784	1.169669928835805e-07
5.482105631752348	1.296103370807091e-07
5.514320063624912	1.446996618682297e-07
5.546534495497476	1.603176447267278e-07
5.57874892737004	1.785344913041617e-07
5.610963359242604	1.97720846791654e-07
5.643177791115169	2.1912013086239e-07
5.675392222987733	2.437344970503187e-07
5.707606654860297	2.698429669914068e-07
5.739821086732861	3.000008622832528e-07
5.772035518605425	3.314542436903486e-07
5.804249950477989	3.669597164512891e-07
5.836464382350553	4.066415301089422e-07
5.868678814223117	4.498775785819118e-07
5.900893246095682	4.974423043393111e-07
5.933107677968246	5.510110473835521e-07
5.96532210984081	6.090180731540556e-07
5.997536541713374	6.744926347828601e-07
6.029750973585938	7.447124520924411e-07
6.061965405458502	8.226797984736443e-07
6.094179837331066	9.095166555228313e-07
6.12639426920363	1.004214789458657e-06
6.158608701076195	1.108736046556104e-06
6.190823132948759	1.225786740537581e-06
6.223037564821323	1.352683490968595e-06
6.255251996693887	1.492819178080322e-06
6.287466428566451	1.64911658101281e-06
6.319680860439015	1.819295744588636e-06
6.351895292311579	2.007084594761808e-06
6.384109724184143	2.214481908772621e-06
6.416324156056707	2.443716921365369e-06
6.448538587929272	2.695348079654697e-06
6.480753019801836	2.972792460137125e-06
6.5129674516744	3.280151756981206e-06
6.545181883546964	3.616902302989756e-06
6.577396315419528	3.98819264440543e-06
6.609610747292092	4.399144024269641e-06
6.641825179164656	4.849694385932182e-06
6.67403961103722	5.34642911612682e-06
6.706254042909785	5.894033180990573e-06
6.738468474782349	6.498315045488693e-06
6.770682906654913	7.162851654592324e-06
6.802897338527477	7.89515651895061e-06
6.835111770400041	8.703684538884315e-06
6.867326202272605	9.592453837839162e-06
6.899540634145169	1.057167830559352e-05
6.931755066017733	1.165077745181474e-05
6.963969497890298	1.284088864153586e-05
6.996183929762862	1.415024423555223e-05
7.028398361635426	1.559276640470346e-05
7.06061279350799	1.718218955251425e-05
7.092827225380554	1.893386715601915e-05
7.125041657253118	2.086268575780244e-05
7.157256089125682	2.298736156142349e-05
7.189470520998246	2.532807674281387e-05
7.22168495287081	2.790790727412261e-05
7.253899384743375	3.074787643043966e-05
7.286113816615939	3.387700741125903e-05
7.318328248488503	3.732357191269827e-05
7.350542680361067	4.112174384221263e-05
7.382757112233631	4.530351611902283e-05
7.414971544106195	4.991056421728886e-05
7.447185975978759	5.498515056706579e-05
7.479400407851323	6.057618227472205e-05
7.511614839723888	6.673332191977663e-05
7.543829271596452	7.351580292016193e-05
7.576043703469016	8.098739906287384e-05
7.60825813534158	8.921714116325289e-05
7.640472567214144	9.828385910733729e-05
7.672686999086708	0.0001082689192597839
7.704901430959272	0.0001192679669834485
7.737115862831836	0.0001313837275296402
7.769330294704401	0.0001447290352873896
7.801544726576965	0.0001594303049734865
7.833759158449529	0.0001756221077649214
7.865973590322093	0.0001934573231387183
7.898188022194657	0.0002131030106047741
7.930402454067221	0.0002347437090442985
7.962616885939785	0.00025857903327323
7.994831317812349	0.0002848337657584318
8.027045749684913	0.0003137530298501855
8.059260181557477	0.000345607627063975
8.091474613430041	0.0003806947560779623
8.123689045302605	0.0004193441130354928
8.155903477175169	0.000461914050944349
8.188117909047733	0.0005088040657636819
8.220332340920297	0.0005604526259786217
8.252546772792861	0.0006173429152138718
8.284761204665426	0.0006800076998798438
8.31697563653799	0.0007490296950276352
8.349190068410554	0.0008250559080675797
8.381404500283118	0.000908797184032612
8.413618932155682	0.001001036305920707
8.445833364028246	0.001102636944215748
8.47804779590081	0.001214545833686678
8.510262227773374	0.001337810766041895
8.542476659645938	0.00147358402067118
8.574691091518503	0.001623134783688988
8.606905523391067	0.00178786106752598
8.639119955263631	0.001969305021303298
8.671334387136195	0.00216915745563038
8.703548819008759	0.002389289754520189
8.735763250881323	0.002631759439265148
8.767977682753887	0.002898832998335348
8.800192114626451	0.003193006763262219
8.832406546499016	0.003517033255014365
8.86462097837158	0.003873935919396663
8.896835410244144	0.004267053907060776
8.929049842116708	0.004700061837935534
8.961264273989272	0.005177007234280838
8.993478705861836	0.005702348290757873
9.0256931377344	0.006280996924836344
9.057907569606964	0.006918359129955821
9.090122001479529	0.007620394052969826
9.122336433352093	0.008393663891464133
9.154550865224657	0.009245396793694917
9.186765297097221	0.01018355416428784
9.218979728969785	0.01121690541758072
9.251194160842349	0.01235511106226568
9.283408592714913	0.01360880660946166
9.315623024587477	0.01498971251642917
9.347837456460041	0.01651073664090107
9.380051888332606	0.01818609638722837
9.41226632020517	0.0200314520078123
9.444480752077734	0.0220640518902008
9.476695183950298	0.02430289735312838
9.508909615822862	0.02676891121154993
9.541124047695426	0.02948514654306342
9.57333847956799	0.03247699175546985
9.605552911440554	0.03577241250752047
9.637767343313119	0.03940221173387747
9.669981775185683	0.04340031740667773
9.702196207058247	0.04780410200829146
9.734410638930811	0.05265472543430336
9.766625070803375	0.05799752893871615
9.798839502675939	0.06388245210327402
9.831053934548503	0.07036450229637327
9.863268366421067	0.07750426819907429
9.895482798293632	0.08536848545608111
9.927697230166196	0.09403066216370591
9.95991166203876	0.1035717664979349
9.992126093911324	0.1140809758234075
10.02434052578389	0.1256565230986151
10.05655495765645	0.1384066065136767
10.08876938952902	0.1524504014646708
10.12098382140158	0.1679191765475073
10.15319825327414	0.1849575196288054
10.18541268514671	0.2037246893932431
10.21762711701927	0.2243961058113218
10.24984154889184	0.247164981631231
10.2820559807644	0.2722441413646748
10.31427041263697	0.2998680016567225
10.34648484450953	0.3302947633436346
10.37869927638209	0.3638088272140539
10.41091370825466	0.4007234502247464
10.44312814012722	0.4413836757030273
10.47534257199979	0.4861695568595721
10.50755700387235	0.5354997063868387
10.53977143574491	0.5898352157782283
10.57198586761748	0.6496839610099396
10.60420029949004	0.7156053495229477
10.63641473136261	0.7882155495475911
10.66862916323517	0.8681932493901378
10.70084359510773	0.9562860020202142
10.7330580269803	1.053317210803562
10.76527245885286	1.160193829542901
10.79748689072543	1.277914829048029
10.82970132259799	1.407580550403129
10.86191575447056	1.550402978151487
10.89413018634312	1.707717072701117
10.92634461821568	1.880993246635993
10.95855905008825	2.071851110290432
10.99077348196081	2.282074607876876
11.02298791383338	2.513628694000899
11.05520234570594	2.768677701596421
11.0874167775785	3.049605561291066
11.11963120945107	3.359038100390408
11.15184564132363	3.699867573327221
11.1840600731962	4.07527970052465
11.21627450506876	4.488783443983634
11.24848893694132	4.944243803868096
11.28070336881389	5.445917947205754
11.31291780068645	5.99849499534887
11.34513223255902	6.60713985550627
11.37734666443158	7.277541497746838
11.40956109630415	8.015966121776552
11.44177552817671	8.829315735990697
11.47398996004927	9.725192663505172
11.50620439192184	10.71197060155493
11.5384188237944	11.79887288837285
11.57063325566697	12.99605871430605
11.60284768753953	14.31471807599149
11.63506211941209	15.76717636936829
11.66727655128466	17.36700959073407
11.69949098315722	19.12917123268458
11.73170541502979	21.07013205239693
11.76391984690235	23.20803400988197
11.79613427877491	25.56285985481667
11.82834871064748	28.15661989008052
11.86056314252004	31.01355770167819
11.89277757439261	34.16037675870791
11.92499200626517	37.62649000352651
11.95720643813774	41.44429477103656
11.9894208700103	45.64947559832988
12.02163530188286	50.28133776367107
12.05384973375543	55.38317466113899
12.08606416562799	61.00267245719337
12.11827859750056	67.19235579332111
12.15049302937312	74.010078740241
12.18270746124568	81.51956553191751
12.21492189311825	89.79100618617905
12.24713632499081	98.90171255225468
12.27935075686338	108.9368409264564
12.31156518873594	119.9901879869504
12.3437796206085	132.1650674872279
12.37599405248107	145.5752759096158
12.40820848435363	160.3461560776651
12.4404229162262	176.6157687095606
12.47263734809876	194.5361828377428
12.50485177997133	214.2748971458523
12.53706621184389	236.0164055469145
12.56928064371645	259.963921578038
12.60149507558902	286.3412777876559
12.63370950746158	315.395017829176
12.66592393933415	347.396700829691
12.69813837120671	382.6454395822324
12.73035280307927	421.4706962335907
12.76256723495184	464.2353616822996
12.7947816668244	511.3391473972808
12.82699609869697	563.2223213860725
12.85921053056953	620.3698232584292
12.89142496244209	683.3157967429195
12.92363939431466	752.6485821916202
12.95585382618722	829.0162155713311
12.98806825805979	913.1324854178997
13.02028268993235	1005.783604410801
13.05249712180492	1107.835557742932
13.08471155367748	1220.242197211293
13.11692598555004	1344.054156500511
13.14914041742261	1480.428671055245
13.18135484929517	1630.640394300998
13.21356928116774	1796.093311377281
13.2457837130403	1978.333861558556
13.27799814491286	2179.06539224318
13.31021257678543	2400.164079437513
13.34242700865799	2643.696463567457
13.37464144053056	2911.938764641503
13.40685587240312	3207.398157013592
13.43907030427568	3532.836202909273
13.47128473614825	3891.294663531026
13.50349916802081	4286.123929040049
13.53571359989338	4721.014333185242
13.56792803176594	5200.030645119158
13.60014246363851	5727.650060950878
13.63235689551107	6308.804049996619
13.66457132738363	6948.924446875138
13.6967857592562	7653.994220314174
13.72900019112876	8430.60339298592
13.76121462300133	9286.010635241531
13.79342905487389	10228.21110827897
13.82564348674645	11266.01119088598
13.85785791861902	12409.11078817223
13.89007235049158	13668.19399157515
13.92228678236415	15055.02893745195
13.95450121423671	16582.57779762951
13.98671564610927	18265.11792986437
14.01893007798184	20118.37532063263
14.0511445098544	22159.67156719218
14.08335894172697	24408.0857730028
14.11557337359953	26884.63286936753
14.1477878054721	29612.46003004253
14.18000223734466	32617.06301459072
14.21221666921722	35926.5244623975
14.24443110108979	39571.77636457515
14.27664553296235	43586.88916689352
14.30885996483492	48009.39020571081
14.34107439670748	52880.61445318887
14.37328882858004	58246.09084982617
14.40550326045261	64155.96783511426
14.43771769232517	70665.48205347802
14.46993212419774	77835.474616042
14.5021465560703	85732.959743397
14.53436098794286	94431.75110395523
14.56657541981543	104013.1517017791
14.59878985168799	114566.7137618201
14.63100428356056	126191.075714335
14.66321871543312	138994.8841016927
14.69543314730569	153097.8090226957
14.72764757917825	168631.6626063733
14.75986201105081	185741.6309675639
14.79207644292338	204587.6311588987
14.82429087479594	225345.8058012441
14.85650530666851	248210.169361462
14.88871973854107	273394.4214642146
14.92093417041363	301133.9441848828
14.9531486022862	331688.0019905825
14.98536303415876	365342.1648902138
15.01757746603133	402410.9774406478
15.04979189790389	443240.8985530817
15.08200632977645	488213.5395764924
15.11422076164902	537749.2309200753
15.14643519352158	592310.9505498167
15.17864962539415	652408.6510739606
15.21086405726671	718604.0258595734
15.24307848913928	791515.7587233611
15.27529292101184	871825.3062616911
15.3075073528844	960283.2668592632
15.33972178475697	1057716.395905728
15.37193621662953	1165035.33277888
15.4041506485021	1283243.111814212
15.43636508037466	1413444.536803565
15.46857951224722	1556856.506636126
15.50079394411979	1714819.388584275
15.53300837599235	1888809.545531362
15.56522280786492	2080453.134215421
15.59743723973748	2291541.303425247
15.62965167161004	2524046.934347294
15.66186610348261	2780143.079096683
15.69408053535517	3062223.27035263
15.72629496722774	3372923.891434425
15.7585093991003	3715148.816088341
15.79072383097287	4092096.548215886
15.82293826284543	4507290.115291026
15.85515269471799	4964609.994566916
15.88736712659056	5468330.380191006
15.91958155846312	6023159.129847074
15.95179599033569	6634281.764470113
15.98401042220825	7307409.932002459
16.01622485408081	8048834.788568255
16.04843928595338	8865485.795260906
16.08065371782594	9764995.48084463
16.11286814969851	10755770.77502184
16.14508258157107	11847071.57923656
16.17729701344363	13049097.30916486
16.2095114453162	14373082.2179843
16.24172587718876	15831400.38936648
16.27394030906133	17437681.38844068
16.30615474093389	19206937.63807139
16.33836917280646	21155704.72585745
16.37058360467902	23302195.94344291
16.40279803655158	25666472.50571992
16.43501246842415	28270631.03997536
16.46722690029671	31139010.09917799
16.49944133216928	34298417.62495665
16.53165576404184	37778381.49132518
16.5638701959144	41611425.46714085
16.59608462778697	45833373.1775169
16.62829905965953	50483682.90524217
16.6605134915321	55605816.3573688
16.69272792340466	61247644.8562182
16.72494235527722	67461896.72710513
16.75715678714979	74306650.08952674
16.78937121902235	81845875.64097445
16.82158565089492	90150034.51161446
16.85380008276748	99296736.80812733
16.88601451464005	109371466.7763926
16.91822894651261	120468382.0382335
16.95044337838517	132691193.2368105
16.98265781025774	146154133.449066
17.0148722421303	160983025.7411663
17.04708667400287	177316459.0717727
17.07930110587543	195307083.4994687
17.11151553774799	215123036.8014454
17.14372996962056	236949515.8298773
17.17594440149312	260990507.2978713
17.20815883336569	287470694.1657034
17.24037326523825	316637555.4437197
17.27258769711081	348763679.0379073
17.30480212898338	384149309.2482161
17.33701656085594	423125152.73403
17.36923099272851	466055469.1593054
17.40144542460107	513341475.4114823
17.43365985647364	565425095.2008829
17.4658742883462	622793089.0846651
17.49808872021876	685981603.5168699
17.53030315209133	755581181.3375075
17.56251758396389	832857743.5135864
17.59473201583646	917365646.8523932
17.62694644770902	1010448346.676993
17.65916087958158	1112975905.075841
17.69137531145415	1225906667.43772
17.72358974332671	1350296219.534673
17.75580417519928	1487307254.672191
17.78801860707184	1638220442.034975
17.82023303894441	1804446396.574973
17.85244747081697	1987538864.611728
17.88466190268953	2189209247.978151
17.9168763345621	2411342598.255276
17.94909076643466	2656015239.904286
17.98130519830723	2925514175.224109
18.01351963017979	3222358464.495684
18.04573406205235	3549322767.751393
18.07794849392492	3909463285.062947
18.11016292579748	4306146320.864485
18.14237735767005	4743079747.77389
18.17459178954261	5224347668.453738
18.20680622141517	5754448587.52464
18.23902065328774	6338337462.884458
18.2712350851603	6981472015.66078
18.30344951703287	7689863751.659359
18.33566394890543	8470134146.731581
18.367878380778	9329576539.274216
18.40009281265056	10276224305.80767
18.43230724452312	11318925946.86399
18.46452167639569	12467427797.89723
18.49673610826825	13732465131.26125
18.52895054014082	15125862494.45707
18.56116497201338	16660644246.32193
18.59337940388594	18351156289.6026
18.62559383575851	20213200169.33342
18.65780826763107	22264180774.58694
18.69002269950364	24523269017.1096
18.7222371313762	27011581036.3951
18.75445156324876	29752375568.41761
18.78666599512133	32771271351.67444
18.81888042699389	36096486595.52776
18.85109485886646	39759102730.38387
18.88330929073902	43793354942.4211
18.91552372261159	48236952171.35796
18.94773815448415	53131429583.40362
18.97995258635671	58522536811.8788
19.01216701822928	64460665581.04881
19.04438145010184	71001320735.41377
19.07659588197441	78205639064.08571
19.10881031384697	86140960681.44382
19.14102474571953	94881458627.76443
19.1732391775921	104508832016.4287
19.20545360946466	115113069779.8152
19.23766804133723	126793291772.4404
19.26988247320979	139658675306.845
19.30209690508235	153829475614.6791
19.33431133695492	169438149912.6682
19.36652576882748	186630595504.8748
19.39874020070005	205567513516.2191
19.43095463257261	226425910981.5166
19.46316906444518	249400755379.8694
19.49538349631774	274706797049.4172
19.5275979281903	302580576439.4742
19.55981236006287	333282635171.2896
19.59202679193543	367099951317.2329
19.624241223808	404348621853.048
19.65645565568056	445376816611.7477
19.68867008755312	490568036619.771
19.72088451942569	540344689853.5328
19.75309895129825	595172050187.1348
19.78531338317082	655562598370.4373
19.81752781504338	722080816763.0941
19.84974224691594	795348465696.1876
19.88195667878851	876050389653.7375
19.91417111066107	964940927181.1151
19.94638554253364	1062850952965.993
19.9785999744062	1170695652414.19
20.01081440627877	1289483071172.463
20.04302883815133	1420323536996.44
20.07524327002389	1564440047721.399
20.10745770189646	1723179669821.423
20.13967213376902	1898026190850.205
20.17188656564159	2090613930155.51
20.20410099751415	2302743040728.796
20.23631542938671	2536396334985.715
20.26852986125928	2793757816139.099
20.30074429313184	3077233090061.88
20.33295872500441	3389471858016.663
20.36517315687697	3733392668245.617
20.39738758874953	4112210221672.487
20.4296020206221	4529465397630.407
20.46181645249466	4989058358532.487
20.49403088436723	5495285009247.986
20.52624531623979	6052877148097.2
20.55845974811236	6667046694528.347
20.59067417998492	7343534409036.458
20.62288861185748	8088663555515.225
20.65510304373005	8909398995096.863
20.68731747560261	9813412302951.238
20.71953190747518	10809153459991.04
20.75174633934774	11905929853581.73
20.7839607712203	13113993262839.89
20.81617520309287	14444635686012.86
20.84838963496543	15910294893921.38
20.880604066838	17524670684802.43
20.91281849871056	19302852936018.71
20.94503293058312	21261462658307.51
20.97724736245569	23418807351144.53
21.00946179432825	25795052142171.91
21.04167622620082	28412408222667.16
21.07389065807338	31295340529765.86
21.10610508994595	34470796393299.58
21.13831952181851	37968457387290.19
21.17053395369107	41821016825507.53
21.20274838556364	46064485336089.5
21.2349628174362	50738527389464.28
21.26717724930877	55886832195307.6
21.29939168118133	61557521899303.18
21.33160611305389	67803601534847.77
21.36382054492646	74683454404728.61
21.39603497679902	82261387795404.92
21.42824940867159	90608234096708.84
21.46046384054415	99802012884787.55
21.49267827241671	109928660136956.4
21.52489270428928	121082831559474
21.55710713616184	133368787333251.1
21.58932156803441	146901366594954.1
21.62153599990697	161807060944753.2
21.65375043177954	178225196746415
21.6859648636521	196309237420942.9
21.71817929552466	216228217924843.2
21.75039372739723	238168324790467.3
21.78260815926979	262334636292707.7
21.81482259114236	288953039555711.6
21.84703702301492	318272341787982.2
21.87925145488748	350566595997464.6
21.91146588676005	386137662400972.1
21.94368031863261	425318025477197.1
21.97589475050518	468473930050308.1
22.00810918237774	516008741998082.6
22.0403236142503	568366770908861.4
22.07253804612287	626037463125812.2
22.10475247799543	689559829644783
22.136966909868	759527670940649.2
22.16918134174056	836594892267054
22.20139577361313	921481978438174.8
22.23361020548569	1014982332382839
22.26582463735825	1117969890535000
22.29803906923082	1231407344413384
22.33025350110338	1356354998747561
22.36246793297595	1493980741536907
22.39468236484851	1645571018130422
22.42689679672107	1812542765915096
22.45911122859364	1996456669104993
22.4913256604662	2199031859435992
22.52354009233877	2422161804516928
22.55575452421133	2667932137507246
22.58796895608389	2938640156844184
22.62018338795646	3236816189714298
22.65239781982902	3565247340580056
22.68461225170159	3927003557355816
22.71682668357415	4325466208430222
22.74904111544672	4764359785425048
22.78125554731928	5247786762633922
22.81346997919184	5780265779100363
22.84568441106441	6366774013332616
22.87789884293697	7012793708493905
22.91011327480954	7724363299159734
22.9423277066821	8508133913266750
22.97454213855466	9371431710369952
23.00675657042723	1.032232603184789e+16
23.03897100229979	1.136970502461099e+16
23.07118543417236	1.252335883524818e+16
23.10339986604492	1.379407081824315e+16
23.13561429791748	1.519371850731789e+16
23.16782872979005	1.673538477792408e+16
23.20004316166261	1.843347980942652e+16
23.23225759353518	2.03038759475161e+16
23.26447202540774	2.236405642690245e+16
23.29668645728031	2.463327786647258e+16
23.32890088915287	2.7132750988036e+16
23.36111532102543	2.988583922173127e+16
23.393329752898	3.291827588471328e+16
23.42554418477056	3.625840583011992e+16
23.45775861664313	3.993745013331978e+16
23.48997304851569	4.398979732305176e+16
23.52218748038825	4.84533266829423e+16
23.55440191226082	5.336974902796992e+16
23.58661634413338	5.878503992634018e+16
23.61883077600595	6.474980529432702e+16
23.65104520787851	7.131979181399642e+16
23.68325963975107	7.855640710756766e+16
23.71547407162364	8.652733466177466e+16
23.7476885034962	9.530702563441939e+16
23.77990293536877	1.049775663016017e+17
23.81211736724133	1.156293792166792e+17
23.8443317991139	1.273619750961968e+17
23.87654623098646	1.402849323179469e+17
23.90876066285902	1.545194149582031e+17
23.94097509473159	1.701980785712737e+17
23.97318952660415	1.874676569605353e+17
24.00540395847672	2.064894746389876e+17
24.03761839034928	2.274415367535754e+17
24.06983282222184	2.505192881429516e+17
24.10204725409441	2.759388077563273e+17
24.13426168596697	3.039375928707243e+17
24.16647611783954	3.347773197115978e+17
24.1986905497121	3.6874627563746e+17
24.23090498158466	4.061619803466238e+17
24.26311941345723	4.473741494716297e+17
24.29533384532979	4.927680044987249e+17
24.32754827720236	5.427678623471752e+17
24.35976270907492	5.97841060383105e+17
24.39197714094749	6.585023947244012e+17
24.42419157282005	7.253188766276131e+17
24.45640600469261	7.989150331293482e+17
24.48862043656518	8.799787811583779e+17
24.52083486843774	9.692679059988353e+17
24.55304930031031	1.067616951030227e+18
24.58526373218287	1.175945165325056e+18
24.61747816405543	1.295265160152938e+18
24.649692595928	1.426692251359067e+18
24.68190702780056	1.571454884060199e+18
24.71412145967313	1.730906197935258e+18
24.74633589154569	1.90653661185375e+18
24.77855032341825	2.099987761311745e+18
24.81076475529082	2.313067877526911e+18
24.84297918716338	2.547768677021189e+18
24.87519361903595	2.80628469301288e+18
24.90740805090851	3.091030045217833e+18
24.93962248278108	3.404668542443749e+18
24.97183691465364	3.750131118048449e+18
25.0040513465262	4.130646849384727e+18
25.03626577839877	4.549772503451133e+18
25.06848021027133	5.011425633056103e+18
25.1006946421439	5.519921534354288e+18
25.13290907401646	6.080013126702628e+18
25.16512350588902	6.69693568558705e+18
25.19733793776159	7.376455765511714e+18
25.22955236963415	8.124924925525309e+18
25.26176680150672	8.949339048975543e+18
25.29398123337928	9.857404474940703e+18
25.32619566525184	1.085760877853663e+19
25.35841009712441	1.195930114811674e+19
25.39062452899697	1.317277907370832e+19
25.42283896086954	1.450938551122323e+19
25.4550533927421	1.598161371309263e+19
25.48726782461467	1.760322487712927e+19
25.51948225648723	1.938937665794459e+19
25.55169668835979	2.135676444636007e+19
25.58391112023236	2.352377757737909e+19
25.61612555210492	2.59106718099115e+19
25.64833998397749	2.853975777718269e+19
25.68055441585005	3.14356099559001e+19
25.71276884772261	3.462529615659049e+19
25.74498327959518	3.813863142759384e+19
25.77719771146774	4.200845506949515e+19
25.80941214334031	4.627093899232902e+19
25.84162657521287	5.096592519535954e+19
25.87384100708543	5.613729119472015e+19
25.906055438958	6.183341939900454e+19
25.93826987083056	6.810747664901784e+19
25.97048430270313	7.501815282953739e+19
26.00269873457569	8.263008171395942e+19
26.03491316644826	9.101429606078574e+19
26.06712759832082	1.00249265194092e+20
26.09934203019338	1.104212611245934e+20
26.13155646206595	1.216254497849195e+20
26.16377089393851	1.339664476457053e+20
26.19598532581108	1.475596545855105e+20
26.22819975768364	1.625321632667823e+20
26.2604141895562	1.790238453393783e+20
26.29262862142877	1.971889061359005e+20
26.32484305330133	2.171968982859228e+20
26.3570574851739	2.392355187942919e+20
26.38927191704646	2.635101429158707e+20
26.42148634891903	2.902477783873995e+20
26.45370078079159	3.196984557762052e+20
26.48591521266415	3.521374100083181e+20
26.51812964453672	3.878678030015372e+20
26.55034407640928	4.272237961567713e+20
26.58255850828185	4.7057287809489e+20
26.61477294015441	5.183207032957254e+20
26.64698737202697	5.709132802630545e+20
26.67920180389954	6.288423072403377e+20
26.7114162357721	6.926492618310321e+20
26.74363066764467	7.629304668895997e+20
26.77584509951723	8.40343090177764e+20
26.80805953138979	9.256101714433231e+20
26.84027396326236	1.01952941000875e+21
26.87248839513492	1.122978261007956e+21
26.90470282700749	1.236923817955529e+21
26.93691725888005	1.362431115847637e+21
26.96913169075262	1.500673251965575e+21
27.00134612262518	1.652942399270784e+21
27.03356055449774	1.820661893544941e+21
27.06577498637031	2.005399560884296e+21
27.09798941824287	2.208881917430835e+21
27.13020385011544	2.433011101335361e+21
27.162418281988	2.679882124801697e+21
27.19463271386056	2.951802325806631e+21
27.22684714573313	3.251313485037806e+21
27.25906157760569	3.581215217880765e+21
27.29127600947826	3.94459096184404e+21
27.32349044135082	4.344836720499308e+21
27.35570487322338	4.785686770713701e+21
27.38791930509595	5.271294829849529e+21
27.42013373696851	5.806154738373564e+21
27.45234816884108	6.395286930655597e+21
27.48456260071364	7.044212560094061e+21
27.51677703258621	7.758957820527146e+21
27.54899146445877	8.546236106795501e+21
27.58120589633133	9.413391230825345e+21
27.6134203282039	1.036855840023434e+22
27.64563476007646	1.142062340063929e+22
27.67784919194903	1.257944007395529e+22
27.71006362382159	1.385590059941556e+22
27.74227805569415	1.526176213950598e+22
27.77449248756672	1.681032889846129e+22
27.80670691943928	1.851602267611212e+22
27.83892135131185	2.039480239893857e+22
27.87113578318441	2.246420300430684e+22
27.90335021505697	2.474358223890484e+22
27.93556464692954	2.725422708935992e+22
27.9677790788021	3.001966549106566e+22
27.99999351067467	3.306567470643541e+22
28.03220794254723	3.642075472767009e+22
28.0644223744198	4.011629374860102e+22
28.09663680629236	4.418676115855471e+22
28.12885123816492	4.867026848559378e+22
28.16106567003749	5.360870130177244e+22
28.19328010191005	5.904823700565549e+22
28.22549453378262	6.503969403578908e+22
28.25770896565518	7.163908922829038e+22
28.28992339752774	7.890809605479795e+22
28.32213782940031	8.691470109604546e+22
28.35435226127287	9.573368865098039e+22
28.38656669314544	1.05447520084008e+23
28.418781125018	1.161468166857567e+23
28.45099555689056	1.279321218792677e+23
28.48320998876313	1.409130445494111e+23
28.51542442063569	1.552111085996716e+23
28.54763885250826	1.709599888635409e+23
28.57985328438082	1.883068468933106e+23
28.61206771625339	2.074138802853818e+23
28.64428214812595	2.28459716022099e+23
28.67649657999851	2.516412883508476e+23
28.70871101187108	2.771780378951327e+23
28.74092544374364	3.052961688022601e+23
28.77313987561621	3.362755549847928e+23
28.80535430748877	3.703968741356041e+23
28.83756873936133	4.079640558310195e+23
28.8697831712339	4.493750705473632e+23
28.90199760310646	4.949728681788338e+23
28.93421203497903	5.451973759964774e+23
28.96642646685159	6.005115556611142e+23
28.99864089872415	6.614478342122597e+23
29.03085533059672	7.285633649903578e+23
29.06306976246928	8.024905749986973e+23
29.09528419434185	8.839118828350816e+23
29.12749862621441	9.736023394385359e+23
29.15971305808698	1.072391358086299e+24
29.19192748995954	1.1812071277701e+24
29.2241419218321	1.301055973446803e+24
29.25635635370467	1.433071909470995e+24
29.28857078557723	1.578482511960496e+24
29.3207852174498	1.738719907089108e+24
29.35299964932236	1.915060551844637e+24
29.38521408119492	2.109378455187603e+24
29.41742851306749	2.323411412323729e+24
29.44964294494005	2.559151731898486e+24
29.48185737681262	2.818832385162946e+24
29.51407180868518	3.104852818447312e+24
29.54628624055774	3.41989532930139e+24
29.57850067243031	3.766901685477716e+24
29.61071510430287	4.149128828659386e+24
29.64292953617544	4.570151831310889e+24
29.675143968048	5.033567624307193e+24
29.70735839992057	5.544558190525837e+24
29.73957283179313	6.107186897917014e+24
29.77178726366569	6.726889242656873e+24
29.80400169553826	7.409341838514372e+24
29.83621612741082	8.161207436764868e+24
29.86843055928339	8.989331193470907e+24
29.90064499115595	9.901504546064503e+24
29.93285942302851	1.090602488587247e+25
29.96507385490108	1.201269148171685e+25
29.99728828677364	1.323162065904632e+25
30.02950271864621	1.45742706196033e+25
30.06171715051877	1.605289812604063e+25
30.09393158239133	1.768180107917949e+25
30.1261460142639	1.947594155076199e+25
30.15836044613646	2.145218415983659e+25
30.19057487800903	2.362875195554995e+25
30.22278930988159	2.60263467153146e+25
30.25500374175416	2.86672407022033e+25
30.28721817362672	3.157779666121259e+25
30.31943260549928	3.477962064091483e+25
30.35164703737185	3.830876017337109e+25
30.38386146924441	4.219602372081378e+25
30.41607590111698	4.647583997564674e+25
30.44829033298954	5.11932456934567e+25
30.4805047648621	5.638779342746958e+25
30.51271919673467	6.210947513607102e+25
30.54493362860723	6.841050502969456e+25
30.5771480604798	7.535278949821577e+25
30.60936249235236	8.299850057344908e+25
30.64157692422492	9.142063770383434e+25
30.67379135609749	1.00696095553426e+26
30.70600578797005	1.109138196862088e+26
30.73822021984262	1.221680761403798e+26
30.77043465171518	1.345643168976791e+26
30.80264908358775	1.482177866691904e+26
30.83486351546031	1.632574307442093e+26
30.86707794733287	1.798203566109204e+26
30.89929237920544	1.980680395585743e+26
30.931506811078	2.181647002529693e+26
30.96372124295057	2.403019910292386e+26
30.99593567482313	2.646834218337211e+26
31.02815010669569	2.915423097062123e+26
31.06036453856826	3.2112260860614e+26
31.09257897044082	3.537068330832942e+26
31.12479340231339	3.895938204513907e+26
31.15700783418595	4.291264558409957e+26
31.18922226605851	4.726509624182086e+26
31.22143669793108	5.206273026258644e+26
31.25365112980364	5.734506598513721e+26
31.28586556167621	6.316390431787232e+26
31.31807999354877	6.957294142606142e+26
31.35029442542134	7.663202705241654e+26
31.3825088572939	8.440755517682918e+26
31.41472328916646	9.297230310329184e+26
31.44693772103903	1.024057973467801e+27
31.47915215291159	1.127964643400037e+27
31.51136658478416	1.242406379160357e+27
31.54358101665672	1.368472765570025e+27
31.57579544852928	1.507319430008408e+27
31.60800988040185	1.66023836506522e+27
31.64022431227441	1.827560011268382e+27
31.67243874414698	2.014381798967959e+27
31.70465317601954	2.218732766485595e+27
31.7368676078921	2.443835338761675e+27
31.76908203976467	2.691504484986773e+27
31.80129647163723	2.965008855493359e+27
31.8335109035098	3.26582762216362e+27
31.86572533538236	3.597169536869062e+27
31.89793976725493	3.961939827482513e+27
31.93015419912749	4.364342983252216e+27
31.96236863100005	4.80713326962472e+27
31.99458306287262	5.29488061022037e+27
32.02679749474518	5.832015530175461e+27
32.05901192661774	6.424076717368742e+27
32.0912263584903	7.075862875145081e+27
32.12344079036286	7.793830255366531e+27
32.15565522223542	8.584623738611152e+27
32.18786965410798	9.455875642181852e+27
32.22008408598055	1.041531936893542e+28
0
1000	1.0219978922	100000000000000.1
5	0	0	1
5	0	0	0
0.03786664528905326	-4.359811596048105e-10
0.07008107716161713	-4.247252522269061e-10
0.102295509034181	-4.138637854120396e-10
0.1345099409067449	-4.033815580681759e-10
0.1667243727793087	-3.932639384585756e-10
0.1989388046518726	-3.834968485937583e-10
0.2311532365244365	-3.740667482999697e-10
0.2633676683970003	-3.649606190787809e-10
0.2955821002695642	-3.561659478584813e-10
0.3277965321421281	-3.476707107252854e-10
0.360010964014692	-3.39463356710846e-10
0.3922253958872559	-3.315327917022247e-10
0.4244398277598198	-3.238683625310797e-10
0.4566542596323837	-3.164598412904253e-10
0.4888686915049476	-3.092974099197679e-10
0.5210831233775115	-3.023716450926523e-10
0.5532975552500754	-2.956735034346437e-10
0.5855119871226393	-2.891943070943954e-10
0.6177264189952032	-2.829257296856993e-10
0.6499408508677671	-2.768597826142143e-10
0.682155282740331	-2.709888017988627e-10
0.7143697146128949	-2.653054347946321e-10
0.7465841464854588	-2.598026283206828e-10
0.7787985783580227	-2.544736161951778e-10
0.8110130102305866	-2.493119076761273e-10
0.8432274421031505	-2.443112762056771e-10
0.8754418739757144	-2.394657485537109e-10
0.9076563058482783	-2.34769594355289e-10
0.9398707377208422	-2.302173160353198e-10
0.9720851695934061	-2.258036391129321e-10
1.00429960146597	-2.215225965308699e-10
1.036514033338534	-2.173712602912456e-10
1.068728465211098	-2.133440113428563e-10
1.100942897083662	-2.094363628694508e-10
1.133157328956226	-2.05644006681545e-10
1.165371760828789	-2.019628060724655e-10
1.197586192701353	-1.983887889121303e-10
1.229800624573917	-1.949181409780018e-10
1.262015056446481	-1.915471995214923e-10
1.294229488319045	-1.882724470671208e-10
1.326443920191609	-1.850898742766509e-10
1.358658352064173	-1.819975804800295e-10
1.390872783936737	-1.789917789731118e-10
1.423087215809301	-1.760694651880587e-10
1.455301647681865	-1.732277513376064e-10
1.487516079554428	-1.704638618411779e-10
1.519730511426992	-1.677751288927772e-10
1.551944943299556	-1.651589881724754e-10
1.58415937517212	-1.626129747021759e-10
1.616373807044684	-1.601347188454122e-10
1.648588238917248	-1.577214286675036e-10
1.680802670789812	-1.553720097079351e-10
1.713017102662376	-1.5308380745507e-10
1.74523153453494	-1.508547874814685e-10
1.777445966407504	-1.486829922949581e-10
1.809660398280067	-1.465665384206305e-10
1.841874830152631	-1.445036135589929e-10
1.874089262025195	-1.424924738246573e-10
1.906303693897759	-1.405314410686318e-10
1.938518125770323	-1.386189002861907e-10
1.970732557642887	-1.367527751147469e-10
2.002946989515451	-1.349326877654024e-10
2.035161421388014	-1.331566335482164e-10
2.067375853260578	-1.314232161027148e-10
2.099590285133142	-1.297310904788009e-10
2.131804717005705	-1.280789612843842e-10
2.164019148878269	-1.264655808552887e-10
2.196233580750833	-1.24889747457627e-10
2.228448012623396	-1.233503035302723e-10
2.26066244449596	-1.218461339730151e-10
2.292876876368524	-1.20374862101603e-10
2.325091308241087	-1.189383361155569e-10
2.357305740113651	-1.175340001792555e-10
2.389520171986215	-1.161608714035451e-10
2.421734603858778	-1.148180068275221e-10
2.453949035731342	-1.135045005389946e-10
2.486163467603906	-1.12219481384736e-10
2.518377899476469	-1.109621110433599e-10
2.550592331349033	-1.097315823387822e-10
2.582806763221597	-1.085271177248613e-10
2.61502119509416	-1.073477849764539e-10
2.647235626966724	-1.061932507112445e-10
2.679450058839288	-1.050626245244608e-10
2.711664490711851	-1.039552319352167e-10
2.743878922584415	-1.02870421853038e-10
2.776093354456979	-1.018075655686681e-10
2.808307786329542	-1.007660557847739e-10
2.840522218202106	-9.974530568222846e-11
2.87273665007467	-9.87447480172233e-11
2.904951081947234	-9.776383424381837e-11
2.937165513819797	-9.680235785523332e-11
2.969379945692361	-9.58591383815364e-11
3.001594377564925	-9.49339902443979e-11
3.033808809437488	-9.40264305241224e-11
3.066023241310052	-9.313599203484102e-11
3.098237673182616	-9.226222269457209e-11
3.130452105055179	-9.14046849230357e-11
3.162666536927743	-9.056295506574233e-11
3.194880968800307	-8.973662284295357e-11
3.22709540067287	-8.892529082218843e-11
3.259309832545434	-8.812866164656551e-11
3.291524264417998	-8.734617870093454e-11
3.323738696290561	-8.657756842744406e-11
3.355953128163125	-8.582248070050239e-11
3.388167560035689	-8.508057627786342e-11
3.420381991908252	-8.435152639179465e-11
3.452596423780816	-8.363501235784839e-11
3.48481085565338	-8.293072520037357e-11
3.517025287525943	-8.223836529395274e-11
3.549239719398507	-8.155764201999309e-11
3.581454151271071	-8.088831242807019e-11
3.613668583143634	-8.023002115838447e-11
3.645883015016198	-7.958254231607752e-11
3.678097446888762	-7.894561856656553e-11
3.710311878761325	-7.831900021434648e-11
3.742526310633889	-7.770244493028437e-11
3.774740742506453	-7.709571749016601e-11
3.806955174379016	-7.649858952400354e-11
3.83916960625158	-7.591083927558036e-11
3.871384038124144	-7.533225137176731e-11
3.903598469996707	-7.476214069511663e-11
3.935812901869271	-7.420128569081606e-11
3.968027333741835	-7.364902708330934e-11
4.000241765614398	-7.310517284483443e-11
4.032456197486963	-7.256953428822786e-11
4.064670629359527	-7.204192550872967e-11
4.096885061232091	-7.152216270115106e-11
4.129099493104655	-7.101006330000356e-11
4.161313924977219	-7.050544486490636e-11
4.193528356849783	-7.000812359361595e-11
4.225742788722347	-6.886223363087089e-11
4.257957220594911	-6.833019200362488e-11
4.290171652467476	-6.787813377587484e-11
4.32238608434004	-6.754484254021668e-11
4.354600516212604	-6.738540211482272e-11
4.386814948085168	-6.74791870164785e-11
4.419029379957732	-6.794263441344981e-11
4.451243811830296	-6.895029094471974e-11
4.48345824370286	-7.077068775101967e-11
4.515672675575424	-7.382977068544629e-11
4.547887107447989	-1.109538338624985e-10
4.580101539320553	-1.245454617396546e-10
4.612315971193117	-1.40389395101523e-10
4.644530403065681	-1.587062039749892e-10
4.676744834938245	-1.797136116204932e-10
4.708959266810809	-2.036194231042574e-10
4.741173698683373	-2.306142943392248e-10
4.773388130555937	-2.60864744344333e-10
4.805602562428501	-2.94506813763996e-10
4.837816994301066	-3.316407324762376e-10
4.87003142617363	-4.710483421059782e-10
4.902245858046194	-4.754858116184101e-10
4.934460289918758	-5.007734340853117e-10
4.966674721791322	-5.354846471469159e-10
4.998889153663886	-5.764309963871023e-10
5.03110358553645	-6.22462716658542e-10
5.063318017409014	-6.731377216789235e-10
5.095532449281579	-7.28315435111087e-10
5.127746881154143	-7.880036387776149e-10
5.159961313026707	-8.522917665257818e-10
5.192175744899271	-9.301282398567042e-10
5.224390176771835	-1.002866645563616e-09
5.256604608644399	-1.080178606889151e-09
5.288819040516963	-1.162389168409881e-09
5.321033472389527	-1.249842609091342e-09
5.353247904262092	-1.342904020300347e-09
5.385462336134656	-1.441960945608701e-09
5.41767676800722	-1.547425093739726e-09
5.449891199879784	-1.659734135545468e-09
5.482105631752348	-1.779353595618425e-09
5.514320063624912	-1.906803572985634e-09
5.546534495497476	-2.042560019889192e-09
5.57874892737004	-2.1872089699551e-09
5.610963359242604	-2.341348660533313e-09
5.643177791115169	-2.505616538691901e-09
5.675392222987733	-2.68069195764463e-09
5.707606654860297	-2.867299047734659e-09
5.739821086732861	-3.066209774956994e-09
5.772035518605425	-3.278247200734474e-09
5.804249950477989	-3.504288957471784e-09
5.836464382350553	-3.745162587301632e-09
5.868678814223117	-4.002090583911897e-09
5.900893246095682	-4.276031396410629e-09
5.933107677968246	-4.568120255240417e-09
5.96532210984081	-4.879567629237305e-09
5.997536541713374	-5.211664285040389e-09
6.029750973585938	-5.565786682520013e-09
6.061965405458502	-5.943402729342332e-09
6.094179837331066	-6.346077919288721e-09
6.12639426920363	-6.775481880562313e-09
6.158608701076195	-7.233299287632514e-09
6.190823132948759	-7.7216279953602e-09
6.223037564821323	-8.24240025935396e-09
6.255251996693887	-8.797776760630481e-09
6.287466428566451	-9.390061772082494e-09
6.319680860439015	-1.002171275168428e-08
6.351895292311579	-1.069535057479454e-08
6.384109724184143	-1.141377044861247e-08
6.416324156056707	-1.217995355470171e-08
6.448538587929272	-1.299707946855359e-08
6.480753019801836	-1.386845735204378e-08
6.5129674516744	-1.479787356201536e-08
6.545181883546964	-1.578910628433756e-08
6.577396315419528	-1.684627020409229e-08
6.609610747292092	-1.797375368988483e-08
6.641825179164656	-1.917623703669179e-08
6.67403961103722	-2.045871192399418e-08
6.706254042909785	-2.182650217048816e-08
6.738468474782349	-2.328528587208154e-08
6.770682906654913	-2.484111901566742e-08
6.802897338527477	-2.650038819013455e-08
6.835111770400041	-2.827013187568447e-08
6.867326202272605	-3.015762749700093e-08
6.899540634145169	-3.217071179254354e-08
6.931755066017733	-3.43177429147589e-08
6.963969497890298	-3.660763515478534e-08
6.996183929762862	-3.904989597956269e-08
7.028398361635426	-4.165466553559564e-08
7.06061279350799	-4.443275878389556e-08
7.092827225380554	-4.739571044159276e-08
7.125041657253118	-5.055575674278556e-08
7.157256089125682	-5.392615530570369e-08
7.189470520998246	-5.752083673388613e-08
7.22168495287081	-6.135472710497366e-08
7.253899384743375	-6.544374572089661e-08
7.286113816615939	-6.98048712286582e-08
7.318328248488503	-7.445621214305174e-08
7.350542680361067	-7.941708206458475e-08
7.382757112233631	-8.470807990541563e-08
7.414971544106195	-9.035117545694565e-08
7.447185975978759	-9.636973867855996e-08
7.479400407851323	-1.027888886744426e-07
7.511614839723888	-1.096352203285069e-07
7.543829271596452	-1.169371624063551e-07
7.576043703469016	-1.247250355081601e-07
7.60825813534158	-1.330311779899389e-07
7.640472567214144	-1.418900802665375e-07
7.672686999086708	-1.513385280544288e-07
7.704901430959272	-1.614157551495898e-07
7.737115862831836	-1.721636063753618e-07
7.769330294704401	-1.836266522497601e-07
7.801544726576965	-1.958526143810161e-07
7.833759158449529	-2.088922034450932e-07
7.865973590322093	-2.227995659171053e-07
7.898188022194657	-2.37632451619368e-07
7.930402454067221	-2.534524535421732e-07
7.962616885939785	-2.703252636262967e-07
7.994831317812349	-2.883209455697671e-07
8.027045749684913	-3.07514225792176e-07
8.059260181557477	-3.279848037652463e-07
8.091474613430041	-3.498176258358568e-07
8.123689045302605	-3.731034702714256e-07
8.155903477175169	-3.979389760876253e-07
8.188117909047733	-4.244272725612872e-07
8.220332340920297	-4.526783521118414e-07
8.252546772792861	-4.828095270597384e-07
8.284761204665426	-5.149459167837525e-07
8.31697563653799	-5.492209673004859e-07
8.349190068410554	-5.857770054240897e-07
8.381404500283118	-6.24765829807797e-07
8.413618932155682	-6.663492855318084e-07
8.445833364028246	-7.107001628751209e-07
8.47804779590081	-7.580025751212827e-07
8.510262227773374	-8.084529457660954e-07
8.542476659645938	-8.622607701537018e-07
8.574691091518503	-9.196494854219847e-07
8.606905523391067	-9.808573983443744e-07
8.639119955263631	-1.046138674921263e-06
8.671334387136195	-1.115764395830794e-06
8.703548819008759	-1.190023682122236e-06
8.735763250881323	-1.269224841005041e-06
8.767977682753887	-1.353696868858628e-06
8.800192114626451	-1.443790483627131e-06
8.832406546499016	-1.539879799945339e-06
8.86462097837158	-1.642363829591337e-06
8.896835410244144	-1.751668138401446e-06
8.929049842116708	-1.868246613454091e-06
8.961264273989272	-1.992583347861367e-06
8.993478705861836	-2.125194650995183e-06
9.0256931377344	-2.266631192496064e-06
9.057907569606964	-2.417480234834302e-06
9.090122001479529	-2.578368291880235e-06
9.122336433352093	-2.749963400965757e-06
9.154550865224657	-2.93297811290567e-06
9.186765297097221	-3.128172398487487e-06
9.218979728969785	-3.336356804273795e-06
9.251194160842349	-3.558395818424033e-06
9.283408592714913	-3.795211460512819e-06
9.315623024587477	-4.047787110251964e-06
9.347837456460041	-4.317171591015461e-06
9.380051888332606	-4.60448347148265e-06
9.41226632020517	-4.910915928461121e-06
9.444480752077734	-5.237741375039826e-06
9.476695183950298	-5.586316958305212e-06
9.508909615822862	-5.958090143009192e-06
9.541124047695426	-6.354604722200298e-06
9.57333847956799	-6.777507227861934e-06
9.605552911440554	-7.228553768179184e-06
9.637767343313119	-7.709617319825617e-06
9.669981775185683	-8.222695505552676e-06
9.702196207058247	-8.769918836088314e-06
9.734410638930811	-9.353559773627296e-06
9.766625070803375	-9.976041843894463e-06
9.798839502675939	-1.063994991245024e-05
9.831053934548503	-1.134804086682376e-05
9.863268366421067	-1.210325506454114e-05
9.895482798293632	-1.290872854301811e-05
9.927697230166196	-1.376780604201979e-05
9.95991166203876	-1.46840548927632e-05
9.992126093911324	-1.566127983133877e-05
10.02434052578389	-1.6703538744927e-05
10.05655495765645	-1.781515973771334e-05
10.08876938952902	-1.90007587805913e-05
10.12098382140158	-2.026525909060421e-05
10.15319825327414	-2.161391152336651e-05
10.18541268514671	-2.305231637733093e-05
10.21762711701927	-2.458644664912454e-05
10.24984154889184	-2.62226728365233e-05
10.2820559807644	-2.796778939205876e-05
10.31427041263697	-2.982904293710794e-05
10.34648484450953	-3.181416230077149e-05
10.37869927638209	-3.393139082868496e-05
10.41091370825466	-3.618952029193814e-05
10.44312814012722	-3.859792760585194e-05
10.47534257199979	-4.116661371662595e-05
10.50755700387235	-4.390624513042681e-05
10.53977143574491	-4.682819820622519e-05
10.57198586761748	-4.994460639631196e-05
10.60420029949004	-5.326841063065767e-05
10.63641473136261	-5.681341305434013e-05
10.66862916323517	-6.059433428846276e-05
10.70084359510773	-6.462687477194413e-05
10.7330580269803	-6.892777963693987e-05
10.76527245885286	-7.351490845353194e-05
10.79748689072543	-7.840730934085539e-05
10.82970132259799	-8.362529806470385e-05
10.86191575447056	-8.919054239905901e-05
10.89413018634312	-9.512615210185712e-05
10.92634461821568	-0.0001014567748786204
10.95855905008825	-0.0001082086987324384
10.99077348196081	-0.0001154099610726906
11.02298791383338	-0.0001230904653546123
11.05520234570594	-0.0001312821049335209
11.0874167775785	-0.0001400188957123517
11.11963120945107	-0.0001493371173422774
11.15184564132363	-0.0001592754638745097
11.1840600731962	-0.0001698752044379235
11.21627450506876	-0.0001811803546097392
11.24848893694132	-0.000193237859190871
11.28070336881389	-0.0002060977871449289
11.31291780068645	-0.0002198135394577949
11.34513223255902	-0.0002344420710995167
11.37734666443158	-0.0002500441272107953
11.40956109630415	-0.0002666844955576807
11.44177552817671	-0.000284432275512885
11.47398996004927	-0.0003033611649919449
11.50620439192184	-0.0003235497664849181
11.5384188237944	-0.0003450819134543866
11.57063325566697	-0.0003680470184551583
11.60284768753953	-0.0003925404444212336
11.63506211941209	-0.0004186639006093244
11.66727655128466	-0.0004465258651613193
11.69949098315722	-0.00047624203524183
11.73170541502979	-0.0005079358076817421
11.76391984690235	-0.0005417387913345983
11.79613427877491	-0.0005777913535842859
11.82834871064748	-0.0006162432032226821
11.86056314252004	-0.0006572540121175981
11.89277757439261	-0.0007009940782525925
11.92499200626517	-0.0007476450328918617
11.95720643813774	-0.0007974005947542186
11.9894208700103	-0.000850467374646295
12.02163530188286	-0.0009070657330973068
12.05384973375543	-0.0009674306956188041
12.08606416562799	-0.001031812928600801
12.11827859750056	-0.001100479780207603
12.15049302937312	-0.001173716390544994
12.18270746124568	-0.001251826875708731
12.21492189311825	-0.001335135590631094
12.24713632499081	-0.001423988475969506
12.27935075686338	-0.001518754494577921
12.31156518873594	-0.001619827163842975
12.3437796206085	-0.001727626189452324
12.37599405248107	-0.001842599208437316
12.40820848435363	-0.001965223647941705
12.4404229162262	-0.00209600870774484
12.47263734809876	-0.00223549747472122
12.50485177997133	-0.002384269178016776
12.53706621184389	-0.002542941594306308
12.56928064371645	-0.002712173613120233
12.60149507558902	-0.002892667972840543
12.63370950746158	-0.003085174179045508
12.66592393933415	-0.003290491616523034
12.69813837120671	-0.003509472868937076
12.73035280307927	-0.003743027259143056
12.76256723495184	-0.00399212462516422
12.7947816668244	-0.004257799347458355
12.82699609869697	-0.004541154644197768
12.85921053056953	-0.004843367152398912
12.89142496244209	-0.005165691813924807
12.92363939431466	-0.005509467086596636
12.95585382618722	-0.005876120502374412
12.98806825805979	-0.006267174594882368
13.02028268993235	-0.006684253221963048
13.05249712180492	-0.007129088308719515
13.08471155367748	-0.007603527039359995
13.11692598555004	-0.00810953952765712
13.14914041742261	-0.008649226997874166
13.18135484929517	-0.009224830510129737
13.21356928116774	-0.009838740266432803
13.2457837130403	-0.01049350553598027
13.27799814491286	-0.01119184524124202
13.31021257678543	-0.01193665924801601
13.34242700865799	-0.01273104040736649
13.37464144053056	-0.01357828739868429
13.40685587240312	-0.0144819184275012
13.43907030427568	-0.01544568583488985
13.47128473614825	-0.01647359167911508
13.50349916802081	-0.01756990435423944
13.53571359989338	-0.01873917631469189
13.56792803176594	-0.01998626297934617
13.60014246363851	-0.02131634289394482
13.63235689551107	-0.02273493923474688
13.66457132738363	-0.02424794274382071
13.6967857592562	-0.02586163619038252
13.72900019112876	-0.02758272046008768
13.76121462300133	-0.02941834238055626
13.79342905487389	-0.03137612439867985
13.82564348674645	-0.03346419623294327
13.85785791861902	-0.03569122863219963
13.89007235049158	-0.03806646938103249
13.92228678236415	-0.04059978170151955
13.95450121423671	-0.04330168521010156
13.98671564610927	-0.04618339960064403
14.01893007798184	-0.04925689123433218
14.0511445098544	-0.05253492283015956
14.08335894172697	-0.05603110646230555
14.11557337359953	-0.05975996008447465
14.1477878054721	-0.06373696781591016
14.18000223734466	-0.0679786442394244
14.21221666921722	-0.07250260297842549
14.24443110108979	-0.07732762983784142
14.27664553296235	-0.08247376081230358
14.30885996483492	-0.0879623652860045
14.34107439670748	-0.09381623476935458
14.37328882858004	-0.1000596775410639
14.40550326045261	-0.1067186195886248
14.43771769232517	-0.1138207122663515
14.46993212419774	-0.1213954471180402
14.5021465560703	-0.1294742783410302
14.53436098794286	-0.1380907534000639
14.56657541981543	-0.1472806523342659
14.59878985168799	-0.157082136333318
14.63100428356056	-0.1675359062029884
14.66321871543312	-0.1786853713756696
14.69543314730569	-0.1905768301686818
14.72764757917825	-0.2032596620387157
14.75986201105081	-0.2167865326307435
14.79207644292338	-0.2312136124728887
14.82429087479594	-0.2466008102253582
14.85650530666851	-0.2630120214520115
14.88871973854107	-0.2805153939477177
14.92093417041363	-0.2991836107229316
14.9531486022862	-0.3190941918210523
14.98536303415876	-0.3403298162215052
15.01757746603133	-0.3629786651654344
15.04979189790389	-0.3871347883295752
15.08200632977645	-0.4128984943689269
15.11422076164902	-0.4403767674499033
15.14643519352158	-0.4696837115036596
15.17864962539415	-0.5009410240446763
15.21086405726671	-0.5342785015200543
15.24307848913928	-0.5698345782932756
15.27529292101184	-0.6077569014935505
15.3075073528844	-0.6482029441230118
15.33972178475697	-0.6913406589656628
15.37193621662953	-0.7373491760137687
15.4041506485021	-0.7864195463077737
15.43636508037466	-0.8387555352785403
15.46857951224722	-0.8945744688863053
15.50079394411979	-0.9541081360485352
15.53300837599235	-1.017603751239819
15.56522280786492	-1.085324980900015
15.59743723973748	-1.157553038428222
15.62965167161004	-1.234587851891053
15.66186610348261	-1.31674930947916
15.69408053535517	-1.404378587847834
15.72629496722774	-1.497839568858122
15.7585093991003	-1.59752035060162
15.79072383097287	-1.703834858983485
15.82293826284543	-1.817224566548116
15.85515269471799	-1.938160325731176
15.88736712659056	-2.067144324035716
15.91958155846312	-2.204712169402792
15.95179599033569	-2.351435114324122
15.98401042220825	-2.507922427976609
16.01622485408081	-2.674823926222022
16.04843928595338	-2.852832669978338
16.08065371782594	-3.042687843173476
16.11286814969851	-3.245177822337737
16.14508258157107	-3.461143449413031
16.17729701344363	-3.69148152560842
16.2095114453162	-3.937148532869906
16.24172587718876	-4.199164607040911
16.27394030906133	-4.478617773704461
16.30615474093389	-4.776668466225429
16.33836917280646	-5.094554344466968
16.37058360467902	-5.43359543419129
16.40279803655158	-5.795199608485911
16.43501246842415	-6.180868433977292
16.46722690029671	-6.592203406107543
16.49944133216928	-7.030912599370376
16.53165576404184	-7.498817760111543
16.5638701959144	-7.997861871359534
16.59608462778697	-8.530117221090785
16.62829905965953	-9.097794007435473
16.6605134915321	-9.70324951655787
16.69272792340466	-10.34899791132149
16.72494235527722	-11.03772067138718
16.75715678714979	-11.77227772809682
16.78937121902235	-12.55571934037275
16.82158565089492	-13.39129876099014
16.85380008276748	-14.28248574571774
16.88601451464005	-15.23298096155393
16.91822894651261	-16.24673135379501
16.95044337838517	-17.32794653578339
16.98265781025774	-18.48111626938856
17.0148722421303	-19.71102910880903
17.04708667400287	-21.02279228511388
17.07930110587543	-22.42185291409501
17.11151553774799	-23.91402061552574
17.14372996962056	-25.5054916375775
17.17594440149312	-27.20287458699339
17.20815883336569	-29.01321787132518
17.24037326523825	-30.94403896757619
17.27258769711081	-33.00335563864046
17.30480212898338	-35.19971922719916
17.33701656085594	-37.54225016534759
17.36923099272851	-40.04067584752584
17.40144542460107	-42.70537102504471
17.43365985647364	-45.54740087039368
17.4658742883462	-48.5785669710619
17.49808872021876	-51.81145628263888
17.53030315209133	-55.25949342840784
17.56251758396389	-58.93699640949276
17.59473201583646	-62.85923615167194
17.62694644770902	-67.04249978748668
17.65916087958158	-71.50415838431827
17.69137531145415	-76.26273904519689
17.72358974332671	-81.3380018460697
17.75580417519928	-86.75102187994918
17.78801860707184	-92.52427680586895
17.82023303894441	-98.68174003170638
17.85244747081697	-105.2489808933854
17.88466190268953	-112.253269535047
17.9168763345621	-119.72369152673
17.94909076643466	-127.6912679010521
17.98130519830723	-136.1890841347886
18.01351963017979	-145.2524275340032
18.04573406205235	-154.9189337647269
18.07794849392492	-165.228743137773
18.11016292579748	-176.2246672825797
18.14237735767005	-187.952366937622
18.17459178954261	-200.4605415474001
18.20680622141517	-213.801131490097
18.23902065328774	-228.0295337607504
18.2712350851603	-243.2048320080891
18.30344951703287	-259.3900418802538
18.33566394890543	-276.6523726981915
18.367878380778	-295.0635065433522
18.40009281265056	-314.6998959195071
18.43230724452312	-335.6430812191653
18.46452167639569	-357.9800293267428
18.49673610826825	-381.8034947462743
18.52895054014082	-407.2124047667029
18.56116497201338	-434.3122702588976
18.59337940388594	-463.2156238110972
18.62559383575851	-494.0424870221287
18.65780826763107	-526.9208688928685
18.69002269950364	-561.987297385495
18.7222371313762	-599.3873863936993
18.75445156324876	-639.2764402627472
18.78666599512133	-681.8200989061802
18.81888042699389	-727.1950254890552
18.85109485886646	-775.5896400579735
18.88330929073902	-827.2049019580502
18.91552372261159	-882.2551443195658
18.94773815448415	-940.9689640794012
18.97995258635671	-1003.590171233183
19.01216701822928	-1070.378801259826
19.04438145010184	-1141.612194926699
19.07659588197441	-1217.586149935045
19.10881031384697	-1298.616149248302
19.14102474571953	-1385.038671124081
19.1732391775921	-1477.212586348797
19.20545360946466	-1575.52064845392
19.23766804133723	-1680.371083105584
19.26988247320979	-1792.199283267643
19.30209690508235	-1911.469617177367
19.33431133695492	-2038.677356641354
19.36652576882748	-2174.350733789972
19.39874020070005	-2319.053134068783
19.43095463257261	-2473.385436407348
19.46316906444518	-2637.988507934625
19.49538349631774	-2813.545865282703
19.5275979281903	-3000.786512871097
19.55981236006287	-3200.487969989314
19.59202679193543	-3413.479498533122
19.624241223808	-3640.645595510561
19.65645565568056	-3882.92945025369
19.68867008755312	-4141.33725609701
19.72088451942569	-4416.942029859843
19.75309895129825	-4710.888220064247
19.78531338317082	-5024.396442562278
19.81752781504338	-5358.768544830559
19.84974224691594	-5715.393011911048
19.88195667878851	-6095.750732115316
19.91417111066107	-6501.421146434877
19.94638554253364	-6934.088807192918
19.9785999744062	-7395.550373172458
20.01081440627877	-7887.722070052306
20.04302883815133	-8412.647648423219
20.07524327002389	-8972.506869226883
20.10745770189646	-9569.624556060249
20.13967213376902	-10206.48024884422
20.17188656564159	-10885.71850014903
20.20410099751415	-11610.15985673653
20.23631542938671	-12382.81257192173
20.26852986125928	-13206.8850973866
20.30074429313184	-14085.7994063201
20.33295872500441	-15023.20520054413
20.36517315687697	-16022.99507612656
20.39738758874953	-17089.32067304125
20.4296020206221	-18226.60992393957
20.46181645249466	-19439.58543908996
20.49403088436723	-20733.2841170881
20.52624531623979	-22113.07806065318
20.55845974811236	-23584.69688436464
20.59067417998492	-25154.25150697295
20.62288861185748	-26828.25952708145
20.65510304373005	-28613.67229170454
20.68731747560261	-30517.90374563622
20.71953190747518	-32548.86124130129
20.75174633934774	-34714.97835931652
20.7839607712203	-37025.249932529
20.81617520309287	-39489.26939712086
20.84838963496543	-42117.2686293362
20.880604066838	-44920.16043309942
20.91281849871056	-47909.58385437128
20.94503293058312	-51097.95250745644
20.97724736245569	-54498.50629630693
21.00946179432825	-58125.36583443394
21.04167622620082	-61993.59180591637
21.07389065807338	-66119.2470755192
21.10610508994595	-70519.46348689044
21.13831952181851	-75212.5130027877
21.17053395369107	-80217.8835796644
21.20274838556364	-85556.36009168789
21.2349628174362	-91250.11064022691
21.26717724930877	-97322.77860720658
21.29939168118133	-103799.5808205314
21.33160611305389	-110707.412323419
21.36382054492646	-118074.9579741527
21.39603497679902	-125932.8116133071
21.42824940867159	-134313.6030924277
21.46046384054415	-143252.1337699227
21.49267827241671	-152785.5210241583
21.52489270428928	-162953.3523838141
21.55710713616184	-173797.8499155375
21.58932156803441	-185364.0455514446
21.62153599990697	-197699.9680671182
21.65375043177954	-210856.8425862575
21.6859648636521	-224889.3032019299
21.71817929552466	-239855.6198992517
21.75039372739723	-255817.9405041179
21.78260815926979	-272842.548739631
21.81482259114236	-291000.1394288648
21.84703702301492	-310366.1118806551
21.87925145488748	-331020.8815789251
21.91146588676005	-353050.2714798233
21.94368031863261	-376545.6179414677
21.97589475050518	-401604.6178655181
22.00810918237774	-428331.286923527
22.0403236142503	-456836.6080943106
22.07253804612287	-487238.9504862903
22.10475247799543	-519664.5634308034
22.136966909868	-554248.0731336073
22.16918134174056	-591133.1238008618
22.20139577361313	-630472.8599969998
22.23361020548569	-672430.6434991389
22.26582463735825	-717180.7104636815
22.29803906923082	-764908.8751609708
22.33025350110338	-815813.3349917568
22.36246793297595	-870105.4712764614
22.39468236484851	-928010.732088668
22.42689679672107	-989769.5539097346
22.45911122859364	-1055638.456556162
22.4913256604662	-1125890.880434418
22.52354009233877	-1200818.58510934
22.55575452421133	-1280732.706959857
22.58796895608389	-1365965.082110948
22.62018338795646	-1456869.65632098
22.65239781982902	-1553823.903407851
22.68461225170159	-1657230.427387535
22.71682668357415	-1767518.625486946
22.74904111544672	-1885146.471249556
22.78125554731928	-2010602.416335057
22.81346997919184	-2144407.418959307
22.84568441106441	-2287117.107563344
22.87789884293697	-2439324.089421705
22.91011327480954	-2601660.350255101
22.9423277066821	-2774800.07726569
22.97454213855466	-2959462.201344521
23.00675657042723	-3156413.534405429
23.03897100229979	-3366471.919363726
23.07118543417236	-3590509.626153242
23.10339986604492	-3829456.973659522
23.13561429791748	-4084306.192467707
23.16782872979005	-4356115.544012843
23.20004316166261	-4646013.711409807
23.23225759353518	-4955204.677864283
23.26447202540774	-5284972.100286779
23.29668645728031	-5636685.452614775
23.32890088915287	-6011805.2329213
23.36111532102543	-6411889.137853645
23.393329752898	-6838598.535837323
23.42554418477056	-7293705.384398025
23.45775861664313	-7779099.704050238
23.48997304851569	-8296802.498579914
23.52218748038825	-8848943.790738871
23.55440191226082	-9437840.215577312
23.58661634413338	-10065925.96481198
23.61883077600595	-10735812.12158696
23.65104520787851	-11450273.25544665
23.68325963975107	-12212286.54022966
23.71547407162364	-13025010.8683723
23.7476885034962	-13891821.63244603
23.77990293536877	-14816318.35063762
23.81211736724133	-15802340.03032957
23.8443317991139	-16853981.14929492
23.87654623098646	-17975608.62538353
23.90876066285902	-19171880.12683856
23.94097509473159	-20447763.13938507
23.97318952660415	-21808555.78617612
24.00540395847672	-23259908.77863914
24.03761839034928	-24807848.88119875
24.06983282222184	-26458803.93753826
24.10204725409441	-28219629.56233478
24.13426168596697	-30097637.6093111
24.16647611783954	-32100626.53381737
24.1986905497121	-34236913.81827803
24.23090498158466	-36515370.33884082
24.26311941345723	-38945457.45975503
24.29533384532979	-41537266.15241669
24.32754827720236	-44301558.93950477
24.35976270907492	-47249814.58655313
24.39197714094749	-50394275.76773986
24.42419157282005	-53747999.90382811
24.45640600469261	-57324913.38336518
24.48862043656518	-61139869.39230011
24.52083486843774	-65208709.74016319
24.55304930031031	-69548330.06207885
24.58526373218287	-74176750.81688438
24.61747816405543	-79113191.58399171
24.649692595928	-84378150.99853602
24.68190702780056	-89993491.87107031
24.71412145967313	-95982531.9708934
24.74633589154569	-102370140.8484625
24.77855032341825	-109182843.0945869
24.81076475529082	-116448928.4500364
24.84297918716338	-124198571.4774473
24.87519361903595	-132463949.6377216
24.90740805090851	-141279386.3102315
24.93962248278108	-150681487.8185757
24.97183691465364	-160709297.1004789
25.0040513465262	-171404443.0861042
25.03626577839877	-182811365.2061462
25.06848021027133	-194977407.9597451
25.1006946421439	-207953096.8327129
25.13290907401646	-221792313.8191834
25.16512350588902	-236552530.6084625
25.19733793776159	-252295030.3553178
25.22955236963415	-269085188.6721781
25.26176680150672	-286992726.9415718
25.29398123337928	-306092006.4901034
25.32619566525184	-326462337.3769286
25.35841009712441	-348188307.7322741
25.39062452899697	-371360135.0137465
25.42283896086954	-396074040.6390451
25.4550533927421	-422432649.5509415
25.48726782461467	-450545422.2267712
25.51948225648723	-480529086.3244417
25.55169668835979	-512508154.2811033
25.58391112023236	-546615419.4901834
25.61612555210492	-582992512.6032953
25.64833998397749	-621790489.5592462
25.68055441585005	-663170458.6437695
25.71276884772261	-707304249.0072135
25.74498327959518	-754375122.8107101
25.77719771146774	-804578531.2425799
25.80941214334031	-858122777.7908373
25.84162657521287	-915234412.0085287
25.87384100708543	-976139679.3821194
25.906055438958	-1041101324.137949
25.93826987083056	-1110386253.848822
25.97048430270313	-1184282105.464904
26.00269873457569	-1263095717.738626
26.03491316644826	-1347154360.387467
26.06712759832082	-1436807086.123971
26.09934203019338	-1532426178.301427
26.13155646206595	-1634408829.26647
26.16377089393851	-1743178265.094898
26.19598532581108	-1859186268.703461
26.22819975768364	-1982914558.057879
26.2604141895562	-2114876893.409528
26.29262862142877	-2255621088.092036
26.32484305330133	-2405733363.10465
26.3570574851739	-2565833504.212036
26.38927191704646	-2736588866.247759
26.42148634891903	-2918708007.299929
26.45370078079159	-3112946905.703156
26.48591521266415	-3320112649.715364
26.51812964453672	-3541065212.343735
26.55034407640928	-3776722100.6783
26.58255850828185	-4028061881.301243
26.61477294015441	-4296128243.729791
26.64698737202697	-4582034334.274316
26.67920180389954	-4886967378.306368
26.7114162357721	-5212193610.130438
26.74363066764467	-5559063530.928544
26.77584509951723	-5929017408.804766
26.80805953138979	-6323591687.815002
26.84027396326236	-6744424742.262039
26.87248839513492	-7193264080.816301
26.90470282700749	-7671973507.114493
26.93691725888005	-8182540858.739342
26.96913169075262	-8727086261.036573
27.00134612262518	-9307870929.920618
27.03356055449774	-9927306560.014542
27.06577498637031	-10587965336.74125
27.09798941824287	-11292592059.12362
27.13020385011544	-12044110148.97347
27.162418281988	-12845641191.16623
27.19463271386056	-13700513190.13129
27.22684714573313	-14612275067.04253
27.25906157760569	-15584709520.60587
27.29127600947826	-16621826680.47207
27.32349044135082	-17728158918.17247
27.35570487322338	-18907899233.8148
27.38791930509595	-20166202461.72974
27.42013373696851	-21508241104.46305
27.45234816884108	-22939610012.9826
27.48456260071364	-24466235935.0205
27.51677703258621	-26094458228.88536
27.54899146445877	-27831038121.00406
27.58120589633133	-29683186786.39375
27.6134203282039	-31658595295.49236
27.64563476007646	-33765466552.70471
27.67784919194903	-36012549359.77024
27.71006362382159	-38409174745.64092
27.74227805569415	-40965297473.99227
27.77449248756672	-43691526154.67757
27.80670691943928	-46599184149.99017
27.83892135131185	-49700345522.66507
27.87113578318441	-53007887869.72164
27.90335021505697	-56535545799.99638
27.93556464692954	-60297967971.14513
27.9677790788021	-64310777923.11092
27.99999351067467	-68590638960.85976
28.03220794254723	-73155323356.02861
28.0644223744198	-78023792515.80891
28.09663680629236	-83216250653.2773
28.12885123816492	-88754264995.22945
28.16106567003749	-94660832234.7552
28.19328010191005	-100960479521.3266
28.22549453378262	-107679366330.9906
28.25770896565518	-114845393127.8277
28.28992339752774	-122488317277.9536
28.32213782940031	-130639876717.2448
28.35435226127287	-139333921928.3591
28.38656669314544	-148606609777.9705
28.418781125018	-158496359220.3094
28.45099555689056	-169044280413.4226
28.48320998876313	-180294181896.3715
28.51542442063569	-192292794691.7787
28.54763885250826	-205089977363.849
28.57985328438082	-218738961321.1924
28.61206771625339	-233296770985.4262
28.64428214812595	-248827439195.2802
28.67649657999851	-265373841643.0251
28.70871101187108	-283040030029.9658
28.74092544374364	-301876161829.5781
28.77313987561621	-321965847540.4073
28.80535430748877	-343392510325.5522
28.83756873936133	-366245125782.0031
28.8697831712339	-390618591282.0031
28.90199760310646	-416614119968.2603
28.93421203497903	-444339661011.6859
28.96642646685159	-473910347862.4689
28.99864089872415	-505448976348.2107
29.03085533059672	-539086398361.557
29.06306976246928	-574962536175.168
29.09528419434185	-613226259774.0359
29.12749862621441	-654036465336.7806
29.15971305808698	-697562623375.3827
29.19192748995954	-743985482319.4144
29.2241419218321	-793497818877.3407
29.25635635370467	-846305238272.4226
29.28857078557723	-902627027651.5603
29.3207852174498	-962697066176.6661
29.35299964932236	-1026763406917.082
29.38521408119492	-1095094636229.715
29.41742851306749	-1167973468372.578
29.44964294494005	-1245702667359.161
29.48185737681262	-1328605276380.399
29.51407180868518	-1417026193917.563
29.54628624055774	-1511334561300.897
29.57850067243031	-1611932238717.277
29.61071510430287	-1718241309529.361
29.64292953617544	-1833537630596.348
29.675143968048	-1955588520581.518
29.70735839992057	-2085734402542.277
29.73957283179313	-2224540755743.173
29.77178726366569	-2372584255700.48
29.80400169553826	-2530479784941.2
29.83621612741082	-2698883076184.041
29.86843055928339	-2878493467790.441
29.90064499115595	-3070056821533.538
29.93285942302851	-3274368626323.426
29.96507385490108	-3492277304866.865
29.99728828677364	-3724679330144.7
30.02950271864621	-3972556184013.337
30.06171715051877	-4236929965051.535
30.09393158239133	-4518898948465.068
30.1261460142639	-4819634987292.625
30.15836044613646	-5140389569722.72
30.19057487800903	-5482506516304.329
30.22278930988159	-5847770185935.681
30.25500374175416	-6236378630502.563
30.28721817362672	-6651454878389.913
30.31943260549928	-7094165591759.53
30.35164703737185	-7566281163958.975
30.38386146924441	-8069816072678.434
30.41607590111698	-8606861335099.416
30.44829033298954	-9179647152998.123
30.4805047648621	-9790552188554.803
30.51271919673467	-10442113465070.87
30.54493362860723	-11137036939732.04
30.5771480604798	-11878208803803.49
30.60936249235236	-12668707580356.85
30.64157692422492	-13511767520630.7
30.67379135609749	-14410969485140.75
30.70600578797005	-15370015989512.14
30.73822021984262	-16392896986373.26
30.77043465171518	-17483905964139.77
30.80264908358775	-18646660278270.18
30.83486351546031	-19888137579525.97
30.86707794733287	-21211722387687.67
30.89929237920544	-22623357119807.36
30.931506811078	-24128923727242.06
30.96372124295057	-25734973886771.04
30.99593567482313	-27447530492086.55
31.02815010669569	-29274049200092.9
31.06036453856826	-31222115518994.54
31.09257897044082	-33299820106384.87
31.12479340231339	-35515792432589.53
31.15700783418595	-37879236689336.96
31.18922226605851	-40399970093662.05
31.22143669793108	-43088463747002.5
31.25365112980364	-45955886220103.51
31.28586556167621	-49014460298995.76
31.31807999354877	-52276299759114.96
31.35029442542134	-55755205752400.62
31.3825088572939	-59465612815794.77
31.41472328916646	-63422905152647.05
31.44693772103903	-67643465557813.56
31.47915215291159	-72144698700897.22
31.51136658478416	-76944925950805.59
31.54358101665672	-82062248441975.69
31.57579544852928	-87273371541505.58
31.60800988040185	-93365308801484.36
31.64022431227441	-99574367960431.33
31.67243874414698	-106199726475554.5
31.70465317601954	-113266819298946.3
31.7368676078921	-120804596499923
31.76908203976467	-128844235769278.1
31.80129647163723	-137419076429139.8
31.8335109035098	-146564709733062.8
31.86572533538236	-156319110822250.6
31.89793976725493	-166722790191523.3
31.93015419912749	-177818959159224.3
31.96236863100005	-189653707997316.3
31.99458306287262	-202276196684942.2
32.02679749474518	-215738858746929.3
32.05901192661774	-230097618870492.5
32.0912263584903	-245412125127958.2
32.12344079036286	-261745996730335.5
32.15565522223542	-279167088319157.5
32.18786965410798	-297747771882176.7
32.22008408598055	-317565237457057.2
