0
1000	1.0219978922	100000000000000.1
5	0	0	1
5	0	0	0
0.03786664528905326	1.60412962627226e-08
0.07008107716161713	4.826800568294932e-08
0.102295509034181	8.069460411182753e-08
0.1345099409067449	1.133305316087101e-07
0.1667243727793087	1.461854132259383e-07
0.1989388046518726	1.792690614002266e-07
0.2311532365244365	2.125914787407022e-07
0.2633676683970003	2.461628612016038e-07
0.2955821002695642	2.799936016285774e-07
0.3277965321421281	3.140942936684474e-07
0.360010964014692	3.484757360332559e-07
0.3922253958872559	3.831489371102648e-07
0.4244398277598198	4.181251199105071e-07
0.4566542596323837	4.534157273493316e-07
0.4888686915049476	4.890324278532341e-07
0.5210831233775115	5.249871212880923e-07
0.5532975552500754	5.612919452047174e-07
0.5855119871226393	5.979592813984152e-07
0.6177264189952032	6.350017627800088e-07
0.6499408508677671	6.724322805565e-07
0.682155282740331	7.102639917202694e-07
0.7143697146128949	7.485103268463941e-07
0.7465841464854588	7.871849981983398e-07
0.7787985783580227	8.263020081429406e-07
0.8110130102305866	8.658756578762004e-07
0.8432274421031505	9.059205564620703e-07
0.8754418739757144	9.464516301869737e-07
0.9076563058482783	9.874841322334017e-07
0.9398707377208422	1.029033652676511e-06
0.9720851695934061	1.07111612880818e-06
1.00429960146597	1.11374777970455e-06
1.036514033338534	1.156945221481177e-06
1.068728465211098	1.200725714294838e-06
1.100942897083662	1.245106633140052e-06
1.133157328956226	1.290105741326756e-06
1.165371760828789	1.335741440903559e-06
1.197586192701353	1.382032494809046e-06
1.229800624573917	1.428997785190261e-06
1.262015056446481	1.476657049904785e-06
1.294229488319045	1.52503036138385e-06
1.326443920191609	1.574138022927047e-06
1.358658352064173	1.624001215986453e-06
1.390872783936737	1.674641406255071e-06
1.423087215809301	1.726080750802888e-06
1.455301647681865	1.778342004995826e-06
1.487516079554428	1.831447824223796e-06
1.519730511426992	1.885422534759342e-06
1.551944943299556	1.940289929046099e-06
1.58415937517212	1.996075261919417e-06
1.616373807044684	2.05280378021496e-06
1.648588238917248	2.110501738745655e-06
1.680802670789812	2.169195980084225e-06
1.713017102662376	2.228913853650474e-06
1.74523153453494	2.289683892194552e-06
1.777445966407504	2.351534566785032e-06
1.809660398280067	2.414496009073516e-06
1.841874830152631	2.478598315104213e-06
1.874089262025195	2.543872556847796e-06
1.906303693897759	2.610351150460611e-06
1.938518125770323	2.678066393778317e-06
1.970732557642887	2.747052150205573e-06
2.002946989515451	2.817342895799136e-06
2.035161421388014	2.888973883137177e-06
2.067375853260578	2.961981647946145e-06
2.099590285133142	3.036403406833975e-06
2.131804717005705	3.112277595637991e-06
2.164019148878269	3.189643731990984e-06
2.196233580750833	3.268541239510883e-06
2.228448012623396	3.349011951951285e-06
2.26066244449596	3.431098817412383e-06
2.292876876368524	3.514843531107443e-06
2.325091308241087	3.600292898933731e-06
2.357305740113651	3.687491923102337e-06
2.389520171986215	3.776487681688098e-06
2.421734603858778	3.867329477798014e-06
2.453949035731342	3.960066284853673e-06
2.486163467603906	4.054749235187994e-06
2.518377899476469	4.151430931625088e-06
2.550592331349033	4.250164520312248e-06
2.582806763221597	4.351005647127389e-06
2.61502119509416	4.454010671581452e-06
2.647235626966724	4.559239785329236e-06
2.679450058839288	4.666748944692083e-06
2.711664490711851	4.776602246647784e-06
2.743878922584415	4.888862370601986e-06
2.776093354456979	5.003593312902183e-06
2.808307786329542	5.120863622536944e-06
2.840522218202106	5.240739485810091e-06
2.87273665007467	5.363292225525942e-06
2.904951081947234	5.488592838613436e-06
2.937165513819797	5.616718726237808e-06
2.969379945692361	5.747742059440906e-06
3.001594377564925	5.881743724422299e-06
3.033808809437488	6.018803953243982e-06
3.066023241310052	6.159003416180104e-06
3.098237673182616	6.30242774869938e-06
3.130452105055179	6.449165637316775e-06
3.162666536927743	6.599305330569795e-06
3.194880968800307	6.75293995083122e-06
3.22709540067287	6.910161748657022e-06
3.259309832545434	7.071068603439478e-06
3.291524264417998	7.23576456854584e-06
3.323738696290561	7.404347408079797e-06
3.355953128163125	7.576924974435006e-06
3.388167560035689	7.753603367738674e-06
3.420381991908252	7.934497561248554e-06
3.452596423780816	8.119719102995523e-06
3.48481085565338	8.309387338291481e-06
3.517025287525943	8.503622282117611e-06
3.549239719398507	8.702549181285833e-06
3.581454151271071	8.906294940486628e-06
3.613668583143634	9.114992821412245e-06
3.645883015016198	9.328774727127019e-06
3.678097446888762	9.547782939255631e-06
3.710311878761325	9.77215763891042e-06
3.742526310633889	1.000204697139601e-05
3.774740742506453	1.023760160480144e-05
3.806955174379016	1.047897467865668e-05
3.83916960625158	1.072632879485421e-05
3.871384038124144	1.09798242046465e-05
3.903598469996707	1.123963400807774e-05
3.935812901869271	1.150592461252956e-05
3.968027333741835	1.177887894187933e-05
4.000241765614398	1.205868286500334e-05
4.032456197486963	1.234551878063473e-05
4.064670629359527	1.263958154814515e-05
4.096885061232091	1.294107614292686e-05
4.129099493104655	1.325020094714584e-05
4.161313924977219	1.356717234637793e-05
4.193528356849783	1.389220075039557e-05
4.225742788722347	1.42255097206433e-05
4.257957220594911	1.456128039424484e-05
4.290171652467476	1.490780664684629e-05
4.32238608434004	1.526694145720256e-05
4.354600516212604	1.56309582608405e-05
4.386814948085168	1.601212415143211e-05
4.419029379957732	1.640143616774311e-05
4.451243811830296	1.681362765092775e-05
4.48345824370286	1.724407787323277e-05
4.515672675575424	1.770213013768468e-05
4.547887107447989	1.820643840182198e-05
4.580101539320553	1.920647579993115e-05
4.612315971193117	1.995258119100071e-05
4.644530403065681	2.109449332478455e-05
4.676744834938245	2.253589527393463e-05
4.708959266810809	2.384912331883822e-05
4.741173698683373	2.578496916034762e-05
4.773388130555937	2.765405447197552e-05
4.805602562428501	3.00941265850648e-05
4.837816994301066	3.266815641852531e-05
4.87003142617363	3.607923388981751e-05
4.902245858046194	4.149796873929643e-05
4.934460289918758	4.529379543189964e-05
4.966674721791322	5.076722462086034e-05
4.998889153663886	5.572008087018752e-05
5.03110358553645	6.319826420911337e-05
5.063318017409014	6.956183127600355e-05
5.095532449281579	7.860647337554297e-05
5.127746881154143	8.628738390166046e-05
5.159961313026707	9.710536589048134e-05
5.192175744899271	0.0001072031943920123
5.224390176771835	0.0001214682390058764
5.256604608644399	0.0001340230050441944
5.288819040516963	0.0001514249555595692
5.321033472389527	0.0001671135743481843
5.353247904262092	0.0001870797312890236
5.385462336134656	0.0002073472565424962
5.41767676800722	0.0002301956034011042
5.449891199879784	0.0002576373135229867
5.482105631752348	0.0002854861720136618
5.514320063624912	0.0003187226689543161
5.546534495497476	0.0003531236144442665
5.57874892737004	0.0003932489463636898
5.610963359242604	0.0004355097668074072
5.643177791115169	0.0004826448937640093
5.675392222987733	0.0005368617204292971
5.707606654860297	0.0005943695343004518
5.739821086732861	0.0006607968137657981
5.772035518605425	0.0007300775953535034
5.804249950477989	0.0008082837148063394
5.836464382350553	0.0008956888503444748
5.868678814223117	0.0009909227201851118
5.900893246095682	0.001095691149812014
5.933107677968246	0.001213684326403793
5.96532210984081	0.001341453485177036
5.997536541713374	0.001485671009679272
6.029750973585938	0.001640340670253703
6.061965405458502	0.001812075423528609
6.094179837331066	0.002003346601947293
6.12639426920363	0.002211933419658763
6.158608701076195	0.002442157136801207
6.190823132948759	0.00269997881452361
6.223037564821323	0.002979487905677072
6.255251996693887	0.003288157736935356
6.287466428566451	0.00363242616693787
6.319680860439015	0.004007271253063187
6.351895292311579	0.004420904310350909
6.384109724184143	0.004877727944919441
6.416324156056707	0.005382652380042663
6.448538587929272	0.005936907679098408
6.480753019801836	0.006548020464657384
6.5129674516744	0.007225025332210399
6.545181883546964	0.007966768826354905
6.577396315419528	0.008784591391004206
6.609610747292092	0.009689773330683214
6.641825179164656	0.01068217795632903
6.67403961103722	0.01177631056815304
6.706254042909785	0.01298249050548107
6.738468474782349	0.01431351178201258
6.770682906654913	0.01577725315456836
6.802897338527477	0.01739026425523735
6.835111770400041	0.01917116826780019
6.867326202272605	0.02112881571071892
6.899540634145169	0.02328570420540146
6.931755066017733	0.02566258163213072
6.963969497890298	0.02828397970482098
6.996183929762862	0.03116803143063076
7.028398361635426	0.03434540247519017
7.06061279350799	0.03784634491850666
7.092827225380554	0.04170467709239239
7.125041657253118	0.04595318883562595
7.157256089125682	0.05063310538864066
7.189470520998246	0.05578888101549742
7.22168495287081	0.06147134399967027
7.253899384743375	0.0677268012520417
7.286113816615939	0.07461918071470139
7.318328248488503	0.08221075503104135
7.350542680361067	0.09057679734857327
7.382757112233631	0.09978777686169645
7.414971544106195	0.1099354900416859
7.447185975978759	0.1211130262180517
7.479400407851323	0.1334281106146911
7.511614839723888	0.1469901324982203
7.543829271596452	0.1619295623397587
7.576043703469016	0.178386871453048
7.60825813534158	0.1965141105438148
7.640472567214144	0.2164849142380634
7.672686999086708	0.2384785041357048
7.704901430959272	0.2627055534679598
7.737115862831836	0.2893923299803344
7.769330294704401	0.3187873683076531
7.801544726576965	0.351169115789806
7.833759158449529	0.3868339855914201
7.865973590322093	0.4261187176489714
7.898188022194657	0.4693912855442973
7.930402454067221	0.5170581637914755
7.962616885939785	0.5695590339079134
7.994831317812349	0.6273890129301553
8.027045749684913	0.6910880217358012
8.059260181557477	0.7612525412057166
8.091474613430041	0.8385371959236142
8.123689045302605	0.9236681910056189
8.155903477175169	1.017434852602145
8.188117909047733	1.120717130373704
8.220332340920297	1.234480816804046
8.252546772792861	1.35979019616634
8.284761204665426	1.497818766242573
8.31697563653799	1.649850044173886
8.349190068410554	1.817309160648165
8.381404500283118	2.001761858274512
8.413618932155682	2.204932333800207
8.445833364028246	2.428722950770322
8.47804779590081	2.675219034253703
8.510262227773374	2.946728502358091
8.542476659645938	3.245789422952833
8.574691091518503	3.575197368471014
8.606905523391067	3.938031670594428
8.639119955263631	4.337689143645009
8.671334387136195	4.777894051129529
8.703548819008759	5.26276839651052
8.735763250881323	5.796844178476061
8.767977682753887	6.385113677208549
8.800192114626451	7.033075436643857
8.832406546499016	7.746792296308616
8.86462097837158	8.532923848242866
8.896835410244144	9.398825071677331
8.929049842116708	10.35258986715054
8.961264273989272	11.40313350841405
8.993478705861836	12.56027583666714
9.0256931377344	13.83483608552389
9.057907569606964	15.23872176489249
9.090122001479529	16.78505878789068
9.122336433352093	18.48830137715958
9.154550865224657	20.36437061139466
9.186765297097221	22.43080267622444
9.218979728969785	24.70691351963963
9.251194160842349	27.21398185835636
9.283408592714913	29.97543399790819
9.315623024587477	33.0170860001379
9.347837456460041	36.36736935420028
9.380051888332606	40.05760002173513
9.41226632020517	44.12227205322854
9.444480752077734	48.59937760459499
9.476695183950298	53.53076992512678
9.508909615822862	58.96253464721844
9.541124047695426	64.94544962566775
9.57333847956799	71.53543662967849
9.605552911440554	78.79409420952467
9.637767343313119	86.789270440457
9.669981775185683	95.59569676062854
9.702196207058247	105.2956916576753
9.734410638930811	115.9799159638711
9.766625070803375	127.748240579416
9.798839502675939	140.7106649097994
9.831053934548503	154.9883509193341
9.863268366421067	170.7147542490816
9.895482798293632	188.0368701478206
9.927697230166196	207.1166112029325
9.95991166203876	228.1323219441666
9.992126093911324	251.2804288683173
10.02434052578389	276.7773047733953
10.05655495765645	304.8612723720145
10.08876938952902	335.7948333163674
10.12098382140158	369.8671263418014
10.15319825327414	407.3966278715009
10.18541268514671	448.7341290018579
10.21762711701927	494.2660184808803
10.24984154889184	544.4178763132735
10.2820559807644	599.6584803490582
10.31427041263697	660.5041683446533
10.34648484450953	727.523666298428
10.37869927638209	801.3434095263868
10.41091370825466	882.6533933750355
10.44312814012722	972.213627430892
10.47534257199979	1070.861235790085
10.50755700387235	1179.518275580293
10.53977143574491	1299.200369847981
10.57198586761748	1431.026191467309
10.60420029949004	1576.227919078622
10.63641473136261	1736.16275545879
10.66862916323517	1912.325613212089
10.70084359510773	2106.363089673911
10.7330580269803	2320.088854033019
10.76527245885286	2555.500607824363
10.79748689072543	2814.798733817307
10.82970132259799	3100.406897987165
10.86191575447056	3414.994677742622
10.89413018634312	3761.502523245735
10.92634461821568	4143.169238355322
10.95855905008825	4563.562257312464
10.99077348196081	5026.610984328005
11.02298791383338	5536.64352610362
11.05520234570594	6098.427149959082
11.0874167775785	6717.212820011574
11.11963120945107	7398.784314026977
11.15184564132363	8149.512255406963
11.1840600731962	8976.413670333151
11.21627450506876	9887.217572956402
11.24848893694132	10890.43720478571
11.28070336881389	11995.44961356075
11.31291780068645	13212.58329109108
11.34513223255902	14553.21471876746
11.37734666443158	16029.87470488993
11.40956109630415	17656.36549245418
11.44177552817671	19447.88978828401
11.47398996004927	21421.19284722298
11.50620439192184	23594.71899109785
11.5384188237944	25988.7840032375
11.57063325566697	28625.76502136304
11.60284768753953	31530.30968837622
11.63506211941209	34729.56653412781
11.66727655128466	38253.43872299186
11.69949098315722	42134.86356117045
11.73170541502979	46410.12035726327
11.76391984690235	51119.16949431507
11.79613427877491	56306.02597020427
11.82834871064748	62019.17077229196
11.86056314252004	68312.00402837868
11.89277757439261	75243.34412705945
11.92499200626517	82877.97747742981
11.95720643813774	91287.26405997491
11.9894208700103	100549.8044101449
12.02163530188286	110752.1742879019
12.05384973375543	121989.7338753694
12.08606416562799	134367.5190935016
12.11827859750056	148001.2233288939
12.15049302937312	163018.2788339178
12.18270746124568	179559.0477743449
12.21492189311825	197778.1341729314
12.24713632499081	217845.8289523358
12.27935075686338	239949.7016043493
12.31156518873594	264296.3533553889
12.3437796206085	291113.3482151233
12.37599405248107	320651.3399729023
12.40820848435363	353186.4149632799
12.4404229162262	389022.6725877976
12.47263734809876	428495.0676574013
12.50485177997133	471972.5410998497
12.53706621184389	519861.4683800648
12.56928064371645	572609.4577376113
12.60149507558902	630709.5338714722
12.63370950746158	694704.7460895258
12.66592393933415	765193.2440256327
12.69813837120671	842833.8683880734
12.73035280307927	928352.3088805331
12.76256723495184	1022547.887037193
12.7947816668244	1126301.027211096
12.82699609869697	1240581.485603512
12.85921053056953	1366457.414307588
12.89142496244209	1505105.344854751
12.92363939431466	1657821.184953744
12.95585382618722	1826032.330842053
12.98806825805979	2011311.008634638
13.02028268993235	2215388.969465762
13.05249712180492	2440173.675373631
13.08471155367748	2687766.127746925
13.11692598555004	2960480.50457151
13.14914041742261	3260865.79016959
13.18135484929517	3591729.599545398
13.21356928116774	3956164.420166133
13.2457837130403	4357576.516058751
13.27799814491286	4799717.764884547
13.31021257678543	5286720.725188942
13.34242700865799	5823137.261651791
13.37464144053056	6413981.089625796
13.40685587240312	7064774.635986714
13.43907030427568	7781600.654983263
13.47128473614825	8571159.081060722
13.50349916802081	9440829.650152314
13.53571359989338	10398740.87483785
13.56792803176594	11453846.01773211
13.60014246363851	12616006.77356817
13.63235689551107	13896085.44182917
13.66457132738363	15306046.45148942
13.6967857592562	16859068.18691092
13.72900019112876	18569666.15965358
13.76121462300133	20453828.67789662
13.79342905487389	22529166.28117296
13.82564348674645	24815076.33720836
13.85785791861902	27332924.33922691
13.89007235049158	30106243.59818665
13.92228678236415	33160955.19627939
13.95450121423671	36525610.25758334
13.98671564610927	40231656.80009007
14.01893007798184	44313733.66342694
14.0511445098544	48809994.25885505
14.08335894172697	53762463.16816995
14.11557337359953	59217428.92381351
14.1477878054721	65225876.64146013
14.18000223734466	71843964.54864118
14.21221666921722	79133548.86299102
14.24443110108979	87162761.92591371
14.27664553296235	96006648.99506907
14.30885996483492	105747869.6471851
14.34107439670748	116477470.3469093
14.37328882858004	128295735.4020476
14.40550326045261	141313124.2585467
14.43771769232517	155651303.8954994
14.46993212419774	171444285.9689751
14.5021465560703	188839679.3328506
14.53436098794286	208000069.6428058
14.56657541981543	229104538.9375568
14.59878985168799	252350339.3998576
14.63100428356056	277954736.9399883
14.66321871543312	306157041.8335164
14.69543314730569	337220845.3894482
14.72764757917825	371436483.5562041
14.75986201105081	409123750.4882346
14.79207644292338	450634887.4359198
14.82429087479594	496357874.892885
14.85650530666851	546720058.7692416
14.88871973854107	602192144.4823178
14.92093417041363	663292596.2933356
14.9531486022862	730592483.0068609
14.98536303415876	804720815.3215666
15.01757746603133	886370424.7159573
15.04979189790389	976304438.8119955
15.08200632977645	1075363413.738689
15.11422076164902	1184473190.151999
15.14643519352158	1304653546.33669
15.17864962539415	1437027729.259903
15.21086405726671	1582832952.656447
15.24307848913928	1743431960.258773
15.27529292101184	1920325762.24457
15.3075073528844	2115167663.931862
15.33972178475697	2329778717.843918
15.37193621662953	2566164743.546592
15.4041506485021	2826535074.33293
15.43636508037466	3113323205.960027
15.46857951224722	3429209540.419146
15.50079394411979	3777146437.300623
15.53300837599235	4160385806.888459
15.56522280786492	4582509502.858051
15.59743723973748	5047462798.57837
15.62965167161004	5559591260.231985
15.66186610348261	6123681360.44082
15.69408053535517	6745005213.278206
15.72629496722774	7429369847.710669
15.7585093991003	8183171480.417427
15.79072383097287	9013455295.105108
15.82293826284543	9927981287.234625
15.85515269471799	10935296788.92122
15.88736712659056	12044816352.68503
15.91958155846312	13266909739.9108
15.95179599033569	14612998836.80735
15.98401042220825	16095664403.08653
16.01622485408081	17728763651.9908
16.04843928595338	19527559759.02201
16.08065371782594	21508864511.48634
16.11286814969851	23691195430.69535
16.14508258157107	26094948835.92485
16.17729701344363	28742590467.20476
16.2095114453162	31658865449.08774
16.24172587718876	34871029553.4638
16.27394030906133	38409103938.05895
16.30615474093389	42306155711.82133
16.33836917280646	46598606982.06065
16.37058360467902	51326575250.42345
16.40279803655158	56534248346.1705
16.43501246842415	62270297399.09856
16.46722690029671	68588331715.96055
16.49944133216928	75547399801.74133
16.53165576404184	83212541219.71899
16.5638701959144	91655394440.09297
16.59608462778697	100954866360.5038
16.62829905965953	111197869756.2698
16.6605134915321	122480135544.0863
16.69272792340466	134907107478.3624
16.72494235527722	148594927589.8367
16.75715678714979	163671521631.8573
16.78937121902235	180277794643.0142
16.82158565089492	198568947811.5758
16.85380008276748	218715928999.1126
16.88601451464005	240907030108.7829
16.91822894651261	265349647346.0945
16.95044337838517	292272218947.4216
16.98265781025774	321926360367.1145
17.0148722421303	354589215745.991
17.04708667400287	390566048014.3276
17.07930110587543	430193091780.1382
17.11151553774799	473840695670.4009
17.14372996962056	521916783478.7643
17.17594440149312	574870666480.6826
17.20815883336569	633197242534.5343
17.24037326523825	697441621211.9041
17.27258769711081	768204218186.1755
17.30480212898338	846146366479.045
17.33701656085594	931996497019.4731
17.36923099272851	1026556946252.436
17.40144542460107	1130711454440.628
17.43365985647364	1245433424718.612
17.4658742883462	1371795020088.782
17.49808872021876	1510977183385.289
17.53030315209133	1664280673625.33
17.56251758396389	1834493871268.696
17.59473201583646	2020635180461.349
17.62694644770902	2225663762688.292
17.65916087958158	2451496059960.893
17.69137531145415	2700242971475.517
17.72358974332671	2974229582933.899
17.75580417519928	3276016900412.093
17.78801860707184	3608425789525.305
17.82023303894441	3974563340895.183
17.85244747081697	4377851913409.996
17.88466190268953	4822061125826.913
17.9168763345621	5311343086475.621
17.94909076643466	5850271210837.847
17.98130519830723	6443882963874.788
18.01351963017979	7097726952999.06
18.04573406205235	7817914782331.926
18.07794849392492	8611178190099.985
18.11016292579748	9484931965795.408
18.14237735767005	10447343253990
18.17459178954261	11507407902246.5
18.20680622141517	12675034540484.63
18.23902065328774	13961137205312.35
18.2712350851603	15377737344594.6
18.30344951703287	16938076199901.51
18.33566394890543	18656738563119.84
18.367878380778	20549789103991.91
18.40009281265056	22634922537019.5
18.43230724452312	24931629009375.25
18.46452167639569	27461376284074.09
18.49673610826825	30247810405691.74
18.52895054014082	33316976710419.45
18.56116497201338	36697563298536.22
18.59337940388594	40421169168634.54
18.62559383575851	44522599589396
18.65780826763107	49040191434723.92
18.69002269950364	54016171507958.52
18.7222371313762	59497051267719.22
18.75445156324876	65534061562166.5
18.78666599512133	72183631498366.39
18.81888042699389	79507915907067.44
18.85109485886646	87575376292148.03
18.88330929073902	96461420776662.38
18.91552372261159	106249108945931.1
18.94773815448415	117029928221962.2
18.97995258635671	128904649021536.5
19.01216701822928	141984266661748.1
19.04438145010184	156391038872505.1
19.07659588197441	172259628587450.2
19.10881031384697	189738362482702.2
19.14102474571953	208990617791895
19.1732391775921	230196349041281.9
19.20545360946466	253553770327492.8
19.23766804133723	279281207968657.8
19.26988247320979	307619141342272.3
19.30209690508235	338832450599653.5
19.33431133695492	373212892591454
19.36652576882748	411081827972863.2
19.39874020070005	452793225030867.3
19.43095463257261	498736968260231.2
19.46316906444518	549342502723682.8
19.49538349631774	605082848190855
19.5275979281903	666479020416419.2
19.55981236006287	734104901327650.5
19.59202679193543	808592603093820.9
19.624241223808	890638376628413.6
19.65645565568056	981009118113199.1
19.68867008755312	1080549545979637
19.72088451942569	1190190077031663
19.75309895129825	1310955546636772
19.78531338317082	1443974770373137
19.81752781504338	1590491105147943
19.84974224691594	1751874071179532
19.88195667878851	1929632140973271
19.91417111066107	2125426858110876
19.94638554253364	2341088348488604
19.9785999744062	2578632444977150
20.01081440627877	2840279519034050
20.04302883815133	3128475233773338
20.07524327002389	3445913424948781
20.10745770189646	3795561208383712
20.13967213376902	4180686848071884
20.17188656564159	4604890177137974
20.20410099751415	5072136302055867
20.23631542938671	5586792664026531
20.26852986125928	6153669857105123
20.30074429313184	6778066588380868
20.33295872500441	7465819221572642
20.36517315687697	8223356296169555
20.39738758874953	9057758672209000
20.4296020206221	9976825666556092
20.46181645249466	1.098914797083876e+16
20.49403088436723	1.210418795869135e+16
20.52624531623979	1.333236812433557e+16
20.55845974811236	1.468516850065751e+16
20.59067417998492	1.617523397212138e+16
20.62288861185748	1.781649247414964e+16
20.65510304373005	1.962428515611913e+16
20.68731747560261	2.161550981089068e+16
20.71953190747518	2.380877878652116e+16
20.75174633934774	2.622459299712845e+16
20.7839607712203	2.888553352106288e+16
20.81617520309287	3.181647267504484e+16
20.84838963496543	3.50448065114255e+16
20.880604066838	3.860071088688565e+16
20.91281849871056	4.251742351549558e+16
20.94503293058312	4.683155466181584e+16
20.97724736245569	5.158342933434719e+16
21.00946179432825	5.681746424573985e+16
21.04167622620082	6.258258287012746e+16
21.07389065807338	6.893267289431878e+16
21.10610508994595	7.592708984668005e+16
21.13831952181851	8.36312118377643e+16
21.17053395369107	9.211705078583706e+16
21.20274838556364	1.014639254906854e+17
21.2349628174362	1.117592028867063e+17
21.26717724930877	1.230991149993927e+17
21.29939168118133	1.355896580589554e+17
21.33160611305389	1.493475835871458e+17
21.36382054492646	1.645014895492953e+17
21.39603497679902	1.811930223714928e+17
21.42824940867159	1.995782009970205e+17
21.46046384054415	2.198288752230773e+17
21.49267827241671	2.421343319055489e+17
21.52489270428928	2.667030644088367e+17
21.55710713616184	2.93764721390737e+17
21.58932156803441	3.235722532428397e+17
21.62153599990697	3.564042766521745e+17
21.65375043177954	3.925676787942615e+17
21.6859648636521	4.324004858295185e+17
21.71817929552466	4.762750225566341e+17
21.75039372739723	5.246013926882772e+17
21.78260815926979	5.778313118278898e+17
21.81482259114236	6.364623301851567e+17
21.84703702301492	7.010424828869499e+17
21.87925145488748	7.721754127130668e+17
21.91146588676005	8.505260119840059e+17
21.94368031863261	9.368266275423072e+17
21.97589475050518	1.031883968444398e+18
22.00810918237774	1.136586508427073e+18
22.0403236142503	1.251912905880817e+18
22.07253804612287	1.378941239645407e+18
22.10475247799543	1.518858762145638e+18
22.136966909868	1.672973407829128e+18
22.16918134174056	1.842725500904941e+18
22.20139577361313	2.029702017055014e+18
22.23361020548569	2.23565054501098e+18
22.26582463735825	2.462496060608374e+18
22.29803906923082	2.71235903604801e+18
22.33025350110338	2.987574951239655e+18
22.36246793297595	3.29071625435179e+18
22.39468236484851	3.624616533866024e+18
22.42689679672107	3.992396806513607e+18
22.45911122859364	4.397494712933369e+18
22.4913256604662	4.843696898153643e+18
22.52354009233877	5.335174008062811e+18
22.55575452421133	5.876519961944713e+18
22.58796895608389	6.472794903547448e+18
22.62018338795646	7.12957225732674e+18
22.65239781982902	7.852991038132102e+18
22.68461225170159	8.649813265861963e+18
22.71682668357415	9.527486910633146e+18
22.74904111544672	1.04942157228543e+19
22.78125554731928	1.155903601635891e+19
22.81346997919184	1.27319007701474e+19
22.84568441106441	1.402377296504165e+19
22.87789884293697	1.544672806238229e+19
22.91011327480954	1.701406661836508e+19
22.9423277066821	1.87404387380431e+19
22.97454213855466	2.06419813846712e+19
23.00675657042723	2.27364684907363e+19
23.03897100229979	2.504347753049546e+19
23.07118543417236	2.758457276754208e+19
23.10339986604492	3.038350615455468e+19
23.13561429791748	3.346643973779848e+19
23.16782872979005	3.686219050915779e+19
23.20004316166261	4.060249904610132e+19
23.23225759353518	4.472232656633795e+19
23.26447202540774	4.926018251181738e+19
23.29668645728031	5.425848246866656e+19
23.32890088915287	5.976394622714988e+19
23.36111532102543	6.582803524008172e+19
23.393329752898	7.250743099112971e+19
23.42554418477056	7.986456726297172e+19
23.45775861664313	8.796821314837034e+19
23.48997304851569	9.68941145303453e+19
23.52218748038825	1.067257062021802e+20
23.55440191226082	1.175548624786048e+20
23.58661634413338	1.294828514317573e+20
23.61883077600595	1.426211401687575e+20
23.65104520787851	1.570925191029557e+20
23.68325963975107	1.730322477159686e+20
23.71547407162364	1.905894090203134e+20
23.7476885034962	2.099279928378029e+20
23.77990293536877	2.312288064810145e+20
23.81211736724133	2.546910191610008e+20
23.8443317991139	2.805338181296537e+20
23.87654623098646	3.089985661766528e+20
23.90876066285902	3.40352145297939e+20
23.94097509473159	3.748867492348114e+20
23.97318952660415	4.129255811497544e+20
24.00540395847672	4.548239824350482e+20
24.03761839034928	5.009740360930426e+20
24.06983282222184	5.518062385948981e+20
24.10204725409441	6.077965362231357e+20
24.13426168596697	6.694680522718797e+20
24.16647611783954	7.373971678041813e+20
24.1986905497121	8.122188788883417e+20
24.23090498158466	8.946325701972555e+20
24.26311941345723	9.854085427691842e+20
24.29533384532979	1.085395304600985e+21
24.32754827720236	1.195527477233895e+21
24.35976270907492	1.316834441184174e+21
24.39197714094749	1.450450111973983e+21
24.42419157282005	1.597623416785993e+21
24.45640600469261	1.75972996991937e+21
24.48862043656518	1.938285011401231e+21
24.52083486843774	2.134957676770757e+21
24.55304930031031	2.351586172766828e+21
24.58526373218287	2.590195283093946e+21
24.61747816405543	2.853015435678264e+21
24.649692595928	3.142503280648268e+21
24.68190702780056	3.461364652289704e+21
24.71412145967313	3.812580043330545e+21
24.74633589154569	4.199432324468779e+21
24.77855032341825	4.625537443661693e+21
24.81076475529082	5.094878300885243e+21
24.84297918716338	5.611841949968563e+21
24.87519361903595	6.181262179777669e+21
24.90740805090851	6.808456447721207e+21
24.93962248278108	7.499292194204676e+21
24.97183691465364	8.260225237855019e+21
25.0040513465262	9.098368104982362e+21
25.03626577839877	1.002155510740202e+22
25.06848021027133	1.103841524169034e+22
25.1006946421439	1.215845359369212e+22
25.13290907401646	1.339213917987339e+22
25.16512350588902	1.475100347829038e+22
25.19733793776159	1.624774818857777e+22
25.22955236963415	1.789636357046281e+22
25.26176680150672	1.971225910440651e+22
25.29398123337928	2.171240915598245e+22
25.32619566525184	2.391550888009919e+22
25.35841009712441	2.634215126381757e+22
25.39062452899697	2.901501807061034e+22
25.42283896086954	3.195909385908175e+22
25.4550533927421	3.520189688813749e+22
25.48726782461467	3.877373825621555e+22
25.51948225648723	4.270800496692429e+22
25.55169668835979	4.70414711180956e+22
25.58391112023236	5.181464197323117e+22
25.61612555210492	5.707213387391851e+22
25.64833998397749	6.28630893300694e+22
25.68055441585005	6.924163730579622e+22
25.71276884772261	7.626739870623839e+22
25.74498327959518	8.400604563911894e+22
25.77719771146774	9.252991158050975e+22
25.80941214334031	1.019186705777331e+23
25.84162657521287	1.122600805991065e+23
25.87384100708543	1.236507884430324e+23
25.906055438958	1.361973636080032e+23
25.93826987083056	1.50016914020756e+23
25.97048430270313	1.652387129392629e+23
26.00269873457569	1.820051259260638e+23
26.03491316644826	2.004726132664234e+23
26.06712759832082	2.208140153946365e+23
26.09934203019338	2.432193593305085e+23
26.13155646206595	2.678982622884059e+23
26.16377089393851	2.950811577075456e+23
26.19598532581108	3.250222310975326e+23
26.22819975768364	3.580014230750691e+23
26.2604141895562	3.943268218898246e+23
26.29262862142877	4.343380878736886e+23
26.32484305330133	4.784086860776257e+23
26.3570574851739	5.269520472564991e+23
26.38927191704646	5.80420541156215e+23
26.42148634891903	6.393141863035944e+23
26.45370078079159	7.041837124564687e+23
26.48591521266415	7.756353657461666e+23
26.51812964453672	8.543369056844986e+23
26.55034407640928	9.410243727858704e+23
26.58255850828185	1.036507215756302e+24
26.61477294015441	1.141678949320081e+24
26.64698737202697	1.257521973980889e+24
26.67920180389954	1.385119328734496e+24
26.7114162357721	1.525663699069732e+24
26.74363066764467	1.680468575351966e+24
26.77584509951723	1.850981467964157e+24
26.80805953138979	2.038794980200622e+24
26.84027396326236	2.245666164246596e+24
26.87248839513492	2.473527746402545e+24
26.90470282700749	2.72450989492262e+24
26.93691725888005	3.000958508837449e+24
26.96913169075262	3.305457510539172e+24
27.00134612262518	3.640853104432882e+24
27.03356055449774	4.010280400672222e+24
27.06577498637031	4.417192770961058e+24
27.09798941824287	4.865393125587229e+24
27.13020385011544	5.359071208606224e+24
27.162418281988	5.902841598051379e+24
27.19463271386056	6.501786551259427e+24
27.22684714573313	7.161504720737206e+24
27.25906157760569	7.88816267851538e+24
27.29127600947826	8.688552157342966e+24
27.32349044135082	9.570153363518729e+24
27.35570487322338	1.054119160092114e+25
27.38791930509595	1.16108160539088e+25
27.42013373696851	1.278892507890855e+25
27.45234816884108	1.408657693425315e+25
27.48456260071364	1.55159327869052e+25
27.51677703258621	1.709026623099081e+25
27.54899146445877	1.882436452375489e+25
27.58120589633133	2.073440351043945e+25
27.6134203282039	2.283830220378058e+25
27.64563476007646	2.515563287693557e+25
27.67784919194903	2.770810009198942e+25
27.71006362382159	3.051969550448281e+25
27.74227805569415	3.361631602483622e+25
27.77449248756672	3.702726615488957e+25
27.80670691943928	4.078431206787021e+25
27.83892135131185	4.492260568863813e+25
27.87113578318441	4.948077034198154e+25
27.90335021505697	5.450144436312557e+25
27.93556464692954	6.003151552710064e+25
27.9677790788021	6.612280763407277e+25
27.99999351067467	7.283209896376599e+25
28.03220794254723	8.022216501586898e+25
28.0644223744198	8.836214298658414e+25
28.09663680629236	9.732795686645386e+25
28.12885123816492	1.072035530019268e+26
28.16106567003749	1.180811906363359e+26
28.19328010191005	1.300625824034612e+26
28.22549453378262	1.432596635224779e+26
28.25770896565518	1.577958194614851e+26
28.28992339752774	1.738068952752069e+26
28.32213782940031	1.914426415863e+26
28.35435226127287	2.10867782009527e+26
28.38656669314544	2.322639500456766e+26
28.418781125018	2.558307526552262e+26
28.45099555689056	2.817896517787349e+26
28.48320998876313	3.103820773967384e+26
28.51542442063569	3.418757041000871e+26
28.54763885250826	3.765649707226575e+26
28.57985328438082	4.147740226156349e+26
28.61206771625339	4.568601242684917e+26
28.64428214812595	5.032167283529511e+26
28.67649657999851	5.542776120328794e+26
28.70871101187108	6.105261261353913e+26
28.74092544374364	6.724605191600302e+26
28.77313987561621	7.406972553014584e+26
28.80535430748877	8.158545691996399e+26
28.83756873936133	8.986019112559883e+26
28.8697831712339	9.898158710061111e+26
28.90199760310646	1.090251846957277e+27
28.93421203497903	1.200878844780829e+27
28.96642646685159	1.322716606846994e+27
28.99864089872415	1.456937883422036e+27
29.03085533059672	1.604769888153069e+27
29.06306976246928	1.767605636198419e+27
29.09528419434185	1.946948256687641e+27
29.12749862621441	2.144504915350785e+27
29.15971305808698	2.362102519106534e+27
29.19192748995954	2.601785543173178e+27
29.2241419218321	2.865770568928827e+27
29.25635635370467	3.156555432769402e+27
29.28857078557723	3.476844054880455e+27
29.3207852174498	3.829790907674608e+27
29.35299964932236	4.218207578459218e+27
29.38521408119492	4.646221852849665e+27
29.41742851306749	5.117661484856112e+27
29.44964294494005	5.636914832549752e+27
29.48185737681262	6.208900349415771e+27
29.51407180868518	6.838903175233583e+27
29.54628624055774	7.532831471934901e+27
29.57850067243031	8.297164923421354e+27
29.61071510430287	9.139077431361627e+27
29.64292953617544	1.006644362810059e+28
29.675143968048	1.108718629237127e+28
29.70735839992057	1.221271951738294e+28
29.73957283179313	1.345199347929018e+28
29.77178726366569	1.481698067222849e+28
29.80400169553826	1.632018468789576e+28
29.83621612741082	1.797628123349888e+28
29.86843055928339	1.980034779007572e+28
29.90064499115595	2.180954616506602e+28
29.93285942302851	2.402215260511397e+28
29.96507385490108	2.645975146689792e+28
29.99728828677364	2.914462547177673e+28
30.02950271864621	3.210201302454905e+28
30.06171715051877	3.535891147998918e+28
30.09393158239133	3.894681410526046e+28
30.1261460142639	4.289867710340521e+28
30.15836044613646	4.725164732277131e+28
30.19057487800903	5.204586375737563e+28
30.22278930988159	5.732692517132096e+28
30.25500374175416	6.314388955851445e+28
30.28721817362672	6.955482481141521e+28
30.31943260549928	7.660732148762731e+28
30.35164703737185	8.438077967249455e+28
30.38386146924441	9.294305961685202e+28
30.41607590111698	1.023699956697304e+29
30.44829033298954	1.127607880294199e+29
30.4805047648621	1.242025571145704e+29
30.51271919673467	1.368054176985357e+29
30.54493362860723	1.506843793969438e+29
30.5771480604798	1.659758003021074e+29
30.60936249235236	1.828166236231053e+29
30.64157692422492	2.013676415706176e+29
30.67379135609749	2.217982261581471e+29
30.70600578797005	2.443042933057979e+29
30.73822021984262	2.690934780755354e+29
30.77043465171518	2.963980542449292e+29
30.80264908358775	3.264718655439557e+29
30.83486351546031	3.595989332774168e+29
30.86707794733287	3.96081257214968e+29
30.89929237920544	4.362745108564623e+29
30.931506811078	4.805404148045396e+29
30.96372124295057	5.293011120207069e+29
30.99593567482313	5.830048636300725e+29
31.02815010669569	6.421655853438541e+29
31.06036453856826	7.073206222810853e+29
31.09257897044082	7.790922550347485e+29
31.12479340231339	8.5813871752826e+29
31.15700783418595	9.452152655969558e+29
31.18922226605851	1.04108450755804e+30
31.22143669793108	1.146759579676886e+30
31.25365112980364	1.263110932407588e+30
31.28586556167621	1.39127955835171e+30
31.31807999354877	1.532448195940384e+30
31.35029442542134	1.68793512535826e+30
31.3825088572939	1.859202773422259e+30
31.41472328916646	2.04785416920292e+30
31.44693772103903	2.255641003258375e+30
31.47915215291159	2.484511000156614e+30
31.51136658478416	2.736586056797117e+30
31.54358101665672	3.014266146875751e+30
31.57579544852928	3.320096712710142e+30
31.60800988040185	3.656923561409723e+30
31.64022431227441	4.025474537767821e+30
31.67243874414698	4.436977495115035e+30
31.70465317601954	4.887091095448901e+30
31.7368676078921	5.382913212086935e+30
31.76908203976467	5.928441586405909e+30
31.80129647163723	6.530875910108347e+30
31.8335109035098	7.19347428073889e+30
31.86572533538236	7.923304454681348e+30
31.89793976725493	8.726765631297813e+30
31.93015419912749	9.613118827609595e+30
31.96236863100005	1.058843072563037e+31
31.99458306287262	1.166276726631687e+31
32.02679749474518	1.284588734459805e+31
32.05901192661774	1.414999074974797e+31
32.0912263584903	1.558564734432295e+31
32.12344079036286	1.716707798964619e+31
32.15565522223542	1.890891903002783e+31
32.18786965410798	2.082798178699876e+31
32.22008408598055	2.294130023815586e+31
0
1000	1.0219978922	100000000000000.1
5	0	0	1
5	0	0	0
0.03786664528905326	-9.603137768876244e-07
0.07008107716161713	-9.355209557112018e-07
0.102295509034181	-9.115969489284818e-07
0.1345099409067449	-8.885082738584297e-07
0.1667243727793087	-8.662227019102872e-07
0.1989388046518726	-8.447092242045415e-07
0.2311532365244365	-8.23938016481333e-07
0.2633676683970003	-8.038804035488066e-07
0.2955821002695642	-7.845088234931315e-07
0.3277965321421281	-7.657967918440349e-07
0.360010964014692	-7.47718865864379e-07
0.3922253958872559	-7.302506091094657e-07
0.4244398277598198	-7.13368556381083e-07
0.4566542596323837	-6.970501791828249e-07
0.4888686915049476	-6.812738517665454e-07
0.5210831233775115	-6.660188178449152e-07
0.5532975552500754	-6.512651580318145e-07
0.5855119871226393	-6.369937580604476e-07
0.6177264189952032	-6.231862778186111e-07
0.6499408508677671	-6.098251212312507e-07
0.682155282740331	-5.96893407012369e-07
0.7143697146128949	-5.843749403010615e-07
0.7465841464854588	-5.722541851902893e-07
0.7787985783580227	-5.605162381515633e-07
0.8110130102305866	-5.491468023538886e-07
0.8432274421031505	-5.381321628713844e-07
0.8754418739757144	-5.274591627704369e-07
0.9076563058482783	-5.171151800643464e-07
0.9398707377208422	-5.070881055209067e-07
0.9720851695934061	-4.973663213063274e-07
1.00429960146597	-4.879366840836468e-07
1.036514033338534	-4.787927444991525e-07
1.068728465211098	-4.699221257513155e-07
1.100942897083662	-4.613149449555976e-07
1.133157328956226	-4.529617126796612e-07
1.165371760828789	-4.448533172077322e-07
1.197586192701353	-4.369810093286167e-07
1.229800624573917	-4.293363876461307e-07
1.262015056446481	-4.219113844081424e-07
1.294229488319045	-4.146982518482856e-07
1.326443920191609	-4.076881587988373e-07
1.358658352064173	-4.008769187494471e-07
1.390872783936737	-3.942561909173109e-07
1.423087215809301	-3.878193572919333e-07
1.455301647681865	-3.815600570895235e-07
1.487516079554428	-3.754721766783118e-07
1.519730511426992	-3.695498398161837e-07
1.551944943299556	-3.637873982045789e-07
1.58415937517212	-3.581794223601953e-07
1.616373807044684	-3.527206928039462e-07
1.648588238917248	-3.474050598817025e-07
1.680802670789812	-3.422301128803237e-07
1.713017102662376	-3.371900048405096e-07
1.74523153453494	-3.322802546312398e-07
1.777445966407504	-3.274965505829397e-07
1.809660398280067	-3.228347440601392e-07
1.841874830152631	-3.182908432018766e-07
1.874089262025195	-3.138610068394995e-07
1.906303693897759	-3.095415385986105e-07
1.938518125770323	-3.053288811895092e-07
1.970732557642887	-3.012184611127363e-07
2.002946989515451	-2.972094462316833e-07
2.035161421388014	-2.932974209166237e-07
2.067375853260578	-2.894793094745575e-07
2.099590285133142	-2.857521494515364e-07
2.131804717005705	-2.821130875525445e-07
2.164019148878269	-2.785593756104371e-07
2.196233580750833	-2.750883666264117e-07
2.228448012623396	-2.716975108987813e-07
2.26066244449596	-2.683843522523892e-07
2.292876876368524	-2.651436556843422e-07
2.325091308241087	-2.619794921307899e-07
2.357305740113651	-2.588862319811289e-07
2.389520171986215	-2.558617102748445e-07
2.421734603858778	-2.529038499993731e-07
2.453949035731342	-2.500106557474822e-07
2.486163467603906	-2.471802086737648e-07
2.518377899476469	-2.444106622498597e-07
2.550592331349033	-2.41700238549596e-07
2.582806763221597	-2.390472249111843e-07
2.61502119509416	-2.364495679691808e-07
2.647235626966724	-2.339065333991215e-07
2.679450058839288	-2.314161599511893e-07
2.711664490711851	-2.289769619802539e-07
2.743878922584415	-2.265875053620661e-07
2.776093354456979	-2.242464052703623e-07
2.808307786329542	-2.219523240418447e-07
2.840522218202106	-2.197039691195297e-07
2.87273665007467	-2.175000910640055e-07
2.904951081947234	-2.153394816207131e-07
2.937165513819797	-2.132216859275526e-07
2.969379945692361	-2.111441038227646e-07
3.001594377564925	-2.091063265422937e-07
3.033808809437488	-2.071072903832108e-07
3.066023241310052	-2.051459662986954e-07
3.098237673182616	-2.032213585104988e-07
3.130452105055179	-2.013325031825433e-07
3.162666536927743	-1.994784671523874e-07
3.194880968800307	-1.976583467174824e-07
3.22709540067287	-1.958712664732874e-07
3.259309832545434	-1.941165714467531e-07
3.291524264417998	-1.923930356096768e-07
3.323738696290561	-1.90700056409935e-07
3.355953128163125	-1.890368626434929e-07
3.388167560035689	-1.87402707078514e-07
3.420381991908252	-1.857968655548464e-07
3.452596423780816	-1.842186361222822e-07
3.48481085565338	-1.826673382156912e-07
3.517025287525943	-1.811423118652327e-07
3.549239719398507	-1.796429169399473e-07
3.581454151271071	-1.781686183051516e-07
3.613668583143634	-1.767186332276837e-07
3.645883015016198	-1.75292464140299e-07
3.678097446888762	-1.73889544225049e-07
3.710311878761325	-1.725093234902079e-07
3.742526310633889	-1.711512681695736e-07
3.774740742506453	-1.698148601465994e-07
3.806955174379016	-1.684995964021968e-07
3.83916960625158	-1.672049884850993e-07
3.871384038124144	-1.659305620037442e-07
3.903598469996707	-1.646748078843811e-07
3.935812901869271	-1.634394407690815e-07
3.968027333741835	-1.622230085047277e-07
4.000241765614398	-1.610250881214255e-07
4.032456197486963	-1.598452640074486e-07
4.064670629359527	-1.586831266797293e-07
4.096885061232091	-1.57538271279822e-07
4.129099493104655	-1.564102956799048e-07
4.161313924977219	-1.552987980277251e-07
4.193528356849783	-1.542033734713238e-07
4.225742788722347	-1.516793792716229e-07
4.257957220594911	-1.50507477933076e-07
4.290171652467476	-1.495117520066228e-07
4.32238608434004	-1.487776281614351e-07
4.354600516212604	-1.484264367539041e-07
4.386814948085168	-1.486330120407943e-07
4.419029379957732	-1.496538243175855e-07
4.451243811830296	-1.518733386888634e-07
4.48345824370286	-1.558830351951912e-07
4.515672675575424	-1.626211233484376e-07
4.547887107447989	-2.443924305197956e-07
4.580101539320553	-2.743300257878899e-07
4.612315971193117	-3.092286610896616e-07
4.644530403065681	-3.495741749319369e-07
4.676744834938245	-3.958461353922424e-07
4.708959266810809	-4.4850226424044e-07
4.741173698683373	-5.07962509668808e-07
4.773388130555937	-5.745936547469306e-07
4.805602562428501	-6.486953493614331e-07
4.837816994301066	-7.30488364824567e-07
4.87003142617363	-1.037554496424756e-06
4.902245858046194	-1.047328687381009e-06
4.934460289918758	-1.103028461797203e-06
4.966674721791322	-1.17948510534977e-06
4.998889153663886	-1.269675569828203e-06
5.03110358553645	-1.371067325358577e-06
5.063318017409014	-1.482686610717224e-06
5.095532449281579	-1.604223785475173e-06
5.127746881154143	-1.735695990261727e-06
5.159961313026707	-1.877300216515075e-06
5.192175744899271	-2.048746702303097e-06
5.224390176771835	-2.208963930892756e-06
5.256604608644399	-2.379255100461669e-06
5.288819040516963	-2.560336170353741e-06
5.321033472389527	-2.752965466534241e-06
5.353247904262092	-2.957947157398175e-06
5.385462336134656	-3.176134865683471e-06
5.41767676800722	-3.408435441492174e-06
5.449891199879784	-3.65581292040173e-06
5.482105631752348	-3.919292690023073e-06
5.514320063624912	-4.200020346329803e-06
5.546534495497476	-4.499044245392252e-06
5.57874892737004	-4.817655214009644e-06
5.610963359242604	-5.157170959510269e-06
5.643177791115169	-5.518995554496862e-06
5.675392222987733	-5.904625376131994e-06
5.707606654860297	-6.31565542990955e-06
5.739821086732861	-6.753786086508305e-06
5.772035518605425	-7.220830261936609e-06
5.804249950477989	-7.718721072960376e-06
5.836464382350553	-8.24928130502226e-06
5.868678814223117	-8.815203683495283e-06
5.900893246095682	-9.418599336033958e-06
5.933107677968246	-1.006196877764902e-05
5.96532210984081	-1.0747978247177e-05
5.997536541713374	-1.147947085138743e-05
6.029750973585938	-1.225947844922128e-05
6.061965405458502	-1.309123432708083e-05
6.094179837331066	-1.397818671939723e-05
6.12639426920363	-1.4924013232256e-05
6.158608701076195	-1.593242461339689e-05
6.190823132948759	-1.700804170223093e-05
6.223037564821323	-1.815512058102352e-05
6.255251996693887	-1.93784204731999e-05
6.287466428566451	-2.068301688479022e-05
6.319680860439015	-2.207432273490076e-05
6.351895292311579	-2.355811089389315e-05
6.384109724184143	-2.514053822410751e-05
6.416324156056707	-2.682817122426517e-05
6.448538587929272	-2.862801338541522e-05
6.480753019801836	-3.054735363201976e-05
6.5129674516744	-3.25945319818994e-05
6.545181883546964	-3.477787045508178e-05
6.577396315419528	-3.710643226148925e-05
6.609610747292092	-3.958988343997894e-05
6.641825179164656	-4.223853304094652e-05
6.67403961103722	-4.50633759857776e-05
6.706254042909785	-4.807613878220507e-05
6.738468474782349	-5.12893282865614e-05
6.770682906654913	-5.47162837166496e-05
6.802897338527477	-5.83710724906647e-05
6.835111770400041	-6.226919791501564e-05
6.867326202272605	-6.642668960710676e-05
6.899540634145169	-7.086080915667188e-05
6.931755066017733	-7.558996664581377e-05
6.963969497890298	-8.063379713536691e-05
6.996183929762862	-8.601324224467527e-05
7.028398361635426	-9.175063716454589e-05
7.06061279350799	-9.786980346576635e-05
7.092827225380554	-0.0001043961480897357
7.125041657253118	-0.0001113566231740007
7.157256089125682	-0.000118780430607575
7.189470520998246	-0.0001266982546303717
7.22168495287081	-0.0001351429721630502
7.253899384743375	-0.0001441496478514678
7.286113816615939	-0.0001537556797076054
7.318328248488503	-0.0001640009544464088
7.350542680361067	-0.000174928013164528
7.382757112233631	-0.000186582228049956
7.414971544106195	-0.000199011990857458
7.447185975978759	-0.0002122687774214111
7.479400407851323	-0.0002264079163294818
7.511614839723888	-0.0002414879867951393
7.543829271596452	-0.0002575716074308324
7.576043703469016	-0.0002747255638978847
7.60825813534158	-0.0002930210862669568
7.640472567214144	-0.0003125341448404746
7.672686999086708	-0.0003333457656663361
7.704901430959272	-0.0003555423670540671
7.737115862831836	-0.0003792161184918646
7.769330294704401	-0.0004044651932185303
7.801544726576965	-0.0004313947052208216
7.833759158449529	-0.0004601163523546962
7.865973590322093	-0.0004907494003381224
7.898188022194657	-0.0005234210518007534
7.930402454067221	-0.0005582669745250961
7.962616885939785	-0.0005954318648457704
7.994831317812349	-0.0006350700485472525
8.027045749684913	-0.0006773461217563626
8.059260181557477	-0.0007224356344917553
8.091474613430041	-0.0007705256938001631
8.123689045302605	-0.0008218162524064288
8.155903477175169	-0.0008765201722108746
8.188117909047733	-0.0009348646108856973
8.220332340920297	-0.0009970918432021991
8.252546772792861	-0.001063460267109559
8.284761204665426	-0.001134245476771773
8.31697563653799	-0.001209741407019251
8.349190068410554	-0.001290261553968599
8.381404500283118	-0.001376140276880077
8.413618932155682	-0.001467734063773444
8.445833364028246	-0.001565423511107459
8.47804779590081	-0.001669614155953626
8.510262227773374	-0.001780738650468983
8.542476659645938	-0.001899258439513546
8.574691091518503	-0.002025665676835387
8.606905523391067	-0.002160485268781035
8.639119955263631	-0.002304277054018773
8.671334387136195	-0.002457638128327039
8.703548819008759	-0.002621205324102547
8.735763250881323	-0.002795657734132281
8.767977682753887	-0.002981720022197605
8.800192114626451	-0.003180164697078106
8.832406546499016	-0.003391815802267423
8.86462097837158	-0.003617552220944835
8.896835410244144	-0.003858311325578331
8.929049842116708	-0.004115092870411803
8.961264273989272	-0.004388963143000546
8.993478705861836	-0.004681059392035395
9.0256931377344	-0.004992594549842976
9.057907569606964	-0.005324862149936145
9.090122001479529	-0.005679242182912661
9.122336433352093	-0.006057206101011151
9.154550865224657	-0.006460323404080686
9.186765297097221	-0.006890268041559671
9.218979728969785	-0.007348825363603079
9.251194160842349	-0.007837899534808773
9.283408592714913	-0.008359521441329884
9.315623024587477	-0.008915857124208266
9.347837456460041	-0.00950921677394951
9.380051888332606	-0.01014206420553635
9.41226632020517	-0.01081702756952365
9.444480752077734	-0.01153690954623907
9.476695183950298	-0.01230469945532552
9.508909615822862	-0.01312358555460611
9.541124047695426	-0.01399696827939906
9.57333847956799	-0.01492847436290796
9.605552911440554	-0.01592197189632609
9.637767343313119	-0.01698158639118942
9.669981775185683	-0.01811171791068169
9.702196207058247	-0.01931705922365049
9.734410638930811	-0.02060261576830104
9.766625070803375	-0.02197372572288013
9.798839502675939	-0.02343608264077745
9.831053934548503	-0.02499575897952284
9.863268366421067	-0.02665923131678283
9.895482798293632	-0.028433407244477
9.927697230166196	-0.03032565405269518
9.95991166203876	-0.03234382932252533
9.992126093911324	-0.03449631355483236
10.02434052578389	-0.03679204485365732
10.05655495765645	-0.03924055651644988
10.08876938952902	-0.0418520159101828
10.12098382140158	-0.0446372671574722
10.15319825327414	-0.0476078760539409
10.18541268514671	-0.05077617809537784
10.21762711701927	-0.05415532970110157
10.24984154889184	-0.05775936284622084
10.2820559807644	-0.06160324332966764
10.31427041263697	-0.06570293291995126
10.34648484450953	-0.07007545552028652
10.37869927638209	-0.07473896833358805
10.41091370825466	-0.07971283655193831
10.44312814012722	-0.08501771423519537
10.47534257199979	-0.09067562996465547
10.50755700387235	-0.09671007831708378
10.53977143574491	-0.103146117426324
10.57198586761748	-0.1100104730376043
10.60420029949004	-0.1173316494866343
10.63641473136261	-0.1251400480643345
10.66862916323517	-0.1334680931425803
10.70084359510773	-0.1423503672886799
10.7330580269803	-0.1518237541632004
10.76527245885286	-0.1619275921430908
10.79748689072543	-0.1727038375625322
10.82970132259799	-0.1841972389372562
10.86191575447056	-0.1964555227834468
10.89413018634312	-0.2095295918028328
10.92634461821568	-0.2234737362569527
10.95855905008825	-0.2383458594083177
10.99077348196081	-0.2542077178487029
11.02298791383338	-0.2711251784152543
11.05520234570594	-0.2891684909979695
11.0874167775785	-0.3084125807157473
11.11963120945107	-0.3289373589319003
11.15184564132363	-0.3508280550872968
11.1840600731962	-0.3741755706168839
11.21627450506876	-0.3990768564192784
11.24848893694132	-0.4256353154468258
11.28070336881389	-0.4539612320879439
11.31291780068645	-0.4841722300089621
11.34513223255902	-0.5163937610584115
11.37734666443158	-0.5507596255031415
11.40956109630415	-0.5874125280975641
11.44177552817671	-0.62650467055528
11.47398996004927	-0.6681983835689409
11.50620439192184	-0.7126668008908519
11.5384188237944	-0.7600945782734613
11.57063325566697	-0.8106786602551257
11.60284768753953	-0.8646290979752387
11.63506211941209	-0.922169921299074
11.66727655128466	-0.9835400695749533
11.69949098315722	-1.048994383129501
11.73170541502979	-1.118804661957094
11.76391984690235	-1.193260794261457
11.79613427877491	-1.272671960220688
11.82834871064748	-1.357367915862516
11.86056314252004	-1.447700362381058
11.89277757439261	-1.544044406581237
11.92499200626517	-1.646800118515344
11.95720643813774	-1.756394192664143
11.9894208700103	-1.873281720261941
12.02163530188286	-1.997948078365569
12.05384973375543	-2.130910945851047
12.08606416562799	-2.272722452970859
12.11827859750056	-2.423971474082878
12.15049302937312	-2.585286072959813
12.18270746124568	-2.757336110833253
12.21492189311825	-2.940836028002294
12.24713632499081	-3.136547810557389
12.27935075686338	-3.34528415442358
12.31156518873594	-3.567911840560322
12.3437796206085	-3.805355333580897
12.37599405248107	-4.058600621064733
12.40820848435363	-4.328699307773848
12.4404229162262	-4.616772982457084
12.47263734809876	-4.924017875263719
12.50485177997133	-5.251709825106813
12.53706621184389	-5.601209577603007
12.56928064371645	-5.973968435588588
12.60149507558902	-6.371534285560267
12.63370950746158	-6.795558025766328
12.66592393933415	-7.247800420881877
12.69813837120671	-7.730139414071229
12.73035280307927	-8.244577925062604
12.76256723495184	-8.793252167301365
12.7947816668244	-9.378440518607903
12.82699609869697	-10.00257298217492
12.85921053056953	-10.6682412771911
12.89142496244209	-11.37820960099324
12.92363939431466	-12.13542610731961
12.95585382618722	-12.94303514903482
12.98806825805979	-13.80439033439205
13.02028268993235	-14.72306845340522
13.05249712180492	-15.70288433040883
13.08471155367748	-16.74790666517248
13.11692598555004	-17.8624749282354
13.14914041742261	-19.0512173806222
13.18135484929517	-20.31907029276403
13.21356928116774	-21.67129844243434
13.2457837130403	-23.11351697670301
13.27799814491286	-24.65171472937292
13.31021257678543	-26.29227908901689
13.34242700865799	-28.04202252314986
13.37464144053056	-29.90821086699163
13.40685587240312	-31.89859349495323
13.43907030427568	-34.02143550002868
13.47128473614825	-36.28555201471386
13.50349916802081	-38.70034481597319
13.53571359989338	-41.27584136625707
13.56792803176594	-44.02273645256302
13.60014246363851	-46.95243659719403
13.63235689551107	-50.07710742276218
13.66457132738363	-53.40972417060499
13.6967857592562	-56.96412558054471
13.72900019112876	-60.75507135646008
13.76121462300133	-64.79830345616998
13.79342905487389	-69.11061146014686
13.82564348674645	-73.70990229049322
13.85785791861902	-78.6152745696983
13.89007235049158	-83.84709792783754
13.92228678236415	-89.42709758820833
13.95450121423671	-95.37844458096393
13.98671564610927	-101.7258519615994
14.01893007798184	-108.4956774321652
14.0511445098544	-115.7160327920146
14.08335894172697	-123.4169006724573
14.11557337359953	-131.6302590400812
14.1477878054721	-140.3902139857205
14.18000223734466	-149.7331413505007
14.21221666921722	-159.6978377769969
14.24443110108979	-170.3256818130786
14.27664553296235	-181.6608057366064
14.30885996483492	-193.7502788155807
14.34107439670748	-206.6443027639069
14.37328882858004	-220.3964202047538
14.40550326045261	-235.0637370070786
14.43771769232517	-250.7071594185788
14.46993212419774	-267.3916469797869
14.5021465560703	-285.1864822695034
14.53436098794286	-304.1655586013776
14.56657541981543	-324.407686868386
14.59878985168799	-345.9969228040976
14.63100428356056	-369.0229160267323
14.66321871543312	-393.5812823101739
14.69543314730569	-419.7740006298664
14.72764757917825	-447.7098366320056
14.75986201105081	-477.504794284478
14.79207644292338	-509.2825975850338
14.82429087479594	-543.1752043269968
14.85650530666851	-579.3233540558809
14.88871973854107	-617.8771524926294
14.92093417041363	-658.9966948494886
14.9531486022862	-702.8527306279505
14.98536303415876	-749.6273726584731
15.01757746603133	-799.5148533267143
15.04979189790389	-852.7223311263189
15.08200632977645	-909.4707508876138
15.11422076164902	-969.9957612542599
15.14643519352158	-1034.548693217668
15.17864962539415	-1103.397603773408
15.21086405726671	-1176.828389028678
15.24307848913928	-1255.145971394734
15.27529292101184	-1338.675565778633
15.3075073528844	-1427.764030043609
15.33972178475697	-1522.781305341462
15.37193621662953	-1624.121952298579
15.4041506485021	-1732.206789434717
15.43636508037466	-1847.48464061807
15.46857951224722	-1970.434198812966
15.50079394411979	-2101.566013812471
15.53300837599235	-2241.424612508334
15.56522280786492	-2390.590759709282
15.59743723973748	-2549.683870028624
15.62965167161004	-2719.36457993678
15.66186610348261	-2900.337491065661
15.69408053535517	-3093.354096077739
15.72629496722774	-3299.215899250533
15.7585093991003	-3518.777744734816
15.79072383097287	-3752.951366307567
15.82293826284543	-4002.709173342813
15.85515269471799	-4269.088288823691
15.88736712659056	-4553.194855910637
15.91958155846312	-4856.208631282238
15.95179599033569	-5179.387884076527
15.98401042220825	-5524.07462087228
16.01622485408081	-5891.700158392134
16.04843928595338	-6283.791067069403
16.08065371782594	-6701.975510171994
16.11286814969851	-7147.99000503586
16.14508258157107	-7623.686631937243
16.17729701344363	-8131.040729790288
16.2095114453162	-8672.159093285267
16.24172587718876	-9249.288724346561
16.27394030906133	-9864.826162214706
16.30615474093389	-10521.32743510972
16.33836917280646	-11221.51867417619
16.37058360467902	-11968.30743378306
16.40279803655158	-12764.79476518509
16.43501246842415	-13614.28809368392
16.46722690029671	-14520.31495275828
16.49944133216928	-15486.6376322051
16.53165576404184	-16517.26880109274
16.5638701959144	-17616.48817043567
16.59608462778697	-18788.86026475338
16.62829905965953	-20039.25337632791
16.6605134915321	-21372.85978085653
16.69272792340466	-22795.21729845326
16.72494235527722	-24312.23228952942
16.75715678714979	-25930.20418103863
16.78937121902235	-27655.85162492743
16.82158565089492	-29496.34039749266
16.85380008276748	-31459.31315528948
16.88601451464005	-33552.92117142623
16.91822894651261	-35785.8581838348
16.95044337838517	-38167.3964961435
16.98265781025774	-40707.42548105322
17.0148722421303	-43416.49264610458
17.04708667400287	-46305.84743235538
17.07930110587543	-49387.48792785175
17.11151553774799	-52674.21068993099
17.14372996962056	-56179.66388286019
17.17594440149312	-59918.403952398
17.20815883336569	-63905.95607142978
17.24037326523825	-68158.87860853097
17.27258769711081	-72694.83188685673
17.30480212898338	-77532.65151892325
17.33701656085594	-82692.42662188564
17.36923099272851	-88195.58323833345
17.40144542460107	-94064.9733112885
17.43365985647364	-100324.9695397625
17.4658742883462	-107001.5666870914
17.49808872021876	-114122.4894074075
17.53030315209133	-121717.3074433603
17.56251758396389	-129817.5583360445
17.59473201583646	-138456.8785857646
17.62694644770902	-147671.1430403729
17.65916087958158	-157498.6140764843
17.69137531145415	-167980.1004123036
17.72358974332671	-179159.1265734836
17.75580417519928	-191082.1136076422
17.78801860707184	-203798.5719240423
17.82023303894441	-217361.3065442448
17.85244747081697	-231826.6377540746
17.88466190268953	-247254.6321334133
17.9168763345621	-263709.3550032728
17.94909076643466	-281259.1348322932
17.98130519830723	-299976.847336462
18.01351963017979	-319940.2180904129
18.04573406205235	-341232.1452832048
18.07794849392492	-363941.0439590024
18.11016292579748	-388161.2131411772
18.14237735767005	-413993.2274423121
18.17459178954261	-441544.3546799537
18.20680622141517	-470929.0013132904
18.23902065328774	-502269.1875176522
18.2712350851603	-535695.0538750582
18.30344951703287	-571345.4017849242
18.33566394890543	-609368.2698388621
18.367878380778	-649921.5485531422
18.40009281265056	-693173.6360134038
18.43230724452312	-739304.1371419473
18.46452167639569	-788504.6095219307
18.49673610826825	-840979.3588352291
18.52895054014082	-896946.2872466131
18.56116497201338	-956637.7982457355
18.59337940388594	-1020301.76170596
18.62559383575851	-1088202.543167746
18.65780826763107	-1160622.101620379
18.69002269950364	-1237861.160340812
18.7222371313762	-1320240.455730429
18.75445156324876	-1408102.0688611
18.78666599512133	-1501810.846441146
18.81888042699389	-1601755.915540679
18.85109485886646	-1708352.299521615
18.88330929073902	-1822042.641428252
18.91552372261159	-1943299.042068783
18.94773815448415	-2072625.020421094
18.97995258635671	-2210557.604502518
19.01216701822928	-2357669.561386565
19.04438145010184	-2514571.775635384
19.07659588197441	-2681915.785971235
19.10881031384697	-2860396.490853651
19.14102474571953	-3050755.034020759
19.1732391775921	-3253781.882107969
19.20545360946466	-3470320.107072229
19.23766804133723	-3701268.887060581
19.26988247320979	-3947587.240260801
19.30209690508235	-4210298.007238247
19.33431133695492	-4490492.098296481
19.36652576882748	-4789333.023786973
19.39874020070005	-5108061.724500575
19.43095463257261	-5448001.726240184
19.46316906444518	-5810564.634804712
19.49538349631774	-6197255.997908935
19.5275979281903	-6609681.556929562
19.55981236006287	-7049553.914507916
19.59202679193543	-7518699.644121442
19.624241223808	-8019066.982757024
19.65645565568056	-8552733.44641944
19.68867008755312	-9121915.326278903
19.72088451942569	-9728976.102621509
19.75309895129825	-10376436.59465926
19.78531338317082	-11066985.39155065
19.81752781504338	-11803490.00726874
19.84974224691594	-12589008.78799557
19.88195667878851	-13426803.61194809
19.91417111066107	-14320353.43437609
19.94638554253364	-15273368.73397359
19.9785999744062	-16289806.92069714
20.01081440627877	-17373888.76849144
20.04302883815133	-18530115.94401257
20.07524327002389	-19763289.69707692
20.10745770189646	-21078530.79971812
20.13967213376902	-22481300.8098355
20.17188656564159	-23977424.75039368
20.20410099751415	-25573115.29791354
20.23631542938671	-27274998.58070163
20.26852986125928	-29090141.69394034
20.30074429313184	-31026082.04589885
20.33295872500441	-33090858.65125354
20.36517315687697	-35293045.53562456
20.39738758874953	-37641787.30761605
20.4296020206221	-40146837.15181995
20.46181645249466	-42818597.32439745
20.49403088436723	-45668162.3486041
20.52624531623979	-48707365.08496251
20.55845974811236	-51948825.867392
20.59067417998492	-55406004.90933689
20.62288861185748	-59093258.1975013
20.65510304373005	-63025897.11440479
20.68731747560261	-67220251.9834338
20.71953190747518	-71693739.93215163
20.75174633934774	-76464937.18450002
20.7839607712203	-81553656.20648494
20.81617520309287	-86981027.97757633
20.84838963496543	-92769589.73706761
20.880604066838	-98943378.56940654
20.91281849871056	-105528031.2158681
20.94503293058312	-112550890.5204555
20.97724736245569	-120041119.3538265
21.00946179432825	-128029820.4813181
21.04167622620082	-136550167.3144159
21.07389065807338	-145637540.717614
21.10610508994595	-155329676.1414418
21.13831952181851	-165666820.3194543
21.17053395369107	-176691898.3933777
21.20274838556364	-188450692.1603715
21.2349628174362	-200992030.1825906
21.26717724930877	-214367990.5484946
21.29939168118133	-228634117.0968739
21.33160611305389	-243849650.18701
21.36382054492646	-260077772.5138091
21.39603497679902	-277385871.5914998
21.42824940867159	-295845819.5532813
21.46046384054415	-315534271.6013281
21.49267827241671	-336532984.318515
21.52489270428928	-358929155.1635998
21.55710713616184	-382815784.5596418
21.58932156803441	-408292062.0790781
21.62153599990697	-435463778.2907605
21.65375043177954	-464443764.1987844
21.6859648636521	-495352359.5726751
21.71817929552466	-528317912.7785202
21.75039372739723	-563477313.7073233
21.78260815926979	-600976562.1828742
21.81482259114236	-640971374.1370496
21.84703702301492	-683627827.8359758
21.87925145488748	-729123050.4224371
21.91146588676005	-777646079.8097204
21.94368031863261	-829398097.9903436
21.97589475050518	-884594297.0277225
22.00810918237774	-943463787.0074885
22.0403236142503	-1006251024.556292
22.07253804612287	-1073216735.357038
22.10475247799543	-1144639002.46342
22.136966909868	-1220814360.249149
22.16918134174056	-1302059206.583955
22.20139577361313	-1388710865.299024
22.23361020548569	-1481129165.166136
22.26582463735825	-1579697887.405526
22.29803906923082	-1684826315.766776
22.33025350110338	-1796951009.698131
22.36246793297595	-1916537568.204733
22.39468236484851	-2044082574.421615
22.42689679672107	-2180115625.695844
22.45911122859364	-2325201745.328118
22.4913256604662	-2479943226.751709
22.52354009233877	-2644982714.089018
22.55575452421133	-2821005531.796322
22.58796895608389	-3008742598.619625
22.62018338795646	-3208973533.082793
22.65239781982902	-3422529777.783103
22.68461225170159	-3650298128.34156
22.71682668357415	-3893224396.43759
22.74904111544672	-4152317337.366135
22.78125554731928	-4428652839.036139
22.81346997919184	-4723378389.913209
22.84568441106441	-5037717844.824574
22.87789884293697	-5372976510.01451
22.91011327480954	-5730546428.65058
22.9423277066821	-6111912598.981299
22.97454213855466	-6518658573.928833
23.00675657042723	-6952473371.536633
23.03897100229979	-7415158413.268915
23.07118543417236	-7908635004.246555
23.10339986604492	-8434952311.097686
23.13561429791748	-8996295870.237688
23.16782872979005	-9594996660.914644
23.20004316166261	-10233540776.66991
23.23225759353518	-10914580170.76798
23.26447202540774	-11640942289.73683
23.29668645728031	-12415643604.95426
23.32890088915287	-13241901082.08466
23.36111532102543	-14123145781.20374
23.393329752898	-15063037115.00034
23.42554418477056	-16065478085.21327
23.45775861664313	-17134631744.99023
23.48997304851569	-18274949657.82534
23.52218748038825	-19491123517.4812
23.55440191226082	-20788256059.73043
23.58661634413338	-22171708956.18994
23.61883077600595	-23647233508.40336
23.65104520787851	-25220941121.17433
23.68325963975107	-26899389465.61916
23.71547407162364	-28689536475.26171
23.7476885034962	-30598816957.58539
23.77990293536877	-32635159390.29881
23.81211736724133	-34807019761.91753
23.8443317991139	-37123416772.74076
23.87654623098646	-39593969213.1264
23.90876066285902	-42228936294.70054
23.94097509473159	-45039259648.48012
23.97318952660415	-48036609183.91692
24.00540395847672	-51233431438.92671
24.03761839034928	-54643001264.44877
24.06983282222184	-58279476948.54034
24.10204725409441	-62157959008.91606
24.13426168596697	-66294552898.09219
24.16647611783954	-70706435881.52306
24.1986905497121	-75411928459.49771
24.23090498158466	-80430570064.83499
24.26311941345723	-85783200768.80031
24.29533384532979	-91492047446.66176
24.32754827720236	-97580816165.92937
24.35976270907492	-104074790626.2339
24.39197714094749	-111000937150.3608
24.42419157282005	-118388016662.4319
24.45640600469261	-126266704118.213
24.48862043656518	-134669715883.493
24.52083486843774	-143631945915.5232
24.55304930031031	-153190609380.189
24.58526373218287	-163385399036.0098
24.61747816405543	-174258648884.1005
24.649692595928	-185855510237.2918
24.68190702780056	-198224139209.018
24.71412145967313	-211415896677.1765
24.74633589154569	-225485561549.9877
24.77855032341825	-240491558209.8359
24.81076475529082	-256496199046.1595
24.84297918716338	-273565948050.7505
24.87519361903595	-291771680898.6841
24.90740805090851	-311188999971.7474
24.93962248278108	-331898536178.1837
24.97183691465364	-353986287433.6353
25.0040513465262	-377543947689.2478
25.03626577839877	-402669401444.3878
25.06848021027133	-429466932046.5675
25.1006946421439	-458047829442.715
25.13290907401646	-488530776791.8388
25.16512350588902	-521042364094.0153
25.19733793776159	-555717576672.5895
25.22955236963415	-592700414101.6791
25.26176680150672	-632144448164.5848
25.29398123337928	-674213470816.1836
25.32619566525184	-719082174335.6316
25.35841009712441	-766936876743.8885
25.39062452899697	-817976295498.1962
25.42283896086954	-872412372676.8235
25.4550533927421	-930471155080.7039
25.48726782461467	-992393745799.0288
25.51948225648723	-1058437254974.211
25.55169668835979	-1128875939890.4
25.58391112023236	-1204002297877.832
25.61612555210492	-1284128291650.834
25.64833998397749	-1369586644529.992
25.68055441585005	-1460732221634.91
25.71276884772261	-1557943502394.617
25.74498327959518	-1661624149156.074
25.77719771146774	-1772204672423.505
25.80941214334031	-1890143891815.401
25.84162657521287	-2015940816640.573
25.87384100708543	-2150093786454.021
25.906055438958	-2293181534752.267
25.93826987083056	-2445791965423.944
25.97048430270313	-2608558641915.441
26.00269873457569	-2782157422517.138
26.03491316644826	-2967309167779.121
26.06712759832082	-3164782718558.981
26.09934203019338	-3375398084678.797
26.13155646206595	-3600030141747.534
26.16377089393851	-3839611108560.443
26.19598532581108	-4095136104630.285
26.22819975768364	-4367666185896.842
26.2604141895562	-4658332986231.308
26.29262862142877	-4968343146516.854
26.32484305330133	-5298987906270.287
26.3570574851739	-5651632436429.509
26.38927191704646	-6027746685928.176
26.42148634891903	-6428891360037.186
26.45370078079159	-6856731614219.62
26.48591521266415	-7313045181196.753
26.51812964453672	-7799726280267.65
26.55034407640928	-8318795858162.386
26.58255850828185	-8872409354284.408
26.61477294015441	-9462865651051.059
26.64698737202697	-10092616619865.46
26.67920180389954	-10764277302354.04
26.7114162357721	-11480636769146.15
26.74363066764467	-12244669701285.25
26.77584509951723	-13059548504900.63
26.80805953138979	-13928657428053.31
26.84027396326236	-14855605235434.51
26.87248839513492	-15844241076518.88
26.90470282700749	-16898670257854.88
26.93691725888005	-18023271289327.89
26.96913169075262	-19222714064426.04
27.00134612262518	-20501979249738.23
27.03356055449774	-21866378963738.24
27.06577498637031	-23321578829914.87
27.09798941824287	-24873624679052.73
27.13020385011544	-26528955785372.42
27.162418281988	-28294447906908.91
27.19463271386056	-30177431471671.05
27.22684714573313	-32185723509869.32
27.25906157760569	-34327655981730.62
27.29127600947826	-36612061798190.49
27.32349044135082	-39048924186109.51
27.35570487322338	-41647478855955.47
27.38791930509595	-44419080102127.59
27.42013373696851	-47375121135873.86
27.45234816884108	-50527925454083.16
27.48456260071364	-53890547605957.36
27.51677703258621	-57476950977265.8
27.54899146445877	-61302028181472.55
27.58120589633133	-65381662911170.97
27.6134203282039	-69732795900467.52
27.64563476007646	-74373495274412.42
27.67784919194903	-79323031578660.41
27.71006362382159	-84601957801473.42
27.74227805569415	-90232200800222.97
27.77449248756672	-96237127626375.52
27.80670691943928	-102641679680659.7
27.83892135131185	-109472451893915.2
27.87113578318441	-116757809101546.6
27.90335021505697	-124528003835787.2
27.93556464692954	-132815301958248.1
27.9677790788021	-141654116654728.8
27.99999351067467	-151081151349167.5
28.03220794254723	-161135552130607.4
28.0644223744198	-171859084337200.7
28.09663680629236	-183296250773115.2
28.12885123816492	-195494556484300.9
28.16106567003749	-208504655130240.4
28.19328010191005	-222380571429723.5
28.22549453378262	-237179925545201.2
28.25770896565518	-252964172425929.4
28.28992339752774	-269798857125898.4
28.32213782940031	-287753887200511.1
28.35435226127287	-306903823405744.9
28.38656669314544	-327328306653678.8
28.418781125018	-349111960442875.6
28.45099555689056	-372345336051249
28.48320998876313	-397124928344857.9
28.51542442063569	-423553669397379.4
28.54763885250826	-451741380161019.8
28.57985328438082	-481805310782784
28.61206771625339	-513871066088709
28.64428214812595	-548079687993065.2
28.67649657999851	-584525616626378.1
28.70871101187108	-623438041439310.2
28.74092544374364	-664927441776785.8
28.77313987561621	-709177982279354.6
28.80535430748877	-756373414953443.4
28.83756873936133	-806709721872398.8
28.8697831712339	-860395928706104.6
28.90199760310646	-917654972554516.2
28.93421203497903	-978724627628135
28.96642646685159	-1043858492588218
28.99864089872415	-1113327043629404
29.03085533059672	-1187418501635692
29.06306976246928	-1266441066361110
29.09528419434185	-1350722646235608
29.12749862621441	-1440613233881754
29.15971305808698	-1536486113474408
29.19192748995954	-1638739410490453
29.2241419218321	-1747797744491784
29.25635635370467	-1864113991764838
29.28857078557723	-1988171165081172
29.3207852174498	-2120484418310064
29.35299964932236	-2261600125474045
29.38521408119492	-2412109888235514
29.41742851306749	-2572636427074318
29.44964294494005	-2743846625058333
29.48185737681262	-2926452033180050
29.51407180868518	-3121212341980896
29.54628624055774	-3328940640506512
29.57850067243031	-3550522085982761
29.61071510430287	-3784683730057074
29.64292953617544	-4038641139216374
29.675143968048	-4307476497241266
29.70735839992057	-4594142287032294
29.73957283179313	-4899884061330893
29.77178726366569	-5225972034298649
29.80400169553826	-5573760576758419
29.83621612741082	-5944694038195777
29.86843055928339	-6340312816053454
29.90064499115595	-6762259782553162
29.93285942302851	-7212287121116027
29.96507385490108	-7692263609775187
29.99728828677364	-8204163864486115
30.02950271864621	-8750149745980004
30.06171715051877	-9332472579400296
30.09393158239133	-9953551480315258
30.1261460142639	-1.061596763048674e+16
30.15836044613646	-1.132247762001633e+16
30.19057487800903	-1.207604141485256e+16
30.22278930988159	-1.28805893325828e+16
30.25500374175416	-1.373655761223088e+16
30.28721817362672	-1.465082519128574e+16
30.31943260549928	-1.562596181785486e+16
30.35164703737185	-1.666586704834055e+16
30.38386146924441	-1.77749780714535e+16
30.41607590111698	-1.89579006655917e+16
30.44829033298954	-2.021954718406155e+16
30.4805047648621	-2.156515698643697e+16
30.51271919673467	-2.300031824636838e+16
30.54493362860723	-2.453099123967979e+16
30.5771480604798	-2.616353323473897e+16
30.60936249235236	-2.790472513951078e+16
30.64157692422492	-2.976169087656419e+16
30.67379135609749	-3.174231782729376e+16
30.70600578797005	-3.385476133668436e+16
30.73822021984262	-3.610780987275542e+16
30.77043465171518	-3.851092048654191e+16
30.80264908358775	-4.107206094501344e+16
30.83486351546031	-4.380660056862872e+16
30.86707794733287	-4.672199426891842e+16
30.89929237920544	-4.983133110910756e+16
30.931506811078	-5.314756696767518e+16
30.96372124295057	-5.668513289361206e+16
30.99593567482313	-6.045729521199009e+16
31.02815010669569	-6.448047612336573e+16
31.06036453856826	-6.877138384522218e+16
31.09257897044082	-7.334783926219862e+16
31.12479340231339	-7.82288500746519e+16
31.15700783418595	-8.343468989286173e+16
31.18922226605851	-8.898698260713443e+16
31.22143669793108	-9.490879238606686e+16
31.25365112980364	-1.012247196788244e+17
31.28586556167621	-1.079616870015713e+17
31.31807999354877	-1.15146376758321e+17
31.35029442542134	-1.228091880524544e+17
31.3825088572939	-1.309819151126529e+17
31.41472328916646	-1.396984439500361e+17
31.44693772103903	-1.489948601230242e+17
31.47915215291159	-1.589095000221534e+17
31.51136658478416	-1.694827192054284e+17
31.54358101665672	-1.807543881314573e+17
31.57579544852928	-1.922326669618041e+17
31.60800988040185	-2.05651070809376e+17
31.64022431227441	-2.193274531953572e+17
31.67243874414698	-2.339207972395353e+17
31.70465317601954	-2.494871272318664e+17
31.7368676078921	-2.660902100342626e+17
31.76908203976467	-2.837987191784863e+17
31.80129647163723	-3.026860895128938e+17
31.8335109035098	-3.228307161019913e+17
31.86572533538236	-3.443162448797156e+17
31.89793976725493	-3.672319062759309e+17
31.93015419912749	-3.916728796886756e+17
31.96236863100005	-4.177406858423324e+17
31.99458306287262	-4.455436069509421e+17
32.02679749474518	-4.751971357030272e+17
32.05901192661774	-5.068244545949291e+17
32.0912263584903	-5.40556947436153e+17
32.12344079036286	-5.765347450636722e+17
32.15565522223542	-6.149073074843313e+17
32.18786965410798	-6.558340448362995e+17
32.22008408598055	-6.994849797340562e+17
