0
200	1.0219978922	100000000000000.1
5	0	0	1
5	0	0	0
0.102295509034181	2.407678823423339e-05
0.2633676683970003	3.330169349869219e-05
0.4244398277598197	4.562028243171615e-05
0.5855119871226391	6.192080095773131e-05
0.7465841464854585	8.330652546952531e-05
0.9076563058482778	0.0001111410016170923
1.068728465211097	0.000147102621966675
1.229800624573916	0.0001932505569155499
1.390872783936736	0.0002521044354426816
1.551944943299555	0.0003267406256797182
1.713017102662374	0.0004209085076630974
1.874089262025193	0.0005391707817682069
2.035161421388013	0.0006870726385691956
2.196233580750832	0.000871345554888911
2.357305740113651	0.001100152606584263
2.518377899476471	0.001383383536542005
2.67945005883929	0.001733009428467138
2.840522218202109	0.002163508763386761
3.001594377564929	0.002692378936042052
3.162666536927748	0.003340750053642473
3.323738696290567	0.004134121114591859
3.484810855653386	0.005103242570751105
3.645883015016206	0.006285173933809492
3.806955174379025	0.00772455063748308
3.968027333741844	0.009475100982779882
4.129099493104664	0.01160146187594236
4.290171652467484	0.01418135145866734
4.451243811830303	0.01730816791406874
4.612315971193123	0.01634279724325925
4.773388130555943	0.004004103989325064
4.934460289918762	0.002237859703617127
5.095532449281582	0.001423837706856139
5.256604608644402	0.0009575349803559326
5.417676768007222	0.0006628371109659977
5.578748927370041	0.0004665085419300173
5.739821086732861	0.0003316495751895366
5.900893246095681	0.0002372737875474478
6.0619654054585	0.0001704513303805117
6.22303756482132	0.0001227799664206872
6.38410972418414	8.860225349271097e-05
6.54518188354696	6.40176302050517e-05
6.706254042909779	4.629392377492928e-05
6.867326202272599	3.349690258412556e-05
7.028398361635419	2.42473484262777e-05
7.189470520998238	1.755696912024447e-05
7.350542680361058	1.27152104140295e-05
7.511614839723878	9.210016945551236e-06
7.672686999086697	6.671784608886322e-06
7.833759158449517	4.83343064402616e-06
7.994831317812337	3.501803406668218e-06
8.155903477175157	2.537139581540137e-06
8.316975636537975	1.838267373839561e-06
8.478047795900794	1.331930057137687e-06
8.639119955263613	9.650731207364011e-07
8.800192114626432	6.992675661779216e-07
8.961264273989251	5.066752578472649e-07
9.12233643335207	3.671286521438749e-07
9.283408592714888	2.66016455053948e-07
9.444480752077707	1.927524503579412e-07
9.605552911440526	1.396664740835615e-07
9.766625070803345	1.012010572867404e-07
9.927697230166164	7.332944154637592e-08
10.08876938952898	5.313394098114774e-08
10.2498415488918	3.850045966783286e-08
10.41091370825462	2.789715849813456e-08
10.57198586761744	2.021408780220785e-08
10.73305802698026	1.464699099309049e-08
10.89413018634308	1.061311195561841e-08
11.0552023457059	7.690190942025134e-09
11.21627450506871	5.572262081618952e-09
11.37734666443153	4.037624902564863e-09
11.53841882379435	2.925636892037231e-09
11.69949098315717	2.119897633692323e-09
11.86056314251999	1.536064193629278e-09
12.02163530188281	1.113022254469127e-09
12.18270746124563	8.06488789975028e-10
12.34377962060845	5.843766115465671e-10
12.50485177997126	4.234355522096709e-10
12.66592393933408	3.068186920859344e-10
12.8269960986969	2.223188620155386e-10
12.98806825805972	1.610908259292912e-10
13.14914041742254	1.167253826571268e-10
13.31021257678536	8.457846617831775e-11
13.47128473614818	6.128501602925129e-11
13.632356895511	4.440673095335902e-11
13.79342905487382	3.217683346776564e-11
13.95450121423663	2.331512791241046e-11
14.11557337359945	1.689399269957136e-11
14.27664553296227	1.224127915803872e-11
14.43771769232509	8.869952657614854e-12
14.59878985168791	6.427111018380794e-12
14.75986201105073	4.657043576164866e-12
14.92093417041355	3.374464018052036e-12
15.08200632977637	2.445115065639054e-12
15.24307848913918	1.771714753037281e-12
15.404150648502	1.283773189359093e-12
15.56522280786482	9.302138501283603e-13
15.72629496722764	6.740270120515823e-13
15.88736712659046	4.883956661295634e-13
16.04843928595328	3.538883789991913e-13
16.2095114453161	2.564252582003376e-13
16.37058360467892	1.8580410362973e-13
16.53165576404174	1.346324662667259e-13
16.69272792340456	9.755382479974773e-14
16.85380008276738	7.068687811562671e-14
17.0148722421302	5.121926021994623e-14
17.17594440149302	3.711314868105336e-14
17.33701656085584	2.68919503959227e-14
17.49808872021866	1.948573542740556e-14
17.65916087958148	1.411923938230311e-14
17.82023303894431	1.023071063943115e-14
17.98130519830713	7.413107558921716e-15
18.14237735766995	5.371490370924184e-15
18.30344951703277	3.892147599937441e-15
18.46452167639559	2.820225281417203e-15
18.62559383575841	2.043517218632605e-15
18.78666599512123	1.48071951972102e-15
18.94773815448405	1.072919902434513e-15
19.10881031384687	7.77430905793227e-16
19.26988247320969	5.633214667607889e-16
19.43095463257251	4.081791353492467e-16
19.59202679193533	2.957639935318225e-16
19.75309895129815	2.14308699719733e-16
19.91417111066097	1.552867145772085e-16
20.07524327002379	1.125197610425273e-16
20.23631542938661	8.153109999133401e-17
20.39738758874944	5.907691400023948e-17
20.55845974811226	4.280675450714857e-17
20.71953190747508	3.101750075806077e-17
20.8806040668379	2.2475082831349e-17
21.04167622620072	1.628530141222384e-17
21.20274838556354	1.180022536117354e-17
21.36382054492636	8.55036787474868e-18
21.52489270428918	6.195541928383242e-18
21.685964863652	4.489250089080568e-18
21.84703702301482	3.252881942359681e-18
22.00810918237764	2.357017468185922e-18
22.16918134174046	1.707879795949097e-18
22.33025350110328	1.237518793064507e-18
22.4913256604661	8.966982012956042e-19
22.65239781982892	6.497417987972353e-19
22.81346997919174	4.707987492797789e-19
22.97454213855456	3.411377657648431e-19
23.13561429791739	2.471862498036182e-19
23.29668645728021	1.791095746912197e-19
23.45775861664303	1.297816498140687e-19
23.61883077600585	9.403895815259394e-20
23.77990293536867	6.814002803751929e-20
23.94097509473149	4.937383000927886e-20
24.10204725409431	3.577595957028373e-20
24.26311941345713	2.592303362169214e-20
24.42419157281995	1.878366283001747e-20
24.58526373218277	1.361052257675469e-20
24.74633589154559	9.86209906356428e-21
24.90740805090841	7.146012514952139e-21
25.06848021027123	5.177955942379168e-21
25.22955236963405	3.751913133942746e-21
25.39062452899687	2.718612686791972e-21
25.55169668835969	1.969889573638911e-21
25.71276884772251	1.427369191762393e-21
25.87384100708534	1.034262687617433e-21
26.03491316644816	7.494199665693066e-22
26.19598532581098	5.430248376354977e-22
26.3570574851738	3.934725119553689e-22
26.51812964453662	2.851075455357173e-22
26.67920180389944	2.065870914332093e-22
26.84027396326226	1.496916303389039e-22
27.00134612262508	1.08465723961146e-22
27.1624182819879	7.859360344022831e-23
27.32349044135072	5.694831650094528e-23
27.48456260071354	4.126446008310353e-23
27.64563476007636	2.989995675983464e-23
27.80670691943918	2.166528052975926e-23
27.967779078802	1.569857396409123e-23
28.12885123816482	1.137506417565028e-23
28.28992339752764	8.24231873888088e-24
28.45099555689047	5.972328756234879e-24
28.61206771625329	4.327518007562424e-24
28.77313987561611	3.135691989054673e-24
28.93421203497893	2.272101218124948e-24
29.09528419434175	1.646344656676053e-24
29.25635635370457	1.192935386343881e-24
29.41742851306739	8.643974247149674e-25
29.57850067243021	6.263246606265425e-25
29.73957283179303	4.538393208556184e-25
29.90064499115585	3.288428904689935e-25
30.06171715051867	2.382768619900722e-25
30.22278930988149	1.72659030951879e-25
30.38386146924431	1.251071720423878e-25
30.54493362860713	9.065188390032211e-26
30.70600578796995	6.56870117597472e-26
30.86707794733277	4.759471756045731e-26
31.02815010669559	3.448559049517188e-26
31.18922226605842	2.499043532436969e-26
31.35029442542124	1.810717752326107e-26
31.51136658478406	1.311974300371042e-26
31.67243874414688	9.506840235145692e-27
31.8335109035097	6.888381267053278e-27
31.99458306287252	4.991627834065956e-27
32.15565522223534	3.617176002941648e-27
