0
200	1.0219978922	100000000000000.1
5	0	0	1
5	0	0	0
0.102295509034181	4.190104323612668e-09
0.2633676683970003	4.935594161653941e-09
0.4244398277598197	5.811408725764509e-09
0.5855119871226391	6.840319528315074e-09
0.7465841464854585	8.049078642208649e-09
0.9076563058482778	9.469114264969188e-09
1.068728465211097	1.113734786385198e-08
1.229800624573916	1.309715414806013e-08
1.390872783936736	1.539948882771061e-08
1.551944943299555	1.810421348171238e-08
1.713017102662374	2.128165198162659e-08
1.874089262025193	2.501441893912211e-08
2.035161421388013	2.939956771735673e-08
2.196233580750832	3.455111385539867e-08
2.357305740113651	4.060299951568481e-08
2.518377899476471	4.771257603127853e-08
2.67945005883929	5.60646951004839e-08
2.840522218202109	6.587651500143376e-08
3.001594377564929	7.740314679006304e-08
3.162666536927748	9.094428728476585e-08
3.323738696290567	1.068520112978646e-07
3.484810855653386	1.255399257148781e-07
3.645883015016206	1.47493923431138e-07
3.806955174379025	1.732848167522034e-07
3.968027333741844	2.035831787312961e-07
4.129099493104664	2.391767783241873e-07
4.290171652467484	2.809910626822041e-07
4.451243811830303	3.301132191307791e-07
4.612315971193123	3.878204424541525e-07
4.773388130555943	4.556131424464013e-07
4.934460289918762	5.352539551377718e-07
5.095532449281582	6.288135720030687e-07
5.256604608644402	7.387245787289766e-07
5.417676768007222	8.678447033687805e-07
5.578748927370041	1.019531118360605e-06
5.739821086732861	1.19772772828996e-06
5.900893246095681	1.407067712911676e-06
6.0619654054585	1.652993991588865e-06
6.22303756482132	1.941900741270231e-06
6.38410972418414	2.281299647527055e-06
6.54518188354696	2.680015211240154e-06
6.706254042909779	3.148414188985104e-06
6.867326202272599	3.698675132653162e-06
7.028398361635419	4.345105036440724e-06
7.189470520998238	5.104511324149684e-06
7.350542680361058	5.996638848610288e-06
7.511614839723878	7.044683265377909e-06
7.672686999086697	8.275894128615529e-06
7.833759158449517	9.722283389884624e-06
7.994831317812337	1.1421457721083e-05
8.155903477175157	1.341759630224307e-05
8.316975636537975	1.576259949704586e-05
8.478047795900794	1.851743828205193e-05
8.639119955263613	2.175373951532311e-05
8.800192114626432	2.555564826202343e-05
8.961264273989251	3.002201559817451e-05
9.12233643335207	3.526896877629645e-05
9.283408592714888	4.143293057822017e-05
9.444480752077707	4.867416635939513e-05
9.605552911440526	5.718095100919541e-05
9.766625070803345	6.717446416978009e-05
9.927697230166164	7.891454099106368e-05
10.08876938952898	9.270642794361639e-05
10.2498415488918	0.0001089087193432042
10.41091370825462	0.0001279426809396313
10.57198586761744	0.0001503032029867453
10.73305802698026	0.0001765716675776015
10.89413018634308	0.0002074310648004015
11.0552023457059	0.0002436837507410186
11.21627450506871	0.0002862723090469468
11.37734666443153	0.0003363040584612795
11.53841882379435	0.00039507984353194
11.69949098315717	0.0004641278570655797
11.86056314251999	0.0005452433737228214
12.02163530188281	0.0006405354278434768
12.18270746124563	0.0007524816491429637
12.34377962060845	0.0008839926820289409
12.50485177997126	0.00103848786346492
12.66592393933408	0.001219984127034157
12.8269960986969	0.001433200444743357
12.98806825805972	0.001683680522092871
13.14914041742254	0.00197793693653198
13.31021257678536	0.002323620466953998
13.47128473614818	0.00272971901686261
13.632356895511	0.003206791303287551
13.79342905487382	0.003767241387450473
13.95450121423663	0.00442564118508291
14.11557337359945	0.005199109341787509
14.27664553296227	0.006107756324346269
14.43771769232509	0.007175207300519379
14.59878985168791	0.00842921640240867
14.75986201105073	0.009902388344467173
14.92093417041355	0.01163302615849799
15.08200632977637	0.0136661270870754
15.24307848913918	0.01605455252899676
15.404150648502	0.01886040245579247
15.56522280786482	0.02215663003464721
15.72629496722764	0.02602893843854344
15.88736712659046	0.03057800916141356
16.04843928595328	0.0359221197753441
16.2095114453161	0.04220021919251617
16.37058360467892	0.04957554038986443
16.53165576404174	0.05823984452867283
16.69272792340456	0.06841840681783298
16.85380008276738	0.08037587375510991
17.0148722421302	0.09442314403691986
17.17594440149302	0.1109254520428961
17.33701656085584	0.1303118640689213
17.49808872021866	0.1530864342143039
17.65916087958148	0.1798413099804153
17.82023303894431	0.2112721283313463
17.98130519830713	0.2481961025200256
18.14237735766995	0.2915732699441717
18.30344951703277	0.3425314534844278
18.46452167639559	0.4023955853289831
18.62559383575841	0.4727221557152927
18.78666599512123	0.5553396822693064
18.94773815448405	0.6523962521604493
19.10881031384687	0.7664153731864899
19.26988247320969	0.9003615859377951
19.43095463257251	1.05771754298223
19.59202679193533	1.242574559158889
19.75309895129815	1.459738987322784
19.91417111066097	1.714857185350405
20.07524327002379	2.014562323595882
20.23631542938661	2.366646849847575
20.39738758874944	2.780265095939657
20.55845974811226	3.266171293867795
20.71953190747508	3.836999189918631
20.8806040668379	4.50759052688695
21.04167622620072	5.295380935043368
21.20274838556354	6.220853265164705
21.36382054492636	7.308070150458598
21.52489270428918	8.585299644195244
21.685964863652	10.08575019986316
21.84703702301482	11.84843410361302
22.00810918237764	13.91918180856205
22.16918134174046	16.35183354403748
22.33025350110328	19.20963918205326
22.4913256604661	22.56690275808202
22.65239781982892	26.51091440428872
22.81346997919174	31.14421992622635
22.97454213855456	36.58728703285237
23.13561429791739	42.98163754286242
23.29668645728021	50.49352700589914
23.45775861664303	59.31826741018979
23.61883077600585	69.68530536865805
23.77990293536867	81.86418781828424
23.94097509473149	96.17157034316955
24.10204725409431	112.9794503403756
24.26311941345713	132.7248390939863
24.42419157281995	155.9211242350051
24.58526373218277	183.1714180153722
24.74633589154559	215.1842384563138
24.90740805090841	252.7919310868538
25.06848021027123	296.9723102447103
25.22955236963405	348.8740826216438
25.39062452899687	409.8467140751241
25.55169668835969	481.4755162548
25.71276884772251	565.6228653094271
25.87384100708534	664.4766243763401
26.03491316644816	780.6070288566457
26.19598532581098	917.0335135149643
26.3570574851738	1077.30321893378
26.51812964453662	1265.583218520119
26.67920180389944	1486.768864001876
26.84027396326226	1746.611066437973
27.00134612262508	2051.865822097106
27.1624182819879	2410.46987093491
27.32349044135072	2831.747054856874
27.48456260071354	3326.650741160459
27.64563476007636	3908.0486142583
27.80670691943918	4591.057240375787
27.967779078802	5393.435104032666
28.12885123816482	6336.044335406901
28.28992339752764	7443.393133668214
28.45099555689047	8744.272989494644
28.61206771625329	10272.50727480034
28.77313987561611	12067.83066329273
28.93421203497893	14176.92224712867
29.09528419434175	16654.61921109629
29.25635635370457	19565.34262031354
29.41742851306739	22984.77239246703
29.57850067243021	27001.81500450763
29.73957283179303	31720.91509492634
29.90064499115585	37264.77106415066
30.06171715051867	43777.52527970647
30.22278930988149	51428.51183269494
30.38386146924431	60416.65928868088
30.54493362860713	70975.66290619379
30.70600578796995	83380.06080249185
30.86707794733277	97952.37204921615
31.02815010669559	115071.4822911393
31.18922226605842	135182.4949172934
31.35029442542124	158808.3039186781
31.51136658478406	186563.1893312611
31.67243874414688	219168.7887509659
31.8335109035097	257472.8601861258
31.99458306287252	302471.3240887143
32.15565522223534	355334.1576655618
