0
1000	1.0219978922	100000000000000.1
5	0	0	1
5	0	0	0
0.03786664528905326	480.9059636107822
0.07008107716161713	1447.038406644935
0.102295509034181	2419.163371402168
0.1345099409067449	3397.563863742188
0.1667243727793087	4382.528435474976
0.1989388046518726	5374.351256052686
0.2311532365244365	6373.332196152988
0.2633676683970003	7379.776922794164
0.2955821002695642	8393.997005650399
0.3277965321421281	9416.310034263768
0.360010964014692	10447.0397458769
0.3922253958872559	11486.51616363737
0.4244398277598198	12535.07574495157
0.4566542596323837	13593.06153979139
0.4888686915049476	14660.82335878287
0.5210831233775115	15738.71795093013
0.5532975552500754	16827.10919085234
0.5855119871226393	17926.36827543446
0.6177264189952032	19036.87392981516
0.6499408508677671	20159.01262265788
0.682155282740331	21293.17879067112
0.7143697146128949	22439.77507236639
0.7465841464854588	23599.21255106058
0.7787985783580227	24771.91100715082
0.8110130102305866	25958.29917970731
0.8432274421031505	27158.81503744918
0.8754418739757144	28373.90605918599
0.9076563058482783	29604.02952382486
0.9398707377208422	30849.65281006095
0.9720851695934061	32111.25370588489
1.00429960146597	33389.31844696696
1.036514033338534	34684.34517191963
1.068728465211098	35996.85132722554
1.100942897083662	37327.35780211604
1.133157328956226	38676.39712722604
1.165371760828789	40044.52098209396
1.197586192701353	41432.29186546762
1.229800624573917	42840.27584987444
1.262015056446481	44269.06466139841
1.294229488319045	45719.26005638924
1.326443920191609	47191.47071245599
1.358658352064173	48686.33163355679
1.390872783936737	50204.48634497842
1.423087215809301	51746.59909896831
1.455301647681865	53313.35208423471
1.487516079554428	54905.42449228038
1.519730511426992	56523.54560640934
1.551944943299556	58168.42870613757
1.58415937517212	59840.83091238155
1.616373807044684	61541.50910623347
1.648588238917248	63271.25038718336
1.680802670789812	65030.85947531689
1.713017102662376	66821.15628561279
1.74523153453494	68642.99620840118
1.777445966407504	70497.23278484499
1.809660398280067	72384.76933913399
1.841874830152631	74306.50812797504
1.874089262025195	76263.38066561455
1.906303693897759	78256.35876397145
1.938518125770323	80286.41068779973
1.970732557642887	82354.55163643145
2.002946989515451	84461.81517604606
2.035161421388014	86609.25815234987
2.067375853260578	88797.97587886655
2.099590285133142	91029.0840814331
2.131804717005705	93303.73503746436
2.164019148878269	95623.11345578702
2.196233580750833	97988.40122673343
2.228448012623396	100400.8524946853
2.26066244449596	102861.7548112952
2.292876876368524	105372.35816761
2.325091308241087	107934.0657691289
2.357305740113651	110548.2267481997
2.389520171986215	113216.2524699996
2.421734603858778	115939.6210044923
2.453949035731342	118719.8005379211
2.486163467603906	121558.3239790629
2.518377899476469	124456.7683209115
2.550592331349033	127416.72684488
2.582806763221597	130439.8677724201
2.61502119509416	133527.8807191634
2.647235626966724	136682.5701855243
2.679450058839288	139905.6136998145
2.711664490711851	143198.9328410861
2.743878922584415	146564.4066906476
2.776093354456979	150003.9538107308
2.808307786329542	153519.6292483134
2.840522218202106	157113.4172188664
2.87273665007467	160787.4559262712
2.904951081947234	164543.8738049119
2.937165513819797	168384.9912833462
2.969379945692361	172312.9719949771
3.001594377564925	176330.2408470636
3.033808809437488	180439.203136313
3.066023241310052	184642.277296703
3.098237673182616	188942.0306149994
3.130452105055179	193341.1218460332
3.162666536927743	197842.1966144021
3.194880968800307	202448.0466586091
3.22709540067287	207161.4375807467
3.259309832545434	211985.3037311748
3.291524264417998	216922.7645513668
3.323738696290561	221976.7509354172
3.355953128163125	227150.4962167458
3.388167560035689	232447.1811971456
3.420381991908252	237870.252688171
3.452596423780816	243423.0548156583
3.48481085565338	249109.1654620481
3.517025287525943	254932.1825859608
3.549239719398507	260895.8609923567
3.581454151271071	267004.0051881451
3.613668583143634	273260.6102583532
3.645883015016198	279669.630557369
3.678097446888762	286235.3315809911
3.710311878761325	292961.9158532431
3.742526310633889	299853.8246586266
3.774740742506453	306915.5749128169
3.806955174379016	314151.7576234245
3.83916960625158	321567.2474725523
3.871384038124144	329166.848671887
3.903598469996707	336955.7506302017
3.935812901869271	344939.0316952852
3.968027333741835	353122.0482343579
4.000241765614398	361510.3449799977
4.032456197486963	370109.5315553803
4.064670629359527	378925.3524901066
4.096885061232091	387963.8574641299
4.129099493104655	397231.1349789618
4.161313924977219	406733.5517111392
4.193528356849783	416477.5697360931
4.225742788722347	426469.7978338784
4.257957220594911	436717.1674109715
4.290171652467476	447226.706171839
4.32238608434004	458005.5783807317
4.354600516212604	469061.4503560369
4.386814948085168	480401.8349958587
4.419029379957732	492034.6922124394
4.451243811830296	503967.98082969
4.48345824370286	516210.2487343996
4.515672675575424	528769.9852052942
4.547887107447989	541655.9887445738
4.580101539320553	554877.396261901
4.612315971193117	568443.5146849829
4.644530403065681	582363.9443514879
4.676744834938245	596648.5001888669
4.708959266810809	611307.4154185698
4.741173698683373	626351.1206616855
4.773388130555937	641790.2930427993
4.805602562428501	657636.1020231878
4.837816994301066	673899.850793378
4.87003142617363	690593.2467294238
4.902245858046194	707728.2507506551
4.934460289918758	725317.3217841905
4.966674721791322	743373.1733547151
4.998889153663886	761908.8549586551
5.03110358553645	780937.7968747944
5.063318017409014	800473.9652159753
5.095532449281579	820531.5765456178
5.127746881154143	841125.2532699766
5.159961313026707	862270.0706238118
5.192175744899271	883981.5593610893
5.224390176771835	906275.7479003539
5.256604608644399	929168.9828451752
5.288819040516963	952678.2001308727
5.321033472389527	976820.7223635148
5.353247904262092	1001614.463312849
5.385462336134656	1027077.862134902
5.41767676800722	1053229.835749466
5.449891199879784	1080089.824764987
5.482105631752348	1107677.821760063
5.514320063624912	1136014.584490654
5.546534495497476	1165121.254448979
5.57874892737004	1195019.679789424
5.610963359242604	1225732.278120182
5.643177791115169	1257282.120165583
5.675392222987733	1289693.105382083
5.707606654860297	1322989.69379988
5.739821086732861	1357196.959569711
5.772035518605425	1392340.886333507
5.804249950477989	1428448.114756807
5.836464382350553	1465546.039992744
5.868678814223117	1503662.975436702
5.900893246095682	1542827.941284892
5.933107677968246	1583070.773296129
5.96532210984081	1624422.321271966
5.997536541713374	1666914.22367563
6.029750973585938	1710578.95630824
6.061965405458502	1755450.202949544
6.094179837331066	1801562.384178366
6.12639426920363	1848951.08404828
6.158608701076195	1897652.756610618
6.190823132948759	1947705.052985032
6.223037564821323	1999146.603680933
6.255251996693887	2052017.385151585
6.287466428566451	2106358.355365029
6.319680860439015	2162211.697436754
6.351895292311579	2219620.826949155
6.384109724184143	2278630.457706535
6.416324156056707	2339286.555242439
6.448538587929272	2401636.479610416
6.480753019801836	2465729.129644539
6.5129674516744	2531614.502038497
6.545181883546964	2599344.255148308
6.577396315419528	2668971.552427433
6.609610747292092	2740551.115844202
6.641825179164656	2814139.279691825
6.67403961103722	2889793.801669471
6.706254042909785	2967574.576381184
6.738468474782349	3047542.944633086
6.770682906654913	3129762.106081732
6.802897338527477	3214297.160496931
6.835111770400041	3301215.041448386
6.867326202272605	3390584.68673961
6.899540634145169	3482477.110051244
6.931755066017733	3576965.271967202
6.963969497890298	3674124.56283465
6.996183929762862	3774032.29264824
7.028398361635426	3876768.192881649
7.06061279350799	3982414.342174242
7.092827225380554	4091055.101718999
7.125041657253118	4202777.498276277
7.157256089125682	4317671.044811551
7.189470520998246	4435827.856398028
7.22168495287081	4557342.875501216
7.253899384743375	4682313.792086641
7.286113816615939	4810841.082653561
7.318328248488503	4943028.28257049
7.350542680361067	5078982.00054303
7.382757112233631	5218811.987086762
7.414971544106195	5362631.182693967
7.447185975978759	5510555.895987628
7.479400407851323	5662705.807636393
7.511614839723888	5819204.374273669
7.543829271596452	5980178.457268558
7.576043703469016	6145758.761754156
7.60825813534158	6316079.845145216
7.640472567214144	6491280.231842751
7.672686999086708	6671502.597198919
7.704901430959272	6856893.862999247
7.737115862831836	7047605.276481005
7.769330294704401	7243792.459683553
7.801544726576965	7445615.719556165
7.833759158449529	7653240.362540876
7.865973590322093	7866836.235708308
7.898188022194657	8086578.420089358
7.930402454067221	8312647.093443871
7.962616885939785	8545227.925093098
7.994831317812349	8784512.021321526
8.027045749684913	9030696.087030133
8.059260181557477	9283982.791628029
8.091474613430041	9544580.789283136
8.123689045302605	9812704.960595474
8.155903477175169	10088576.47635508
8.188117909047733	10372423.30676197
8.220332340920297	10664480.00594851
8.252546772792861	10964988.19360019
8.284761204665426	11274196.67277954
8.31697563653799	11592361.64897435
8.349190068410554	11919746.95999349
8.381404500283118	12256624.30775006
8.413618932155682	12603273.53922269
8.445833364028246	12959982.77261224
8.47804779590081	13327048.80523117
8.510262227773374	13704777.19511474
8.542476659645938	14093482.59832162
8.574691091518503	14493489.4162213
8.606905523391067	14905131.26690284
8.639119955263631	15328751.91278799
8.671334387136195	15764705.38908133
8.703548819008759	16213356.33910833
8.735763250881323	16675080.28319046
8.767977682753887	17150263.96884512
8.800192114626451	17639305.70409627
8.832406546499016	18142615.74587692
8.86462097837158	18660616.58061574
8.896835410244144	19193743.38497674
8.929049842116708	19742444.20403028
8.961264273989272	20307180.62980061
8.993478705861836	20888428.24881537
9.0256931377344	21486676.63693787
9.057907569606964	22102430.14585939
9.090122001479529	22736208.19555096
9.122336433352093	23388545.77423552
9.154550865224657	24059993.98734055
9.186765297097221	24751120.40208437
9.218979728969785	25462509.60961311
9.251194160842349	26194763.78638715
9.283408592714913	26948503.13430519
9.315623024587477	27724366.49505452
9.347837456460041	28523011.907861
9.380051888332606	29345117.16274313
9.41226632020517	30191380.32105764
9.444480752077734	31062520.66604664
9.476695183950298	31959278.84611171
9.508909615822862	32882417.86478583
9.541124047695426	33832723.67306884
9.57333847956799	34811005.84222259
9.605552911440554	35818098.31306424
9.637767343313119	36854860.14327071
9.669981775185683	37922176.10605799
9.702196207058247	39020957.73005089
9.734410638930811	40152143.97905359
9.766625070803375	41316702.10196645
9.798839502675939	42515628.40814911
9.831053934548503	43749949.27076438
9.863268366421067	45020721.99125703
9.895482798293632	46329035.58738553
9.927697230166196	47676012.27896457
9.95991166203876	49062807.76957674
9.992126093911324	50490612.70472998
10.02434052578389	51960653.73239359
10.05655495765645	53474194.33152581
10.08876938952902	55032536.25439397
10.12098382140158	56637020.50911656
10.15319825327414	58289028.52898286
10.18541268514671	59989983.56628415
10.21762711701927	61741351.74322662
10.24984154889184	63544643.54999644
10.2820559807644	65401415.06215436
10.31427041263697	67313269.36978111
10.34648484450953	69281858.01205108
10.37869927638209	71308882.48472446
10.41091370825466	73396095.68626316
10.44312814012722	75545303.58275375
10.47534257199979	77758366.58453529
10.50755700387235	80037201.77961463
10.53977143574491	82383783.86166215
10.57198586761748	84800147.45816921
10.60420029949004	87288388.74875271
10.63641473136261	89850667.37711646
10.66862916323517	92489208.37388527
10.70084359510773	95206304.20436215
10.7330580269803	98004316.67722183
10.76527245885286	100885679.2833592
10.79748689072543	103852899.1736407
10.82970132259799	106908559.4664546
10.86191575447056	110055321.7170949
10.89413018634312	113295928.0229079
10.92634461821568	116633203.7077092
10.95855905008825	120070059.8425666
10.99077348196081	123609495.6103278
11.02298791383338	127254601.3682594
11.05520234570594	131008561.2555616
11.0874167775785	134874655.9939062
11.11963120945107	138856265.8335353
11.15184564132363	142956873.9391146
11.1840600731962	147180068.9023144
11.21627450506876	151529548.5086056
11.24848893694132	156009122.8005323
11.28070336881389	160622717.6525032
11.31291780068645	165374378.1187999
11.34513223255902	170268272.3559855
11.37734666443158	175308695.0974078
11.40956109630415	180500071.778472
11.44177552817671	185846962.283834
11.47398996004927	191354065.2468143
11.50620439192184	197026222.2932787
11.5384188237944	202868422.1431811
11.57063325566697	208885805.520687
11.60284768753953	215083669.5333211
11.63506211941209	221467472.5433294
11.66727655128466	228042839.08017
11.69949098315722	234815564.9552965
11.73170541502979	241791622.4619462
11.76391984690235	248977165.8270274
11.79613427877491	256378536.7070461
11.82834871064748	264002269.8904467
11.86056314252004	271855099.7548726
11.89277757439261	279943965.4325927
11.92499200626517	288276017.7730376
11.95720643813774	296858625.5837754
11.9894208700103	305699382.4762642
12.02163530188286	314806113.5750322
12.05384973375543	324186882.6909091
12.08606416562799	333849999.6645721
12.11827859750056	343804027.8124216
12.15049302937312	354057791.86249
12.18270746124568	364620385.8682566
12.21492189311825	375501181.3972688
12.24713632499081	386709836.2511683
12.27935075686338	398256303.0271156
12.31156518873594	410150838.3069377
12.3437796206085	422404011.9991807
12.37599405248107	435026716.8831379
12.40820848435363	448030178.5032624
12.4404229162262	461425965.4208245
12.47263734809876	475225999.7877031
12.50485177997133	489442568.2066345
12.53706621184389	504088332.8571003
12.56928064371645	519176342.9958445
12.60149507558902	534720047.0808799
12.63370950746158	550733304.5683151
12.66592393933415	567230399.4075239
12.69813837120671	584226052.0697051
12.73035280307927	601735433.6185364
12.76256723495184	619774179.1789049
12.7947816668244	638358402.5629214
12.82699609869697	657504710.79742
12.85921053056953	677230219.4097317
12.89142496244209	697552567.8399024
12.92363939431466	718489935.7435681
12.95585382618722	740061059.5578624
12.98806825805979	762285249.5582743
13.02028268993235	785182407.9539577
13.05249712180492	808773046.3578295
13.08471155367748	833078305.0676804
13.11692598555004	858119972.2866608
13.14914041742261	883920504.0700915
13.18135484929517	910503044.7645996
13.21356928116774	937891448.690277
13.2457837130403	966110301.326638
13.27799814491286	995184942.2080284
13.31021257678543	1025141488.10839
13.34242700865799	1056006856.87128
13.37464144053056	1087808792.484011
13.40685587240312	1120575889.983549
13.43907030427568	1154337622.004478
13.47128473614825	1189124365.868049
13.50349916802081	1224967431.033901
13.53571359989338	1261899088.654688
13.56792803176594	1299952600.326478
13.60014246363851	1339162249.48159
13.63235689551107	1379563372.087888
13.66457132738363	1421192389.499604
13.6967857592562	1464086842.238586
13.72900019112876	1508285423.943889
13.76121462300133	1553828017.247937
13.79342905487389	1600755730.550341
13.82564348674645	1649110935.562085
13.85785791861902	1698937306.533484
13.89007235049158	1750279860.430345
13.92228678236415	1803184998.259897
13.95450121423671	1857700547.883868
13.98671564610927	1913875808.008827
14.01893007798184	1971761593.835909
14.0511445098544	2031410283.560378
14.08335894172697	2092875866.79466
14.11557337359953	2156213994.418496
14.1477878054721	2221482029.773669
14.18000223734466	2288739101.652562
14.21221666921722	2358046158.812164
14.24443110108979	2429466026.244567
14.27664553296235	2503063463.119045
14.30885996483492	2578905222.49968
14.34107439670748	2657060113.228856
14.37328882858004	2737599063.224313
14.40550326045261	2820595185.051178
14.43771769232517	2906123843.532738
14.46993212419774	2994262725.416795
14.5021465560703	3085091911.038839
14.53436098794286	3178693948.610497
14.56657541981543	3275153930.171883
14.59878985168799	3374559570.750669
14.63100428356056	3477001289.079113
14.66321871543312	3582572291.430012
14.69543314730569	3691368658.410569
14.72764757917825	3803489432.855362
14.75986201105081	3919036712.175432
14.79207644292338	4038115742.825809
14.82429087479594	4160835017.878054
14.85650530666851	4287306377.240248
14.88871973854107	4417645111.598513
14.92093417041363	4551970069.189162
14.9531486022862	4690403765.638442
14.98536303415876	4833072498.219337
15.01757746603133	4980106462.419918
15.04979189790389	5131639872.820513
15.08200632977645	5287811087.814148
15.11422076164902	5448762737.715381
15.14643519352158	5614641857.338708
15.17864962539415	5785600022.61481
15.21086405726671	5961793490.819588
15.24307848913928	6143383346.13662
15.27529292101184	6330535649.185738
15.3075073528844	6523421591.374922
15.33972178475697	6722217653.542747
15.37193621662953	6927105770.523048
15.4041506485021	7138273500.107724
15.43636508037466	7355914197.04134
15.46857951224722	7580227193.38185
15.50079394411979	7811417983.501735
15.53300837599235	8049698415.512215
15.56522280786492	8295286888.261071
15.59743723973748	8548408554.347813
15.62965167161004	8809295530.351191
15.66186610348261	9078187111.983206
15.69408053535517	9355329997.99369
15.72629496722774	9640978518.744165
15.7585093991003	9935394874.279274
15.79072383097287	10238849377.55518
15.82293826284543	10551620707.26726
15.85515269471799	10873996166.79182
15.88736712659056	11206271952.46742
15.91958155846312	11548753429.4125
15.95179599033569	11901755417.19815
15.98401042220825	12265602482.00895
16.01622485408081	12640629240.59192
16.04843928595338	13027180671.7616
16.08065371782594	13425612438.71027
16.11286814969851	13836291221.00322
16.14508258157107	14259595056.61098
16.17729701344363	14695913695.0995
16.2095114453162	15145648961.30432
16.24172587718876	15609215131.10867
16.27394030906133	16087039317.96903
16.30615474093389	16579561872.38791
16.33836917280646	17087236792.94088
16.37058360467902	17610532151.2485
16.40279803655158	18149930528.99792
16.43501246842415	18705929469.39009
16.46722690029671	19279041942.33234
16.49944133216928	19869796824.32702
16.53165576404184	20478739392.98613
16.5638701959144	21106431837.56256
16.59608462778697	21753453785.28894
16.62829905965953	22420402842.67599
16.6605134915321	23107895156.07128
16.69272792340466	23816565988.27928
16.72494235527722	24547070313.00924
16.75715678714979	25300083428.89232
16.78937121902235	26076301591.59737
16.82158565089492	26876442666.76456
16.85380008276748	27701246801.78864
16.88601451464005	28551477120.15742
16.91822894651261	29427920436.49224
16.95044337838517	30331387994.32237
16.98265781025774	31262716226.27596
17.0148722421303	32222767540.13489
17.04708667400287	33212431125.2978
17.07930110587543	34232623788.44554
17.11151553774799	35284290813.95606
17.14372996962056	36368406849.98914
17.17594440149312	37485976823.89674
17.20815883336569	38638036884.54524
17.24037326523825	39825655379.5061
17.27258769711081	41049933851.09667
17.30480212898338	42312008075.53606
17.33701656085594	43613049129.97616
17.36923099272851	44954264490.39507
17.40144542460107	46336899167.78989
17.43365985647364	47762236876.62366
17.4658742883462	49231601245.94588
17.49808872021876	50746357056.88464
17.53030315209133	52307911531.90811
17.56251758396389	53917715650.09351
17.59473201583646	55577265522.94123
17.62694644770902	57288103793.35426
17.65916087958158	59051821088.20715
17.69137531145415	60870057520.13861
17.72358974332671	62744504223.32784
17.75580417519928	64676904951.09333
17.78801860707184	66669057711.90646
17.82023303894441	68722816468.87582
17.85244747081697	70840092876.80698
17.88466190268953	73022858099.34789
17.9168763345621	75273144645.41919
17.94909076643466	77593048293.27939
17.98130519830723	79984730067.4279
18.01351963017979	82450418267.02507
18.04573406205235	84992410576.00421
18.07794849392492	87613076220.41356
18.11016292579748	90314858212.79185
18.14237735767005	93100275642.38203
18.17459178954261	95971926061.69165
18.20680622141517	98932487923.02985
18.23902065328774	101984723118.9253
18.2712350851603	105131479584.2374
18.30344951703287	108375693980.6889
18.33566394890543	111720394464.5692
18.367878380778	115168703562.3049
18.40009281265056	118723841094.5209
18.43230724452312	122389127231.5321
18.46452167639569	126167985617.9536
18.49673610826825	130063946615.7693
18.52895054014082	134080650634.8585
18.56116497201338	138221851568.6456
18.59337940388594	142491420354.1632
18.62559383575851	146893348610.094
18.65780826763107	151431752423.0012
18.69002269950364	156110876225.9844
18.7222371313762	160935096823.1918
18.75445156324876	165908927524.3908
18.78666599512133	171037022407.8838
18.81888042699389	176324180732.663
18.85109485886646	181775351447.2168
18.88330929073902	187395637947.4122
18.91552372261159	193190302793.4168
18.94773815448415	199164772775.4355
18.97995258635671	205324644011.5118
19.01216701822928	211675687261.0041
19.04438145010184	218223853372.1848
19.07659588197441	224975278928.6472
19.10881031384697	231936292069.7832
19.14102474571953	239113418449.579
19.1732391775921	246513387474.3793
19.20545360946466	254143138527.9662
19.23766804133723	262009827770.9635
19.26988247320979	270120834773.2393
19.30209690508235	278483769519.4199
19.33431133695492	287106479701.9045
19.36652576882748	295997058041.2495
19.39874020070005	305163850067.5955
19.43095463257261	314615461891.0418
19.46316906444518	324360768543.5515
19.49538349631774	334408922201.3186
19.5275979281903	344769361197.6103
19.55981236006287	355451818505.8943
19.59202679193543	366466331344.4332
19.624241223808	377823250516.0483
19.65645565568056	389533250347.5436
19.68867008755312	401607338625.3123
19.72088451942569	414056867265.4952
19.75309895129825	426893543100.077
19.78531338317082	440129438755.8374
19.81752781504338	453777004349.9224
19.84974224691594	467849079076.1503
19.88195667878851	482358903687.8091
19.91417111066107	497320132929.2842
19.94638554253364	512746848376.5359
19.9785999744062	528653572014.1986
20.01081440627877	545055280154.4334
20.04302883815133	561967417264.2017
20.07524327002389	579405910966.7506
20.10745770189646	597387187010.0752
20.13967213376902	615928185121.339
20.17188656564159	635046374709.248
20.20410099751415	654759771878.6643
20.23631542938671	675086956326.7948
20.26852986125928	696047089315.3639
20.30074429313184	717659931513.736
20.33295872500441	739945861845.3436
20.36517315687697	762925897175.9075
20.39738758874953	786621712175.1271
20.4296020206221	811055659765.8656
20.46181645249466	836250792338.2787
20.49403088436723	862230884658.3323
20.52624531623979	889020455145.4895
20.55845974811236	916644789909.7825
20.59067417998492	945129966857.2427
20.62288861185748	974502880215.2734
20.65510304373005	1004791266651.875
20.68731747560261	1036023731115.94
20.71953190747518	1068229774358.089
20.75174633934774	1101439821563.022
20.7839607712203	1135685250264.219
20.81617520309287	1170998421229.514
20.84838963496543	1207412708704.466
20.880604066838	1244962532391.895
20.91281849871056	1283683390495.441
20.94503293058312	1323611893153.966
20.97724736245569	1364785797556.629
21.00946179432825	1407244044602.321
21.04167622620082	1451026794679.716
21.07389065807338	1496175467186.589
21.10610508994595	1542732779622.645
21.13831952181851	1590742787542.816
21.17053395369107	1640250928274.075
21.20274838556364	1691304062937.516
21.2349628174362	1743950521581.047
21.26717724930877	1798240150045.646
21.29939168118133	1854224356024.156
21.33160611305389	1911956159320.574
21.36382054492646	1971490242387.692
21.39603497679902	2032883001809.621
21.42824940867159	2096192603672.92
21.46046384054415	2161479036061.002
21.49267827241671	2228804170309.094
21.52489270428928	2298231817670.037
21.55710713616184	2369827791302.497
21.58932156803441	2443659968124.097
21.62153599990697	2519798354522.046
21.65375043177954	2598315153482.096
21.6859648636521	2679284832758.268
21.71817929552466	2762784195741.284
21.75039372739723	2848892456657.953
21.78260815926979	2937691315673.328
21.81482259114236	3029265035607.527
21.84703702301492	3123700524699.458
21.87925145488748	3221087417856.345
21.91146588676005	3321518163614.625
21.94368031863261	3425088111505.48
21.97589475050518	3531895605631.275
22.00810918237774	3642042074449.652
22.0403236142503	3755632132490.009
22.07253804612287	3872773673318.513
22.10475247799543	3993577993120.753
22.136966909868	4118159867499.93
22.16918134174056	4246637680288.609
22.20139577361313	4379133533067.719
22.23361020548569	4515773361073.312
22.26582463735825	4656687055923.92
22.29803906923082	4802008585626.772
22.33025350110338	4951876129081.974
22.36246793297595	5106432200416.151
22.39468236484851	5265823818913.901
22.42689679672107	5430202555636.896
22.45911122859364	5599724802407.639
22.4913256604662	5774551846570.223
22.52354009233877	5954850042093.331
22.55575452421133	6140790970713.429
22.58796895608389	6332551603806.374
22.62018338795646	6530314476096.166
22.65239781982902	6734267851523.579
22.68461225170159	6944605939067.284
22.71682668357415	7161528967796.836
22.74904111544672	7385243595422.009
22.78125554731928	7615962870703.165
22.81346997919184	7853906569046.57
22.84568441106441	8099301374329.223
22.87789884293697	8352381094337.508
22.91011327480954	8613386890343.28
22.9423277066821	8882567498346.473
22.97454213855466	9160179510652.549
23.00675657042723	9446487492365.799
23.03897100229979	9741764543911.246
23.07118543417236	10046291991774.43
23.10339986604492	10360360308867.1
23.13561429791748	10684269012906.53
23.16782872979005	11018327042997.21
23.20004316166261	11362853052206.7
23.23225759353518	11718175716424.32
23.26447202540774	12084634078826.53
23.29668645728031	12462577746491.85
23.32890088915287	12852367542135.6
23.36111532102543	13254375309366.17
23.393329752898	13668984911517.18
23.42554418477056	14096592121865.06
23.45775861664313	14537605201956.13
23.48997304851569	14992445258780.34
23.52218748038825	15461546653216.09
23.55440191226082	15945357408208.21
23.58661634413338	16444339676167.92
23.61883077600595	16958970067975.5
23.65104520787851	17489740431591.95
23.68325963975107	18037157667523.99
23.71547407162364	18601744959683.02
23.7476885034962	19184042024308.37
23.77990293536877	19784605357126.72
23.81211736724133	20404009047973.27
23.8443317991139	21042845257951.27
23.87654623098646	21701724827443.49
23.90876066285902	22381277731566.71
23.94097509473159	23082154006613.29
23.97318952660415	23805023740380.65
24.00540395847672	24550578507158.38
24.03761839034928	25319532360264.04
24.06983282222184	26112619319619
24.10204725409441	26930599032058.1
24.13426168596697	27774254259338.58
24.16647611783954	28644392413665.65
24.1986905497121	29541846375830.21
24.23090498158466	30467475157131.17
24.26311941345723	31422165058127.98
24.29533384532979	32406829874842.67
24.32754827720236	33422413267066.05
24.35976270907492	34469886498867.62
24.39197714094749	35550253647222.13
24.42419157282005	36664549376561.88
24.45640600469261	37813841133627.85
24.48862043656518	38999230001341.02
24.52083486843774	40221851773169.59
24.55304930031031	41482877982187.89
24.58526373218287	42783517280371.5
24.61747816405543	44125015996740.91
24.649692595928	45508660925769.72
24.68190702780056	46935791121588.84
24.71412145967313	48407743348647.27
24.74633589154569	49925947580692.3
24.77855032341825	51491859235222.64
24.81076475529082	53106979877891.12
24.84297918716338	54772858508031.5
24.87519361903595	56491093032740.88
24.90740805090851	58263331808768.18
24.93962248278108	60091275767858.54
24.97183691465364	61976688108657.3
25.0040513465262	63921343604085.81
25.03626577839877	65927149042921.48
25.06848021027133	67996011672831.29
25.1006946421439	70129918398807.97
25.13290907401646	72330918040438.52
25.16512350588902	74601123851414.14
25.19733793776159	76942715672996.42
25.22955236963415	79357942151200.67
25.26176680150672	81849122571063.69
25.29398123337928	84418667240198.89
25.32619566525184	87068997407378.42
25.35841009712441	89802699846727.91
25.39062452899697	92622389084352.03
25.42283896086954	95530774629258.34
25.4550533927421	98530651265260.72
25.48726782461467	101624901919422.7
25.51948225648723	104816500483707.3
25.55169668835979	108108514698894.3
25.58391112023236	111504109172282.2
25.61612555210492	115006566792065.9
25.64833998397749	118619202562814.1
25.68055441585005	122345540032018.1
25.71276884772261	126189145552846.5
25.74498327959518	130153716208247.5
25.77719771146774	134243065352774.1
25.80941214334031	138461126603966.8
25.84162657521287	142811957716696.6
25.87384100708543	147299744527576.9
25.906055438958	151928805008847.2
25.93826987083056	156703593452454
25.97048430270313	161627838815504.5
26.00269873457569	166709187374961
26.03491316644826	171949117970541.3
26.06712759832082	177354178870790
26.09934203019338	182929464964686.8
26.13155646206595	188680327358684.9
26.16377089393851	194612298356606.2
26.19598532581108	200731088141931.6
26.22819975768364	207042588369769.5
26.2604141895562	213552877266017.4
26.29262862142877	220267885718644.2
26.32484305330133	227195372110407.6
26.3570574851739	234340278155330.2
26.38927191704646	241710388781058.6
26.42148634891903	249312704418677.7
26.45370078079159	257154538142439.2
26.48591521266415	265243443893626.2
26.51812964453672	273587216703372.8
26.55034407640928	282193898756990.6
26.58255850828185	291071786737108.8
26.61477294015441	300229169582229.8
26.64698737202697	309676937083882.8
26.67920180389954	319419857032306.6
26.7114162357721	329470795709932.1
26.74363066764467	339838581861088.1
26.77584509951723	350533174471413.7
26.80805953138979	361564880459526
26.84027396326236	372944339152013.8
26.87248839513492	384682528454895.6
26.90470282700749	396790774537472.6
26.93691725888005	409280815677809.8
26.96913169075262	422164091986705.2
27.00134612262518	435455107605413
27.03356055449774	449163910479147.5
27.06577498637031	463305252991883.3
27.09798941824287	477892629596272.6
27.13020385011544	492940176198761.2
27.162418281988	508462681071339.6
27.19463271386056	524477117730010.4
27.22684714573313	540980138422943.7
27.25906157760569	558026248055269.9
27.29127600947826	575600839965076.2
27.32349044135082	593729340433455.4
27.35570487322338	612430734213919.8
27.38791930509595	631721140881462.8
27.42013373696851	651620073254302.4
27.45234816884108	672146350060206.4
27.48456260071364	693317768369955
27.51677703258621	715188440504499.2
27.54899146445877	737710745057855.1
27.58120589633133	760937269897500.4
27.6134203282039	784917063418619.9
27.64563476007646	809650465100353.5
27.67784919194903	835164090460013.8
27.71006362382159	861484614307517.8
27.74227805569415	888634407615920.6
27.77449248756672	916642317640056.2
27.80670691943928	945537122178759.5
27.83892135131185	974226509754212.2
27.87113578318441	1006074113374194
27.90335021505697	1037819314037088
27.93556464692954	1070500648952558
27.9677790788021	1104252638200915
27.99999351067467	1139065502200982
28.03220794254723	1174977409555583
28.0644223744198	1212021359363284
28.09663680629236	1250238426292458
28.12885123816492	1289659689806443
28.16106567003749	1330326330320828
28.19328010191005	1372213920650420
28.22549453378262	1415566095081816
28.25770896565518	1460219182208229
28.28992339752774	1506252317869460
28.32213782940031	1553767280621656
28.35435226127287	1602778042490760
28.38656669314544	1653338218924668
28.418781125018	1705498718103802
28.45099555689056	1759301920987697
28.48320998876313	1815406155279054
28.51542442063569	1871993030644760
28.54763885250826	1929969562996502
28.57985328438082	1992060757333536
28.61206771625339	2054908651108236
28.64428214812595	2119730863054412
28.67649657999851	2186627738599603
28.70871101187108	2255618840366578
28.74092544374364	2326874753164544
28.77313987561621	2400276935014775
28.80535430748877	2476036537520235
28.83756873936133	2554306795222865
28.8697831712339	2634744702494366
28.90199760310646	2717906371745284
28.93421203497903	2803649305666488
28.96642646685159	2892226678585635
28.99864089872415	2983544326485946
29.03085533059672	3077737828780530
29.06306976246928	3174876631403124
29.09528419434185	3275220355087982
29.12749862621441	3378563730260812
29.15971305808698	3485251738577511
29.19192748995954	3595352697847012
29.2241419218321	3708812353726942
29.25635635370467	3826412201293755
29.28857078557723	3946702964192698
29.3207852174498	4071365959550226
29.35299964932236	4200011331806189
29.38521408119492	4332688107153778
29.41742851306749	4469507004453336
29.44964294494005	4610683189051683
29.48185737681262	4756409281324051
29.51407180868518	4906658889351565
29.54628624055774	5061672832974720
29.57850067243031	5221776204835461
29.61071510430287	5386550248275908
29.64292953617544	5556533498465547
29.675143968048	5732305692801288
29.70735839992057	5913391039644035
29.73957283179313	6100296235896233
29.77178726366569	6293105012579286
29.80400169553826	6492167098743833
29.83621612741082	6697019220833653
29.86843055928339	6908805083655188
29.90064499115595	7127151462696603
29.93285942302851	7352428685565888
29.96507385490108	7585018418598842
29.99728828677364	7824823853324855
30.02950271864621	8071731116627635
30.06171715051877	8327012256877391
30.09393158239133	8590252508428652
30.1261460142639	8861716716337630
30.15836044613646	9142090492906116
30.19057487800903	9431058814872860
30.22278930988159	9729190517010820
30.25500374175416	1.003688658210181e+16
30.28721817362672	1.035422770909855e+16
30.31943260549928	1.068163773503945e+16
30.35164703737185	1.101955788608529e+16
30.38386146924441	1.136802764433873e+16
30.41607590111698	1.172712931514593e+16
30.44829033298954	1.209812186548772e+16
30.4805047648621	1.248074341437563e+16
30.51271919673467	1.287554010028881e+16
30.54493362860723	1.328285288881378e+16
30.5771480604798	1.370285871736465e+16
30.60936249235236	1.413620584847778e+16
30.64157692422492	1.458323965415004e+16
30.67379135609749	1.504397346832653e+16
30.70600578797005	1.554786840565839e+16
30.73822021984262	1.601320968740763e+16
30.77043465171518	1.651950401197959e+16
30.80264908358775	1.704134051170894e+16
30.83486351546031	1.75800195816483e+16
30.86707794733287	1.813641853894853e+16
30.89929237920544	1.871045831349466e+16
30.931506811078	1.930257058061074e+16
30.96372124295057	1.991331272819326e+16
30.99593567482313	2.054366284456474e+16
31.02815010669569	2.119372948766973e+16
31.06036453856826	2.186422538187632e+16
31.09257897044082	2.256860960793729e+16
31.12479340231339	2.32715794604628e+16
31.15700783418595	2.400775988727569e+16
31.18922226605851	2.476788785244346e+16
31.22143669793108	2.55506469663816e+16
31.25365112980364	2.635954045953224e+16
31.28586556167621	2.719407224857132e+16
31.31807999354877	2.805490118604634e+16
31.35029442542134	2.894294748189296e+16
31.3825088572939	2.985907431158166e+16
31.41472328916646	3.08042249955741e+16
31.44693772103903	3.177893944548462e+16
31.47915215291159	3.277793347783764e+16
31.51136658478416	3.382215052395605e+16
31.54358101665672	3.48917734826339e+16
31.57579544852928	3.599622213697824e+16
31.60800988040185	3.713541642536826e+16
31.64022431227441	3.831050832483986e+16
31.67243874414698	3.952392656591502e+16
31.70465317601954	4.077567808035571e+16
31.7368676078921	4.20670676015899e+16
31.76908203976467	4.33993835312291e+16
31.80129647163723	4.47740653601978e+16
31.8335109035098	4.619204028582039e+16
31.86572533538236	4.765279855469954e+16
31.89793976725493	4.916788376436417e+16
31.93015419912749	5.072230930600201e+16
31.96236863100005	5.232865385349957e+16
31.99458306287262	5.398655199246175e+16
32.02679749474518	5.569665066587658e+16
32.05901192661774	5.746158849096905e+16
32.0912263584903	5.928272410645046e+16
32.12344079036286	6.116185947288858e+16
32.15565522223542	6.310067482266528e+16
32.18786965410798	6.510100890647122e+16
32.22008408598055	6.716485614335699e+16
0
1000	1.0219978922	100000000000000.1
5	0	0	1
5	0	0	0
0.03786664528905326	-28789.48276244045
0.07008107716161713	-28046.21268231703
0.102295509034181	-27328.989002457
0.1345099409067449	-26636.80793733558
0.1667243727793087	-25968.70329810863
0.1989388046518726	-25323.74546195526
0.2311532365244365	-24701.04032005834
0.2633676683970003	-24099.72821179286
0.2955821002695642	-23518.9828517694
0.3277965321421281	-22958.01025554376
0.360010964014692	-22416.04766904545
0.3922253958872559	-21892.36250609239
0.4244398277598198	-21386.25129773964
0.4566542596323837	-20897.03865665595
0.4888686915049476	-20424.07625922203
0.5210831233775115	-19966.74184759814
0.5532975552500754	-19524.43825361161
0.5855119871226393	-19096.59244595989
0.6177264189952032	-18682.65460191123
0.6499408508677671	-18282.09720440647
0.682155282740331	-17894.41416522325
0.7143697146128949	-17519.11997464585
0.7465841464854588	-17155.7488778984
0.7787985783580227	-16803.85407843706
0.8110130102305866	-16463.00696805125
0.8432274421031505	-16132.79638360687
0.8754418739757144	-15812.82789015714
0.9076563058482783	-15502.7230900603
0.9398707377208422	-15202.1189576676
0.9720851695934061	-14910.66719908416
1.00429960146597	-14627.9737869806
1.036514033338534	-14353.84537459669
1.068728465211098	-14087.91091475719
1.100942897083662	-13829.87412603733
1.133157328956226	-13579.45052241254
1.165371760828789	-13336.36694151597
1.197586192701353	-13100.36108859469
1.229800624573917	-12871.18109612744
1.262015056446481	-12648.58509898999
1.294229488319045	-12432.34082499006
1.326443920191609	-12222.18352237978
1.358658352064173	-12017.9876827363
1.390872783936737	-11819.50325568179
1.423087215809301	-11626.53183825289
1.455301647681865	-11438.88273894886
1.487516079554428	-11256.37267570014
1.519730511426992	-11078.8254832
1.551944943299556	-10906.07182971755
1.58415937517212	-10737.94894343831
1.616373807044684	-10574.3003483158
1.648588238917248	-10414.94168235728
1.680802670789812	-10259.80067420097
1.713017102662376	-10108.70203641682
1.74523153453494	-9961.511428076525
1.777445966407504	-9818.099588578085
1.809660398280067	-9678.342144959002
1.841874830152631	-9542.119424238315
1.874089262025195	-9409.316271076834
1.906303693897759	-9279.821870957932
1.938518125770323	-9153.52957901929
1.970732557642887	-9030.302285196465
2.002946989515451	-8910.115042661519
2.035161421388014	-8792.835474165522
2.067375853260578	-8678.371372752026
2.099590285133142	-8566.633926285946
2.131804717005705	-8457.537595134652
2.164019148878269	-8350.999991319817
2.196233580750833	-8246.941759813712
2.228448012623396	-8145.286462482745
2.26066244449596	-8045.960465048161
2.292876876368524	-7948.806826071463
2.325091308241087	-7853.947589148115
2.357305740113651	-7761.213982798085
2.389520171986215	-7670.541103137951
2.421734603858778	-7581.866682897537
2.453949035731342	-7495.130901272953
2.486163467603906	-7410.276232726089
2.518377899476469	-7327.247319729324
2.550592331349033	-7245.990861396976
2.582806763221597	-7166.455513420275
2.61502119509416	-7088.579717451878
2.647235626966724	-7012.341458998171
2.679450058839288	-6937.681941268821
2.711664490711851	-6864.556625743287
2.743878922584415	-6792.922518458196
2.776093354456979	-6722.738103366605
2.808307786329542	-6653.963278331712
2.840522218202106	-6586.559293469991
2.87273665007467	-6520.488691530204
2.904951081947234	-6455.715249951941
2.937165513819797	-6392.2253323125
2.969379945692361	-6329.940987723379
3.001594377564925	-6268.849961746487
3.033808809437488	-6208.920365370252
3.066023241310052	-6150.121348547104
3.098237673182616	-6092.423058596165
3.130452105055179	-6035.796600438747
3.162666536927743	-5980.213998568648
3.194880968800307	-5925.648160665029
3.22709540067287	-5872.072842759983
3.259309832545434	-5819.468409255474
3.291524264417998	-5767.798104750656
3.323738696290561	-5717.043865187306
3.355953128163125	-5667.182570450112
3.388167560035689	-5618.191819092171
3.420381991908252	-5570.049901338295
3.452596423780816	-5522.735773250657
3.48481085565338	-5476.229031999939
3.517025287525943	-5430.509892188068
3.549239719398507	-5385.559163171664
3.581454151271071	-5341.360802016518
3.613668583143634	-5297.891342972775
3.645883015016198	-5255.13586934971
3.678097446888762	-5213.077388372713
3.710311878761325	-5171.699411704657
3.742526310633889	-5130.985937437362
3.774740742506453	-5090.921432827529
3.806955174379016	-5051.490817742253
3.83916960625158	-5012.679448780962
3.871384038124144	-4974.473104042388
3.903598469996707	-4936.859303137809
3.935812901869271	-4899.821820485382
3.968027333741835	-4863.348975204212
4.000241765614398	-4827.42810605146
4.032456197486963	-4792.046910567498
4.064670629359527	-4757.193432841041
4.096885061232091	-4722.856051759662
4.129099493104655	-4689.023469723285
4.161313924977219	-4655.68470180041
4.193528356849783	-4622.829065307097
4.225742788722347	-4590.446917117714
4.257957220594911	-4558.526578478516
4.290171652467476	-4527.058979045962
4.32238608434004	-4496.034557455047
4.354600516212604	-4465.44401079534
4.386814948085168	-4435.278286174099
4.419029379957732	-4405.528572600573
4.451243811830296	-4376.186293177583
4.48345824370286	-4347.24309758724
4.515672675575424	-4318.69085485799
4.547887107447989	-4290.522083063879
4.580101539320553	-4262.728151080184
4.612315971193117	-4235.301992191504
4.644530403065681	-4208.236290877097
4.676744834938245	-4181.523920112839
4.708959266810809	-4155.157935476049
4.741173698683373	-4129.13156946602
4.773388130555937	-4103.438226031136
4.805602562428501	-4078.071475294246
4.837816994301066	-4053.02504846782
4.87003142617363	-4028.29309350404
4.902245858046194	-4003.869101277035
4.934460289918758	-3979.747524382452
4.966674721791322	-3955.922694185802
4.998889153663886	-3932.389081191552
5.03110358553645	-3909.141290873652
5.063318017409014	-3886.174059652655
5.095532449281579	-3863.482251013636
5.127746881154143	-3841.06085175919
5.159961313026707	-3818.904968392252
5.192175744899271	-3797.009979762826
5.224390176771835	-3775.370893013748
5.256604608644399	-3753.98331319587
5.288819040516963	-3732.842793728587
5.321033472389527	-3711.944991949165
5.353247904262092	-3691.28566612993
5.385462336134656	-3670.860672596346
5.41767676800722	-3650.665962941822
5.449891199879784	-3630.697581335971
5.482105631752348	-3610.951661922324
5.514320063624912	-3591.424518809397
5.546534495497476	-3572.112264062943
5.57874892737004	-3553.01138172346
5.610963359242604	-3534.118342589108
5.643177791115169	-3515.42969596483
5.675392222987733	-3496.942067505047
5.707606654860297	-3478.652157126377
5.739821086732861	-3460.556736987765
5.772035518605425	-3442.652649535788
5.804249950477989	-3424.936805612238
5.836464382350553	-3407.406235816787
5.868678814223117	-3390.057870475033
5.900893246095682	-3372.888869318013
5.933107677968246	-3355.89639965156
5.96532210984081	-3339.077688757857
5.997536541713374	-3322.430022318569
6.029750973585938	-3305.950742887092
6.061965405458502	-3289.637248408351
6.094179837331066	-3273.486990784158
6.12639426920363	-3257.4974744827
6.158608701076195	-3241.666284061696
6.190823132948759	-3225.990964411436
6.223037564821323	-3210.469199323431
6.255251996693887	-3195.098690796902
6.287466428566451	-3179.877187152879
6.319680860439015	-3164.802481869599
6.351895292311579	-3149.872412452786
6.384109724184143	-3135.084859339519
6.416324156056707	-3120.437744834621
6.448538587929272	-3105.929032078325
6.480753019801836	-3091.556738022506
6.5129674516744	-3077.318875114306
6.545181883546964	-3063.213537404079
6.577396315419528	-3049.238841806292
6.609610747292092	-3035.392941392238
6.641825179164656	-3021.674024521161
6.67403961103722	-3008.080313996244
6.706254042909785	-2994.610066244696
6.738468474782349	-2981.261570521131
6.770682906654913	-2968.033148133443
6.802897338527477	-2954.923156767565
6.835111770400041	-2941.929968930075
6.867326202272605	-2929.052002849338
6.899540634145169	-2916.287700789715
6.931755066017733	-2903.635533528918
6.963969497890298	-2891.093999703131
6.996183929762862	-2878.661625170137
7.028398361635426	-2866.336962389775
7.06061279350799	-2854.118589821333
7.092827225380554	-2842.005111337198
7.125041657253118	-2829.995155634281
7.157256089125682	-2818.087375752911
7.189470520998246	-2806.280448424004
7.22168495287081	-2794.573073617768
7.253899384743375	-2782.963974013333
7.286113816615939	-2771.451894500219
7.318328248488503	-2760.035601692903
7.350542680361067	-2748.713883458073
7.382757112233631	-2737.485548454196
7.414971544106195	-2726.349425683041
7.447185975978759	-2715.304361332514
7.479400407851323	-2704.349229507017
7.511614839723888	-2693.482914883461
7.543829271596452	-2682.704323547178
7.576043703469016	-2672.012379841676
7.60825813534158	-2661.406025985356
7.640472567214144	-2650.884221697849
7.672686999086708	-2640.4459438357
7.704901430959272	-2630.090186037161
7.737115862831836	-2619.815958375805
7.769330294704401	-2609.62228307332
7.801544726576965	-2599.508210364872
7.833759158449529	-2589.472793605482
7.865973590322093	-2579.515105268687
7.898188022194657	-2569.634232640918
7.930402454067221	-2559.829277523917
7.962616885939785	-2550.099355944323
7.994831317812349	-2540.443597870206
8.027045749684913	-2530.861146934393
8.059260181557477	-2521.351160164338
8.091474613430041	-2511.91280341497
8.123689045302605	-2502.545268756207
8.155903477175169	-2493.247747452718
8.188117909047733	-2484.019447486251
8.220332340920297	-2474.859588959662
8.252546772792861	-2465.767403863662
8.284761204665426	-2456.742135848966
8.31697563653799	-2447.783040003631
8.349190068410554	-2438.889382635523
8.381404500283118	-2430.06044105974
8.413618932155682	-2421.295499224246
8.445833364028246	-2412.593864588679
8.47804779590081	-2403.954842014982
8.510262227773374	-2395.377750769283
8.542476659645938	-2386.86192011675
8.574691091518503	-2378.406689137051
8.606905523391067	-2370.011406543912
8.639119955263631	-2361.675430508631
8.671334387136195	-2353.398128487485
8.703548819008759	-2345.178877052892
8.735763250881323	-2337.017057946971
8.767977682753887	-2328.912073420606
8.800192114626451	-2320.863322566056
8.832406546499016	-2312.870216762245
8.86462097837158	-2304.932175699523
8.896835410244144	-2297.048627232421
8.929049842116708	-2289.219007235432
8.961264273989272	-2281.442759461926
8.993478705861836	-2273.719335405985
9.0256931377344	-2266.048194167154
9.057907569606964	-2258.428799022875
9.090122001479529	-2250.860630805242
9.122336433352093	-2243.34316729187
9.154550865224657	-2235.875896670992
9.186765297097221	-2228.458314088941
9.218979728969785	-2221.089921531589
9.251194160842349	-2213.770227708172
9.283408592714913	-2206.49874793749
9.315623024587477	-2199.275004036388
9.347837456460041	-2192.09852421053
9.380051888332606	-2184.96884015305
9.41226632020517	-2177.885498391935
9.444480752077734	-2170.848042822175
9.476695183950298	-2163.85602612483
9.508909615822862	-2156.909006845045
9.541124047695426	-2150.00654929581
9.57333847956799	-2143.148223463584
9.605552911440554	-2136.333604915792
9.637767343313119	-2129.562274710101
9.669981775185683	-2122.833819305475
9.702196207058247	-2116.147828149377
9.734410638930811	-2109.503903122681
9.766625070803375	-2102.901644006403
9.798839502675939	-2096.340657983876
9.831053934548503	-2089.820557211338
9.863268366421067	-2083.340958739193
9.895482798293632	-2076.901484434782
9.927697230166196	-2070.50176090659
9.95991166203876	-2064.141419429896
9.992126093911324	-2057.820095873813
10.02434052578389	-2051.537428720014
10.05655495765645	-2045.293066817807
10.08876938952902	-2039.086657452224
10.12098382140158	-2032.917854144319
10.15319825327414	-2026.786314656793
10.18541268514671	-2020.691700929145
10.21762711701927	-2014.633679013975
10.24984154889184	-2008.611919014487
10.2820559807644	-2002.626095023086
10.31427041263697	-1996.675885061112
10.34648484450953	-1990.760969465369
10.37869927638209	-1984.881037198585
10.41091370825466	-1979.035776138721
10.44312814012722	-1973.224879424904
10.47534257199979	-1967.448043833783
10.50755700387235	-1961.704969725719
10.53977143574491	-1955.995360991931
10.57198586761748	-1950.318925002575
10.60420029949004	-1944.675372555726
10.63641473136261	-1939.064417827254
10.66862916323517	-1933.485777063042
10.70084359510773	-1927.939173687039
10.7330580269803	-1922.424330438165
10.76527245885286	-1916.940974506153
10.79748689072543	-1911.488836215878
10.82970132259799	-1906.067648982465
10.86191575447056	-1900.677149267122
10.89413018634312	-1895.317076533753
10.92634461821568	-1889.987173206304
10.95855905008825	-1884.68718462681
10.99077348196081	-1879.416857999572
11.02298791383338	-1874.175946507358
11.05520234570594	-1868.964202971773
11.0874167775785	-1863.781383991156
11.11963120945107	-1858.627248878714
11.15184564132363	-1853.501559624817
11.1840600731962	-1848.4040808599
11.21627450506876	-1843.334579817978
11.24848893694132	-1838.292826300772
11.28070336881389	-1833.278592642406
11.31291780068645	-1828.291652855424
11.34513223255902	-1823.331785952929
11.37734666443158	-1818.398770828738
11.40956109630415	-1813.49238959651
11.44177552817671	-1808.612426731157
11.47398996004927	-1803.758669036977
11.50620439192184	-1798.930905616341
11.5384188237944	-1794.128927838828
11.57063325566697	-1789.352529310909
11.60284768753953	-1784.601505846064
11.63506211941209	-1779.875654774878
11.66727655128466	-1775.174777621906
11.69949098315722	-1770.498675977054
11.73170541502979	-1765.847154185748
11.76391984690235	-1761.220018655523
11.79613427877491	-1756.617077828995
11.82834871064748	-1752.038142157223
11.86056314252004	-1747.483024073552
11.89277757439261	-1742.951537967776
11.92499200626517	-1738.443500160779
11.95720643813774	-1733.958728345275
11.9894208700103	-1729.497043749536
12.02163530188286	-1725.058267797325
12.05384973375543	-1720.642224282101
12.08606416562799	-1716.248738805107
12.11827859750056	-1711.877638752309
12.15049302937312	-1707.52875327169
12.18270746124568	-1703.201913250891
12.21492189311825	-1698.896951295163
12.24713632499081	-1694.613701705699
12.27935075686338	-1690.352000022971
12.31156518873594	-1686.111684788543
12.3437796206085	-1681.892594823077
12.37599405248107	-1677.694570996459
12.40820848435363	-1673.517455769108
12.4404229162262	-1669.361093172211
12.47263734809876	-1665.225328788279
12.50485177997133	-1661.110009731942
12.53706621184389	-1657.014984631083
12.56928064371645	-1652.940103608194
12.60149507558902	-1648.885217908974
12.63370950746158	-1644.850181330323
12.66592393933415	-1640.834848011669
12.69813837120671	-1636.839073869545
12.73035280307927	-1632.862716224621
12.76256723495184	-1628.905633784716
12.7947816668244	-1624.967686628025
12.82699609869697	-1621.048736186629
12.85921053056953	-1617.148645230195
12.89142496244209	-1613.26727784994
12.92363939431466	-1609.404499147667
12.95585382618722	-1605.560176428996
12.98806825805979	-1601.734177356665
13.02028268993235	-1597.926371149145
13.05249712180492	-1594.136628268434
13.08471155367748	-1590.364820405375
13.11692598555004	-1586.610820465175
13.14914041742261	-1582.874502553131
13.18135484929517	-1579.15574196055
13.21356928116774	-1575.454415150873
13.2457837130403	-1571.770399510959
13.27799814491286	-1568.103574300132
13.31021257678543	-1564.45381917872
13.34242700865799	-1560.821015161319
13.37464144053056	-1557.205044367163
13.40685587240312	-1553.605790007404
13.43907030427568	-1550.02313637254
13.47128473614825	-1546.456968820036
13.50349916802081	-1542.9071737621
13.53571359989338	-1539.373638653636
13.56792803176594	-1535.856251774043
13.60014246363851	-1532.354903060373
13.63235689551107	-1528.869482815928
13.66457132738363	-1525.399882546992
13.6967857592562	-1521.945994743884
13.72900019112876	-1518.507712869858
13.76121462300133	-1515.084931350191
13.79342905487389	-1511.677545561376
13.82564348674645	-1508.285451820499
13.85785791861902	-1504.908547374728
13.89007235049158	-1501.546730228963
13.92228678236415	-1498.199899798989
13.95450121423671	-1494.867955896549
13.98671564610927	-1491.550799385263
14.01893007798184	-1488.248332007743
14.0511445098544	-1484.960456375926
14.08335894172697	-1481.687075961515
14.11557337359953	-1478.428095086565
14.1477878054721	-1475.183418914174
14.18000223734466	-1471.952953439312
14.21221666921722	-1468.736605330374
14.24443110108979	-1465.534282531961
14.27664553296235	-1462.345893329482
14.30885996483492	-1459.171346954441
14.34107439670748	-1456.010553425467
14.37328882858004	-1452.863423539853
14.40550326045261	-1449.729868865191
14.43771769232517	-1446.609801731111
14.46993212419774	-1443.503135221135
14.5021465560703	-1440.409783164623
14.53436098794286	-1437.329660021354
14.56657541981543	-1434.262681313799
14.59878985168799	-1431.208762952753
14.63100428356056	-1428.16782167141
14.66321871543312	-1425.139774909642
14.69543314730569	-1422.124540806556
14.72764757917825	-1419.122038193145
14.75986201105081	-1416.132186585031
14.79207644292338	-1413.154906175288
14.82429087479594	-1410.190117827381
14.85650530666851	-1407.237742949809
14.88871973854107	-1404.297703973808
14.92093417041363	-1401.369923612586
14.9531486022862	-1398.454325340886
14.98536303415876	-1395.550833269261
15.01757746603133	-1392.659372137524
15.04979189790389	-1389.779867308264
15.08200632977645	-1386.912244760455
15.11422076164902	-1384.056431083139
15.14643519352158	-1381.212353469184
15.17864962539415	-1378.379939626556
15.21086405726671	-1375.559118110282
15.24307848913928	-1372.749817804466
15.27529292101184	-1369.951968255544
15.3075073528844	-1367.165499583369
15.33972178475697	-1364.390342475409
15.37193621662953	-1361.626428181041
15.4041506485021	-1358.873688505873
15.43636508037466	-1356.132055806185
15.46857951224722	-1353.401462983388
15.50079394411979	-1350.681843406512
15.53300837599235	-1347.973131201922
15.56522280786492	-1345.275260801058
15.59743723973748	-1342.588167231299
15.62965167161004	-1339.911786038239
15.66186610348261	-1337.246053280582
15.69408053535517	-1334.590905525052
15.72629496722774	-1331.946279841394
15.7585093991003	-1329.312113797434
15.79072383097287	-1326.688345454159
15.82293826284543	-1324.074913289392
15.85515269471799	-1321.471756485807
15.88736712659056	-1318.87881448278
15.91958155846312	-1316.296027265504
15.95179599033569	-1313.723335288443
15.98401042220825	-1311.160679470766
16.01622485408081	-1308.608001191874
16.04843928595338	-1306.06524228692
16.08065371782594	-1303.532345042432
16.11286814969851	-1301.009252191963
16.14508258157107	-1298.495906869858
16.17729701344363	-1295.992252778668
16.2095114453162	-1293.498233925007
16.24172587718876	-1291.013794787611
16.27394030906133	-1288.538880271061
16.30615474093389	-1286.073435701742
16.33836917280646	-1283.617406823825
16.37058360467902	-1281.170739795311
16.40279803655158	-1278.733381184114
16.43501246842415	-1276.305277964175
16.46722690029671	-1273.886377418425
16.49944133216928	-1271.47662751666
16.53165576404184	-1269.075976333828
16.5638701959144	-1266.684372429225
16.59608462778697	-1264.301764749079
16.62829905965953	-1261.928102622943
16.6605134915321	-1259.563335760125
16.69272792340466	-1257.207414246156
16.72494235527722	-1254.860288539301
16.75715678714979	-1252.521909467104
16.78937121902235	-1250.19222822583
16.82158565089492	-1247.871196365379
16.85380008276748	-1245.558765803685
16.88601451464005	-1243.254888811647
16.91822894651261	-1240.959518012757
16.95044337838517	-1238.672606379856
16.98265781025774	-1236.394107231936
17.0148722421303	-1234.123974230983
17.04708667400287	-1231.862161378843
17.07930110587543	-1229.608623014131
17.11151553774799	-1227.363313680098
17.14372996962056	-1225.126188650012
17.17594440149312	-1222.897203124041
17.20815883336569	-1220.676312756317
17.24037326523825	-1218.463473522246
17.27258769711081	-1216.258641715615
17.30480212898338	-1214.061773945744
17.33701656085594	-1211.872827134659
17.36923099272851	-1209.691758514294
17.40144542460107	-1207.518525623735
17.43365985647364	-1205.353086481493
17.4658742883462	-1203.195398866296
17.49808872021876	-1201.045421399334
17.53030315209133	-1198.903112822937
17.56251758396389	-1196.768432173884
17.59473201583646	-1194.641338780808
17.62694644770902	-1192.5217922616
17.65916087958158	-1190.409752520849
17.69137531145415	-1188.305179747317
17.72358974332671	-1186.20803441143
17.75580417519928	-1184.118276940538
17.78801860707184	-1182.035869035733
17.82023303894441	-1179.960771671867
17.85244747081697	-1177.892946418341
17.88466190268953	-1175.832355112773
17.9168763345621	-1173.778959858698
17.94909076643466	-1171.732723023271
17.98130519830723	-1169.693607234989
18.01351963017979	-1167.66157538145
18.04573406205235	-1165.636590607129
18.07794849392492	-1163.618616505551
18.11016292579748	-1161.607616321395
18.14237735767005	-1159.603554153123
18.17459178954261	-1157.606394152821
18.20680622141517	-1155.616100719447
18.23902065328774	-1153.632638496719
18.2712350851603	-1151.655972371027
18.30344951703287	-1149.686067469355
18.33566394890543	-1147.722889157246
18.367878380778	-1145.766403036756
18.40009281265056	-1143.816574923104
18.43230724452312	-1141.87337093011
18.46452167639569	-1139.936757335845
18.49673610826825	-1138.006700668376
18.52895054014082	-1136.083167682364
18.56116497201338	-1134.166125357161
18.59337940388594	-1132.255540894929
18.62559383575851	-1130.351381718758
18.65780826763107	-1128.453615470827
18.69002269950364	-1126.562210010571
18.7222371313762	-1124.677132998135
18.75445156324876	-1122.79835359025
18.78666599512133	-1120.925839868218
18.81888042699389	-1119.059560538501
18.85109485886646	-1117.19948451425
18.88330929073902	-1115.34558091361
18.91552372261159	-1113.497819058073
18.94773815448415	-1111.656168470808
18.97995258635671	-1109.820598875031
19.01216701822928	-1107.991080192392
19.04438145010184	-1106.167583331756
19.07659588197441	-1104.350076952091
19.10881031384697	-1102.538532359576
19.14102474571953	-1100.732920261394
19.1732391775921	-1098.933211558475
19.20545360946466	-1097.13937734389
19.23766804133723	-1095.35138890127
19.26988247320979	-1093.569217703211
19.30209690508235	-1091.792835409717
19.33431133695492	-1090.022213866656
19.36652576882748	-1088.257324076915
19.39874020070005	-1086.498140404037
19.43095463257261	-1084.744634204359
19.46316906444518	-1082.996778042056
19.49538349631774	-1081.254544655488
19.5275979281903	-1079.517906955839
19.55981236006287	-1077.786838025786
19.59202679193543	-1076.061311118152
19.624241223808	-1074.341299654599
19.65645565568056	-1072.626777224314
19.68867008755312	-1070.917718200758
19.72088451942569	-1069.214095210623
19.75309895129825	-1067.515882962238
19.78531338317082	-1065.82305570802
19.81752781504338	-1064.135587864067
19.84974224691594	-1062.453454008861
19.88195667878851	-1060.776628881979
19.91417111066107	-1059.105087382828
19.94638554253364	-1057.438804569384
19.9785999744062	-1055.77775565694
20.01081440627877	-1054.121916562291
20.04302883815133	-1052.47126166976
20.07524327002389	-1050.825767210521
20.10745770189646	-1049.185409022232
20.13967213376902	-1047.550163096003
20.17188656564159	-1045.920005575161
20.20410099751415	-1044.294912754034
20.23631542938671	-1042.674861076726
20.26852986125928	-1041.059827135919
20.30074429313184	-1039.449787671695
20.33295872500441	-1037.844718347591
20.36517315687697	-1036.24459875443
20.39738758874953	-1034.649404832256
20.4296020206221	-1033.059113887231
20.46181645249466	-1031.473703362161
20.49403088436723	-1029.893150835492
20.52624531623979	-1028.317434020318
20.55845974811236	-1026.746530763383
20.59067417998492	-1025.180419044108
20.62288861185748	-1023.619076973623
20.65510304373005	-1022.062482785047
20.68731747560261	-1020.510614868332
20.71953190747518	-1018.963451715148
20.75174633934774	-1017.420971953808
20.7839607712203	-1015.883154339558
20.81617520309287	-1014.349977753663
20.84838963496543	-1012.821421202486
20.880604066838	-1011.297463816583
20.91281849871056	-1009.778084849806
20.94503293058312	-1008.263263678415
20.97724736245569	-1006.752980367162
21.00946179432825	-1005.247213347914
21.04167622620082	-1003.745942931296
21.07389065807338	-1002.24914897986
21.10610508994595	-1000.756811476538
21.13831952181851	-999.2689105237536
21.17053395369107	-997.785426342524
21.20274838556364	-996.3063392715927
21.2349628174362	-994.8316297665513
21.26717724930877	-993.3612783989751
21.29939168118133	-991.8952672095636
21.33160611305389	-990.4335741641611
21.36382054492646	-988.9761815462522
21.39603497679902	-987.5230703961741
21.42824940867159	-986.0742218714823
21.46046384054415	-984.6296172459902
21.49267827241671	-983.1892379088034
21.52489270428928	-981.753065363375
21.55710713616184	-980.3210812265681
21.58932156803441	-978.8932672277277
21.62153599990697	-977.4696047437163
21.65375043177954	-976.0500766979429
21.6859648636521	-974.634664682236
21.71817929552466	-973.2233508621591
21.75039372739723	-971.8161175093973
21.78260815926979	-970.412947000948
21.81482259114236	-969.0138218183027
21.84703702301492	-967.6187245466544
21.87925145488748	-966.2276378740977
21.91146588676005	-964.8405445908442
21.94368031863261	-963.457422614518
21.97589475050518	-962.0782653345066
22.00810918237774	-960.703050837883
22.0403236142503	-959.3317622710346
22.07253804612287	-957.9643828575979
22.10475247799543	-956.6008958978585
22.136966909868	-955.2412847681564
22.16918134174056	-953.8855329203093
22.20139577361313	-952.5336238810036
22.23361020548569	-951.1855412512278
22.26582463735825	-949.8412812803572
22.29803906923082	-948.5008013726771
22.33025350110338	-947.1640980822216
22.36246793297595	-945.831155427746
22.39468236484851	-944.50195754896
22.42689679672107	-943.1764887043797
22.45911122859364	-941.8547332692619
22.4913256604662	-940.5366757335936
22.52354009233877	-939.2223007001671
22.55575452421133	-937.9115928826866
22.58796895608389	-936.6045223463547
22.62018338795646	-935.3011048575448
22.65239781982902	-934.0013106188022
22.68461225170159	-932.7051246417751
22.71682668357415	-931.4125319778699
22.74904111544672	-930.1235177165871
22.78125554731928	-928.8380669838176
22.81346997919184	-927.5561649400524
22.84568441106441	-926.2777967785327
22.87789884293697	-925.0029477233196
22.91011327480954	-923.7316352217464
22.9423277066821	-922.4637770836404
22.97454213855466	-921.1993912523684
23.00675657042723	-919.9384633782612
23.03897100229979	-918.6809792545965
23.07118543417236	-917.4269248118723
23.10339986604492	-916.1762861124968
23.13561429791748	-914.929049345861
23.16782872979005	-913.6852008237462
23.20004316166261	-912.4447269760581
23.23225759353518	-911.2076053768212
23.26447202540774	-909.9738415466165
23.29668645728031	-908.7434130590159
23.32890088915287	-907.5163066724145
23.36111532102543	-906.2925092155948
23.393329752898	-905.072007587262
23.42554418477056	-903.854788755569
23.45775861664313	-902.6408397576549
23.48997304851569	-901.4301476991833
23.52218748038825	-900.2226997538872
23.55440191226082	-899.0184698250705
23.58661634413338	-897.8174729236016
23.61883077600595	-896.6196832463459
23.65104520787851	-895.4250881645094
23.68325963975107	-894.2336750512679
23.71547407162364	-893.0454312766211
23.7476885034962	-891.8603442017229
23.77990293536877	-890.6784011726089
23.81211736724133	-889.4995895132244
23.8443317991139	-888.3238965176818
23.87654623098646	-887.1514083731112
23.90876066285902	-885.9819034125395
23.94097509473159	-884.8154713849908
23.97318952660415	-883.6521005660775
24.00540395847672	-882.4917793820529
24.03761839034928	-881.3344963916218
24.06983282222184	-880.1802402714297
24.10204725409441	-879.0289998044088
24.13426168596697	-877.8807638703115
24.16647611783954	-876.7355214379729
24.1986905497121	-875.5932457917198
24.23090498158466	-874.4539589570226
24.26311941345723	-873.3176343318463
24.29533384532979	-872.1842610864767
24.32754827720236	-871.0538284013626
24.35976270907492	-869.9263254590446
24.39197714094749	-868.8017414340256
24.42419157282005	-867.6800654799547
24.45640600469261	-866.5612867131836
24.48862043656518	-865.4453941914685
24.52083486843774	-864.3333748359157
24.55304930031031	-863.2229253215786
24.58526373218287	-862.1153966241012
24.61747816405543	-861.010737972038
24.649692595928	-859.9089228259949
24.68190702780056	-858.8099332596605
24.71412145967313	-857.7137550591134
24.74633589154569	-856.6203758398694
24.77855032341825	-855.5297842154213
24.81076475529082	-854.4419693904805
24.84297918716338	-853.3563549147818
24.87519361903595	-852.27433010649
24.90740805090851	-851.1949191512853
24.93962248278108	-850.1181936777582
24.97183691465364	-849.0441681469723
25.0040513465262	-847.9728427081908
25.03626577839877	-846.9042125497726
25.06848021027133	-845.8382707821421
25.1006946421439	-844.775009532651
25.13290907401646	-843.7144204249275
25.16512350588902	-842.6564363162464
25.19733793776159	-841.6011740161861
25.22955236963415	-840.5485607668056
25.26176680150672	-839.4985867858746
25.29398123337928	-838.4512422863187
25.32619566525184	-837.4065174714393
25.35841009712441	-836.3644025295814
25.39062452899697	-835.3248876281347
25.42283896086954	-834.287962906795
25.4550533927421	-833.2536184699626
25.48726782461467	-832.2218435614981
25.51948225648723	-831.1926298607871
25.55169668835979	-830.1659665338145
25.58391112023236	-829.1418434481968
25.61612555210492	-828.1202503753383
25.64833998397749	-827.1011769725801
25.68055441585005	-826.0846127625045
25.71276884772261	-825.0705471088227
25.74498327959518	-824.0589691881646
25.77719771146774	-823.0498679569505
25.80941214334031	-822.0300058966967
25.84162657521287	-821.0442668762845
25.87384100708543	-820.0391056895907
25.906055438958	-819.0387703903887
25.93826987083056	-818.0413129544245
25.97048430270313	-817.0464350665892
26.00269873457569	-816.0540419970756
26.03491316644826	-815.064090782729
26.06712759832082	-814.0765566504099
26.09934203019338	-813.0914225864896
26.13155646206595	-812.1089363882501
26.16377089393851	-811.1285189476863
26.19598532581108	-810.1504567462902
26.22819975768364	-809.1747447264958
26.2604141895562	-808.201377843336
26.29262862142877	-807.2303510644
26.32484305330133	-806.2616593698154
26.3570574851739	-805.2952977522191
26.38927191704646	-804.3312612167257
26.42148634891903	-803.3695447809034
26.45370078079159	-802.4102910763038
26.48591521266415	-801.4531950138597
26.51812964453672	-800.4983894444864
26.55034407640928	-799.5458678744153
26.58255850828185	-798.5956241539157
26.61477294015441	-797.6476526088422
26.64698737202697	-796.7019482447266
26.67920180389954	-795.7585070748291
26.7114162357721	-794.817326669712
26.74363066764467	-793.8784071249364
26.77584509951723	-792.9420271818178
26.80805953138979	-792.0077073511648
26.84027396326236	-791.0756782741691
26.87248839513492	-790.1459732959476
26.90470282700749	-789.2186626268541
26.93691725888005	-788.2939073992912
26.96913169075262	-787.3721484679619
27.00134612262518	-786.45510026869
27.03356055449774	-785.5613923592419
27.06577498637031	-784.5839209683949
27.09798941824287	-783.6960726419818
27.13020385011544	-782.782795788245
27.162418281988	-781.8714914691027
27.19463271386056	-780.9620692108558
27.22684714573313	-780.0543426100809
27.25906157760569	-779.1478371085759
27.29127600947826	-778.2408267743904
27.32349044135082	-777.3177174951124
27.35570487322338	-776.4866080961299
27.38791930509595	-775.5680975281351
27.42013373696851	-774.6587216859598
27.45234816884108	-773.7672499159684
27.48456260071364	-772.8780445475436
27.51677703258621	-771.9912027335079
27.54899146445877	-771.106935289013
27.58120589633133	-770.2257801985661
27.6134203282039	-769.349587308937
27.64563476007646	-768.4914394242646
27.67784919194903	-767.5099094197536
27.71006362382159	-766.686078191331
27.74227805569415	-765.8345436513964
27.77449248756672	-764.9621885623926
27.80670691943928	-764.0916242021539
27.83892135131185	-763.2227878919166
27.87113578318441	-762.3555785767785
27.90335021505697	-761.489817854353
27.93556464692954	-760.6251514514022
27.9677790788021	-759.7607487011725
27.99999351067467	-758.8940660286964
28.03220794254723	-758.0116022953092
28.0644223744198	-757.2026250416764
28.09663680629236	-756.3514951499085
28.12885123816492	-755.5027274705881
28.16106567003749	-754.6565585769691
28.19328010191005	-753.8134940798901
28.22549453378262	-752.9748233685165
28.25770896565518	-752.1450489809292
28.28992339752774	-751.3580914972772
28.32213782940031	-750.2971362473343
28.35435226127287	-749.5590699671005
28.38656669314544	-748.7781881878243
28.418781125018	-747.9443872142405
28.45099555689056	-747.1119064842483
28.48320998876313	-746.2801309929116
28.51542442063569	-745.4463600616366
28.54763885250826	-744.5443750635741
28.57985328438082	-743.8269650372863
28.61206771625339	-742.9944375853972
28.64428214812595	-742.1706501519438
28.67649657999851	-741.3501082290566
28.70871101187108	-740.5048819353538
28.74092544374364	-739.6898194948592
28.77313987561621	-738.8768923109171
28.80535430748877	-738.0664545718518
28.83756873936133	-737.2608899682227
28.8697831712339	-736.4295472989119
28.90199760310646	-735.6368430980327
28.93421203497903	-734.8346351542573
28.96642646685159	-734.0333160564335
28.99864089872415	-733.2335811865156
29.03085533059672	-732.4883444310101
29.06306976246928	-731.7489440174318
29.09528419434185	-730.7385116359185
29.12749862621441	-730.0343385761977
29.15971305808698	-729.2584561302695
29.19192748995954	-728.4753029096302
29.2241419218321	-727.6909623811241
29.25635635370467	-726.907022506962
29.28857078557723	-726.1240783836821
29.3207852174498	-725.3424015415167
29.35299964932236	-724.5576555062061
29.38521408119492	-723.7797938850471
29.41742851306749	-723.0035600460183
29.44964294494005	-722.2289132852761
29.48185737681262	-721.4558162695257
29.51407180868518	-720.684234680407
29.54628624055774	-719.9141369030209
29.57850067243031	-719.145493752318
29.61071510430287	-718.3782782320965
29.64292953617544	-717.6124653221623
29.675143968048	-716.8474237669551
29.70735839992057	-716.0844058479961
29.73957283179313	-715.3227753454415
29.77178726366569	-714.5625075480517
29.80400169553826	-713.803576676788
29.83621612741082	-713.0459558026814
29.86843055928339	-712.289616757214
29.90064499115595	-711.5345300344105
29.93285942302851	-710.7806646837306
29.96507385490108	-710.0279881927307
29.99728828677364	-709.2752920516322
30.02950271864621	-708.5249197021818
30.06171715051877	-707.7757482218708
30.09393158239133	-707.0277522050529
30.1261460142639	-706.2809005395958
30.15836044613646	-705.5351544517226
30.19057487800903	-704.7904646893356
30.22278930988159	-704.0467673657979
30.25500374175416	-703.3039776569906
30.28721817362672	-702.5619799361558
30.31943260549928	-701.8349784154877
30.35164703737185	-701.0970851033995
30.38386146924441	-700.3585491637058
30.41607590111698	-699.6171973113919
30.44829033298954	-698.8666857979287
30.4805047648621	-698.0771910484519
30.51271919673467	-695.7262983531716
30.54493362860723	-696.910132002567
30.5771480604798	-696.108369146314
30.60936249235236	-695.362538064027
30.64157692422492	-694.5646054375702
30.67379135609749	-693.858450697121
30.70600578797005	-693.1534325021531
30.73822021984262	-692.4492942053033
30.77043465171518	-691.7457915915287
30.80264908358775	-691.0426919257532
30.83486351546031	-690.339773081689
30.86707794733287	-689.6368227437691
30.89929237920544	-688.9336376750314
30.931506811078	-688.2300230445519
30.96372124295057	-687.512723911096
30.99593567482313	-686.8081508641118
31.02815010669569	-686.1038946256526
31.06036453856826	-685.3999298727418
31.09257897044082	-684.6962222348873
31.12479340231339	-683.9927238560201
31.15700783418595	-683.2893660598163
31.18922226605851	-682.5860466435614
31.22143669793108	-681.8826065732047
31.25365112980364	-681.178784099547
31.28586556167621	-680.3042963293087
31.31807999354877	-679.5941229852638
31.35029442542134	-678.8889497211596
31.3825088572939	-678.1884157325156
31.41472328916646	-677.4922564519376
31.44693772103903	-676.8002713960225
31.47915215291159	-676.1123041244695
31.51136658478416	-675.428229302275
31.54358101665672	-674.7479440913067
31.57579544852928	-674.0713622700339
31.60800988040185	-673.3984101230066
31.64022431227441	-672.7290235081106
31.67243874414698	-672.0631457256051
31.70465317601954	-671.4007259441322
31.7368676078921	-670.7417180207719
31.76908203976467	-670.0860796044859
31.80129647163723	-669.4337714464455
31.8335109035098	-668.7847568634774
31.86572533538236	-668.1390013162453
31.89793976725493	-667.4964720744116
31.93015419912749	-666.8571379484531
31.96236863100005	-666.2209690730325
31.99458306287262	-665.5879367306522
32.02679749474518	-664.9580132070087
32.05901192661774	-664.331171671534
32.0912263584903	-663.7073860780695
32.12344079036286	-663.0866310817594
32.15565522223542	-662.4688819691062
32.18786965410798	-661.8541145987343
32.22008408598055	-661.2423053509801
