0
1000	1.0219978922	100000000000000.1
5	0	0	1
5	0	0	0
0.03786664528905326	480.9059636107822
0.07008107716161713	1447.038406644935
0.102295509034181	2419.163371402168
0.1345099409067449	3397.563863742188
0.1667243727793087	4382.528435474976
0.1989388046518726	5374.351256052686
0.2311532365244365	6373.332196152988
0.2633676683970003	7379.776922794164
0.2955821002695642	8393.997005650399
0.3277965321421281	9416.310034263768
0.360010964014692	10447.0397458769
0.3922253958872559	11486.51616363737
0.4244398277598198	12535.07574495157
0.4566542596323837	13593.06153979139
0.4888686915049476	14660.82335878287
0.5210831233775115	15738.71795093013
0.5532975552500754	16827.10919085234
0.5855119871226393	17926.36827543446
0.6177264189952032	19036.87392981516
0.6499408508677671	20159.01262265788
0.682155282740331	21293.17879067112
0.7143697146128949	22439.77507236639
0.7465841464854588	23599.21255106058
0.7787985783580227	24771.91100715082
0.8110130102305866	25958.29917970731
0.8432274421031505	27158.81503744918
0.8754418739757144	28373.90605918599
0.9076563058482783	29604.02952382486
0.9398707377208422	30849.65281006095
0.9720851695934061	32111.25370588489
1.00429960146597	33389.31844696696
1.036514033338534	34684.34517191963
1.068728465211098	35996.85132722554
1.100942897083662	37327.35780211604
1.133157328956226	38676.39712722604
1.165371760828789	40044.52098209396
1.197586192701353	41432.29186546762
1.229800624573917	42840.27584987444
1.262015056446481	44269.06466139841
1.294229488319045	45719.26005638924
1.326443920191609	47191.47071245599
1.358658352064173	48686.33163355679
1.390872783936737	50204.48634497842
1.423087215809301	51746.59909896831
1.455301647681865	53313.35208423471
1.487516079554428	54905.42449228038
1.519730511426992	56523.54560640934
1.551944943299556	58168.42870613757
1.58415937517212	59840.83091238155
1.616373807044684	61541.50910623347
1.648588238917248	63271.25038718336
1.680802670789812	65030.85947531689
1.713017102662376	66821.15628561279
1.74523153453494	68642.99620840118
1.777445966407504	70497.23278484499
1.809660398280067	72384.76933913399
1.841874830152631	74306.50812797504
1.874089262025195	76263.38066561455
1.906303693897759	78256.35876397145
1.938518125770323	80286.41068779973
1.970732557642887	82354.55163643145
2.002946989515451	84461.81517604606
2.035161421388014	86609.25815234987
2.067375853260578	88797.97587886655
2.099590285133142	91029.0840814331
2.131804717005705	93303.73503746436
2.164019148878269	95623.11345578702
2.196233580750833	97988.40122673343
2.228448012623396	100400.8524946853
2.26066244449596	102861.7548112952
2.292876876368524	105372.35816761
2.325091308241087	107934.0657691289
2.357305740113651	110548.2267481997
2.389520171986215	113216.2524699996
2.421734603858778	115939.6210044923
2.453949035731342	118719.8005379211
2.486163467603906	121558.3239790629
2.518377899476469	124456.7683209115
2.550592331349033	127416.72684488
2.582806763221597	130439.8677724201
2.61502119509416	133527.8807191634
2.647235626966724	136682.5701855243
2.679450058839288	139905.6136998145
2.711664490711851	143198.9328410861
2.743878922584415	146564.4066906476
2.776093354456979	150003.9538107308
2.808307786329542	153519.6292483134
2.840522218202106	157113.4172188664
2.87273665007467	160787.4559262712
2.904951081947234	164543.8738049119
2.937165513819797	168384.9912833462
2.969379945692361	172312.9719949771
3.001594377564925	176330.2408470636
3.033808809437488	180439.203136313
3.066023241310052	184642.277296703
3.098237673182616	188942.0306149994
3.130452105055179	193341.1218460332
3.162666536927743	197842.1966144021
3.194880968800307	202448.0466586091
3.22709540067287	207161.4375807467
3.259309832545434	211985.3037311748
3.291524264417998	216922.7645513668
3.323738696290561	221976.7509354172
3.355953128163125	227150.4962167458
3.388167560035689	232447.1811971456
3.420381991908252	237870.252688171
3.452596423780816	243423.0548156583
3.48481085565338	249109.1654620481
3.517025287525943	254932.1825859608
3.549239719398507	260895.8609923567
3.581454151271071	267004.0051881451
3.613668583143634	273260.6102583532
3.645883015016198	279669.630557369
3.678097446888762	286235.3315809911
3.710311878761325	292961.9158532431
3.742526310633889	299853.8246586266
3.774740742506453	306915.5749128169
3.806955174379016	314151.7576234245
3.83916960625158	321567.2474725523
3.871384038124144	329166.848671887
3.903598469996707	336955.7506302017
3.935812901869271	344939.0316952852
3.968027333741835	353122.0482343579
4.000241765614398	361510.3449799977
4.032456197486963	370109.5315553803
4.064670629359527	378925.3524901066
4.096885061232091	387963.8574641299
4.129099493104655	397231.1349789618
4.161313924977219	406733.5517111392
4.193528356849783	416477.5697360931
4.225742788722347	426469.7978338784
4.257957220594911	436717.1674109715
4.290171652467476	447226.706171839
4.32238608434004	458005.5783807317
4.354600516212604	469061.4503560369
4.386814948085168	480401.8349958587
4.419029379957732	492034.6922124394
4.451243811830296	503967.98082969
4.48345824370286	516210.2487343996
4.515672675575424	528769.9852052942
4.547887107447989	541655.9887445738
4.580101539320553	554877.396261901
4.612315971193117	568443.5146849829
4.644530403065681	582363.9443514879
4.676744834938245	596648.5001888669
4.708959266810809	611307.4154185698
4.741173698683373	626351.1206616855
4.773388130555937	641790.2930427993
4.805602562428501	657636.1020231878
4.837816994301066	673899.850793378
4.87003142617363	690593.2467294238
4.902245858046194	707728.2507506551
4.934460289918758	725317.3217841905
4.966674721791322	743373.1733547151
4.998889153663886	761908.8549586551
5.03110358553645	780937.7968747944
5.063318017409014	800473.9652159753
5.095532449281579	820531.5765456178
5.127746881154143	841125.2532699766
5.159961313026707	862270.0706238118
5.192175744899271	883981.5593610893
5.224390176771835	906275.7479003539
5.256604608644399	929168.9828451752
5.288819040516963	952678.2001308727
5.321033472389527	976820.7223635148
5.353247904262092	1001614.463312849
5.385462336134656	1027077.862134902
5.41767676800722	1053229.835749466
5.449891199879784	1080089.824764987
5.482105631752348	1107677.821760063
5.514320063624912	1136014.584490654
5.546534495497476	1165120.970236533
5.57874892737004	1195019.401446347
5.610963359242604	1225731.85549514
5.643177791115169	1257281.765354114
5.675392222987733	1289692.582947836
5.707606654860297	1322989.341419083
5.739821086732861	1357196.858077349
5.772035518605425	1392340.819419214
5.804249950477989	1428448.465961872
5.836464382350553	1465546.702309245
5.868678814223117	1503038.114035428
5.900893246095682	1542118.402393093
5.933107677968246	1581965.345564745
5.96532210984081	1623352.77307126
5.997536541713374	1666106.533935618
6.029750973585938	1709727.052879655
6.061965405458502	1755769.242374756
6.094179837331066	1803451.519876533
6.12639426920363	1854672.112119022
6.158608701076195	1910070.266077876
6.190823132948759	2088479.192030272
6.223037564821323	2173574.218583546
6.255251996693887	2330327.384554144
6.287466428566451	2531257.452006812
6.319680860439015	2710075.894240528
6.351895292311579	3040141.761729085
6.384109724184143	3313388.921677343
6.416324156056707	3627747.182034933
6.448538587929272	4131587.018874229
6.480753019801836	4584250.615788382
6.5129674516744	5072629.869679208
6.545181883546964	5645957.267035646
6.577396315419528	6286061.183322383
6.609610747292092	7010937.774210885
6.641825179164656	8123912.071188328
6.67403961103722	9081323.314128818
6.706254042909785	10307674.30103981
6.738468474782349	11764118.04477255
6.770682906654913	12940440.15754782
6.802897338527477	14753444.81367216
6.835111770400041	16760920.60546092
6.867326202272605	18592657.3800391
6.899540634145169	21296582.03977849
6.931755066017733	23742640.25073982
6.963969497890298	26355779.93785723
6.996183929762862	29965167.07093272
7.028398361635426	33144702.54350795
7.06061279350799	36770223.14562526
7.092827225380554	41896334.70959508
7.125041657253118	46225179.96885311
7.157256089125682	51235745.15122401
7.189470520998246	57885771.03664355
7.22168495287081	63934439.76626052
7.253899384743375	70803435.09742896
7.286113816615939	79407967.55999786
7.318328248488503	87904569.3203336
7.350542680361067	97143849.48148113
7.382757112233631	108807949.3320797
7.414971544106195	120153236.3838008
7.447185975978759	132829450.3122397
7.479400407851323	148547290.5757412
7.511614839723888	163566382.5508013
7.543829271596452	180769012.6405264
7.576043703469016	198497862.7254125
7.60825813534158	221759789.4363516
7.640472567214144	244976032.1927535
7.672686999086708	270460806.0946721
7.704901430959272	300013572.3449647
7.737115862831836	331285923.6983624
7.769330294704401	365737122.2226688
7.801544726576965	406754319.561253
7.833759158449529	446844925.4271727
7.865973590322093	493260518.4443748
7.898188022194657	544199250.8885062
7.930402454067221	601469500.044454
7.962616885939785	663717529.9536183
7.994831317812349	732197863.1050488
8.027045749684913	806895440.741868
8.059260181557477	892010620.741594
8.091474613430041	983891607.2517706
8.123689045302605	1085032681.336767
8.155903477175169	1203210096.924514
8.188117909047733	1320426505.544858
8.220332340920297	1456088642.148128
8.252546772792861	1605341267.508622
8.284761204665426	1771695199.406613
8.31697563653799	1951988178.987086
8.349190068410554	2151846338.388353
8.381404500283118	2372043927.500965
8.413618932155682	2618314317.190733
8.445833364028246	2882902939.578266
8.47804779590081	3177403811.621466
8.510262227773374	3501899091.197001
8.542476659645938	3857191850.479306
8.574691091518503	4254166748.524529
8.606905523391067	4688055275.744511
8.639119955263631	5166147541.041696
8.671334387136195	5692766864.140944
8.703548819008759	6273811099.477963
8.735763250881323	6912897482.525243
8.767977682753887	7617051216.548707
8.800192114626451	8392812832.918797
8.832406546499016	9249462937.920698
8.86462097837158	10189394286.64599
8.896835410244144	11226275547.06536
8.929049842116708	12368507433.64646
8.961264273989272	13626474340.22372
8.993478705861836	15013853522.31799
9.0256931377344	16540415084.63233
9.057907569606964	18222275735.41611
9.090122001479529	20075085462.37071
9.122336433352093	22114982591.10036
9.154550865224657	24364339841.49688
9.186765297097221	26840454478.03093
9.218979728969785	29568033155.09364
9.251194160842349	32572613258.92093
9.283408592714913	35879369374.39498
9.315623024587477	39528296087.98888
9.347837456460041	43543634384.03776
9.380051888332606	47966675821.93507
9.41226632020517	52838736530.37566
9.444480752077734	58203742534.10947
9.476695183950298	64117304963.18911
9.508909615822862	70628343030.28244
9.541124047695426	77800381618.13109
9.57333847956799	85700508541.83017
9.605552911440554	94401819419.21263
9.637767343313119	103987583358.7812
9.669981775185683	114545142859.2218
9.702196207058247	126174194139.4359
9.734410638930811	138983607951.4102
9.766625070803375	153092619504.0428
9.798839502675939	168638242297.179
9.831053934548503	185752382845.7914
9.863268366421067	204607723893.3132
9.895482798293632	225376531809.4751
9.927697230166196	248252780560.8044
9.95991166203876	273450188635.9357
9.992126093911324	301206425399.7153
10.02434052578389	331777003989.8302
10.05655495765645	365450490790.4756
10.08876938952902	402541136571.4536
10.12098382140158	443395315934.8383
10.15319825327414	488394877824.0564
10.18541268514671	537961868254.9648
10.21762711701927	592557369669.8224
10.24984154889184	652693281170.0425
10.2820559807644	718931371373.0494
10.31427041263697	791890507736.8542
10.34648484450953	872252602657.4595
10.37869927638209	960771112898.9237
10.41091370825466	1058269247383.924
10.44312814012722	1165661275019.121
10.47534257199979	1283950772331.558
10.50755700387235	1414242809252.407
10.53977143574491	1557755400159.949
10.57198586761748	1715838700100.273
10.60420029949004	1889945948939.89
10.63641473136261	2081727815676.013
10.66862916323517	2292969937098.916
10.70084359510773	2525646470012.066
10.7330580269803	2781932218440.531
10.76527245885286	3064222678933.766
10.79748689072543	3375157978344.111
10.82970132259799	3717641781243.625
10.86191575447056	4094877160060.725
10.89413018634312	4510390079589.023
10.92634461821568	4968064148142.824
10.95855905008825	5472177096422.263
10.99077348196081	6027440638054.128
11.02298791383338	6639047734433.861
11.05520234570594	7312710592930.996
11.0874167775785	8054728698578.301
11.11963120945107	8872037523830.062
11.15184564132363	9772276153424.729
11.1840600731962	10763859495975.62
11.21627450506876	11856055306795.47
11.24848893694132	13059075243845.21
11.28070336881389	14384158694338.45
11.31291780068645	15843694973795.12
11.34513223255902	17451325850684.8
11.37734666443158	19222077404695.87
11.40956109630415	21172501094453.42
11.44177552817671	23320827558992.49
11.47398996004927	25687135269037.88
11.50620439192184	28293548151282.26
11.5384188237944	31164421509312.22
11.57063325566697	34326592224973.92
11.60284768753953	37809616406917.21
11.63506211941209	41646049948093.97
11.66727655128466	45871751734505.84
11.69949098315722	50526219266726.97
11.73170541502979	55652965771227.45
11.76391984690235	61299886993596.18
11.79613427877491	67519786615396.15
11.82834871064748	74370794891852
11.86056314252004	81916947223022.36
11.89277757439261	90228776976609.88
11.92499200626517	99383973949791.91
11.95720643813774	109468110743198.9
11.9894208700103	120575439811381.1
12.02163530188286	132809790947607.7
12.05384973375543	146285504756738.9
12.08606416562799	161128542258511
12.11827859750056	177477638779862.2
12.15049302937312	195485607438090.5
12.18270746124568	215320766268608.8
12.21492189311825	237168511712831.5
12.24713632499081	261233051246457.8
12.27935075686338	287739314746700.8
12.31156518873594	316935047451681.4
12.3437796206085	349093140796554.4
12.37599405248107	384514170309362.8
12.40820848435363	423529210375026.1
12.4404229162262	466502927702044.1
12.47263734809876	513836989934075.6
12.50485177997133	565973819774634
12.53706621184389	623400730220000.2
12.56928064371645	686654482894185.1
12.60149507558902	756326291563507.2
12.63370950746158	833067368845372.2
12.66592393933415	917594996527501
12.69813837120671	1010699237132675
12.73035280307927	1113250315437648
12.76256723495184	1226206753623092
12.7947816668244	1350624329882471
12.82699609869697	1487665946048571
12.85921053056953	1638612514124604
12.89142496244209	1804874850751944
12.92363939431466	1988007011788871
12.95585382618722	2189720673676428
12.98806825805979	2411901201893480
13.02028268993235	2656625261639826
13.05249712180492	2926180223007273
13.08471155367748	3223085543379112
13.11692598555004	3550116315061376
13.14914041742261	3910329202899484
13.18135484929517	4307091016385327
13.21356928116774	4744110167220508
13.2457837130403	5225471349947140
13.27799814491286	5755673701012099
13.31021257678543	6339672859963301
13.34242700865799	6982927284510419
13.37464144053056	7691449272530050
13.40685587240312	8471861150939915
13.43907030427568	9331457174901512
13.47128473614825	1.027827170339987e+16
13.50349916802081	1.132115428933674e+16
13.53571359989338	1.246985241222517e+16
13.56792803176594	1.373510254057387e+16
13.60014246363851	1.51287305261298e+16
13.63235689551107	1.66637621111326e+16
13.66457132738363	1.83545446760689e+16
13.6967857592562	2.021688134337184e+16
13.72900019112876	2.226817867611387e+16
13.76121462300133	2.452760937088325e+16
13.79342905487389	2.70162914552394e+16
13.82564348674645	2.975748566656801e+16
13.85785791861902	3.277681294029964e+16
13.89007235049158	3.610249347440748e+16
13.92228678236415	3.976561128543194e+16
13.95450121423671	4.380040394107954e+16
13.98671564610927	4.824458295463593e+16
14.01893007798184	5.313968617974413e+16
14.0511445098544	5.853146603448418e+16
14.08335894172697	6.447031712965371e+16
14.11557337359953	7.101174727672619e+16
14.1477878054721	7.821689628739192e+16
14.18000223734466	8.615310741424874e+16
14.21221666921722	9.489455676671664e+16
14.24443110108979	1.045229465961436e+17
14.27664553296235	1.151282689062543e+17
14.30885996483492	1.268096465689848e+17
14.34107439670748	1.396762597587374e+17
14.37328882858004	1.538483663922464e+17
14.40550326045261	1.694584261039783e+17
14.43771769232517	1.866523382643804e+17
14.46993212419774	2.055908056076844e+17
14.5021465560703	2.264508362183989e+17
14.53436098794286	2.494273979106157e+17
14.56657541981543	2.74735240460636e+17
14.59878985168799	3.026109027353722e+17
14.63100428356056	3.333149234627217e+17
14.66321871543312	3.67134276298629e+17
14.69543314730569	4.043850519935179e+17
14.72764757917825	4.454154126567892e+17
14.75986201105081	4.906088457897374e+17
14.79207644292338	5.403877484723834e+17
14.82429087479594	5.952173752098555e+17
14.85650530666851	6.556101863220737e+17
14.88871973854107	7.221306375463464e+17
14.92093417041363	7.954004555839425e+17
14.9531486022862	8.761044489132458e+17
14.98536303415876	9.649969081906815e+17
15.01757746603133	1.062908656022825e+18
15.04979189790389	1.170754812036627e+18
15.08200632977645	1.28954334577428e+18
15.11422076164902	1.420384497422729e+18
15.14643519352158	1.564501154335159e+18
15.17864962539415	1.723240280388805e+18
15.21086405726671	1.898085504970697e+18
15.24307848913928	2.090670989250565e+18
15.27529292101184	2.302796699347928e+18
15.3075073528844	2.536445229129975e+18
15.33972178475697	2.793800329838481e+18
15.37193621662953	3.077267319787088e+18
15.4041506485021	3.389495564809598e+18
15.43636508037466	3.733403239600404e+18
15.46857951224722	4.112204601369013e+18
15.50079394411979	4.529440030660339e+18
15.53300837599235	4.989009120188866e+18
15.56522280786492	5.495207120824267e+18
15.59743723973748	6.052765085428434e+18
15.62965167161004	6.666894085724582e+18
15.66186610348261	7.343333915366837e+18
15.69408053535517	8.088406734507465e+18
15.72629496722774	8.909076157086124e+18
15.7585093991003	9.813012333186355e+18
15.79072383097287	1.080866363460587e+19
15.82293826284543	1.19053356137023e+19
15.85515269471799	1.311327797334619e+19
15.88736712659056	1.444378036090304e+19
15.91958155846312	1.590927788140956e+19
15.95179599033569	1.752346731619027e+19
15.98401042220825	1.930143513283786e+19
16.01622485408081	2.125979848325272e+19
16.04843928595338	2.341686050714692e+19
16.08065371782594	2.579278139266379e+19
16.11286814969851	2.840976679273526e+19
16.14508258157107	3.129227535806054e+19
16.17729701344363	3.446724732627981e+19
16.2095114453162	3.79643563036886e+19
16.24172587718876	4.181628659257142e+19
16.27394030906133	4.605903865601279e+19
16.30615474093389	5.073226557485172e+19
16.33836917280646	5.587964364140159e+19
16.37058360467902	6.154928055328566e+19
16.40279803655158	6.779416502220281e+19
16.43501246842415	7.467266199963884e+19
16.46722690029671	8.224905814765347e+19
16.49944133216928	9.059416265256834e+19
16.53165576404184	9.97859689965706e+19
16.5638701959144	1.099103838718864e+20
16.59608462778697	1.210620300495426e+20
16.62829905965953	1.333451307065586e+20
16.6605134915321	1.468744834753537e+20
16.69272792340466	1.617765333191934e+20
16.72494235527722	1.781905542597454e+20
16.75715678714979	1.962699510011646e+20
16.78937121902235	2.161836926148388e+20
16.82158565089492	2.381178916833891e+20
16.85380008276748	2.62277543662117e+20
16.88601451464005	2.888884427127555e+20
16.91822894651261	3.181992919151808e+20
16.95044337838517	3.504840275755087e+20
16.98265781025774	3.860443793559059e+20
17.0148722421303	4.252126901489706e+20
17.04708667400287	4.683550220513597e+20
17.07930110587543	5.158745774627083e+20
17.11151553774799	5.68215467282082e+20
17.14372996962056	6.258668614172554e+20
17.17594440149312	6.893675603948229e+20
17.20815883336569	7.593110307960571e+20
17.24037326523825	8.363509515746464e+20
17.27258769711081	9.212073230921101e+20
17.30480212898338	1.014673195958685e+21
17.33701656085594	1.117622082565992e+21
17.36923099272851	1.231016120574445e+21
17.40144542460107	1.355915064645072e+21
17.43365985647364	1.493486190448227e+21
17.4658742883462	1.645015203504652e+21
17.49808872021876	1.811918254806964e+21
17.53030315209133	1.995755175508122e+21
17.56251758396389	2.199869707063214e+21
17.59473201583646	2.423084749598415e+21
17.62694644770902	2.66894884007704e+21
17.65916087958158	2.939760118259688e+21
17.69137531145415	3.238049910143149e+21
17.72358974332671	3.566606388760329e+21
17.75580417519928	3.928500635776109e+21
17.78801860707184	4.327115347484986e+21
17.82023303894441	4.766176453535258e+21
17.85244747081697	5.249787943917689e+21
17.88466190268953	5.782470229760765e+21
17.9168763345621	6.369202396492183e+21
17.94909076643466	7.015468744325155e+21
17.98130519830723	7.727310051075755e+21
18.01351963017979	8.511380036489004e+21
18.04573406205235	9.375007555858147e+21
18.07794849392492	1.032626510425596e+22
18.11016292579748	1.137404427171903e+22
18.14237735767005	1.252813885467183e+22
18.17459178954261	1.379933640044395e+22
18.20680622141517	1.519951904057806e+22
18.23902065328774	1.674177455541558e+22
18.2712350851603	1.844051870814087e+22
18.30344951703287	2.031162999170013e+22
18.33566394890543	2.237259804818535e+22
18.367878380778	2.464268714796679e+22
18.40009281265056	2.714311625567084e+22
18.43230724452312	2.989725737121087e+22
18.46452167639569	3.293085399098353e+22
18.49673610826825	3.62722617218788e+22
18.52895054014082	3.99527133656287e+22
18.56116497201338	4.400661081534367e+22
18.59337940388594	4.847184664166717e+22
18.62559383575851	5.339015827137986e+22
18.65780826763107	5.88075181234143e+22
18.69002269950364	6.477456331290451e+22
18.7222371313762	7.134706897209798e+22
18.75445156324876	7.858646959173698e+22
18.78666599512133	8.656043325617943e+22
18.81888042699389	9.534349415663329e+22
18.85109485886646	1.050177492708343e+23
18.88330929073902	1.156736257395477e+23
18.91552372261159	1.274107261152378e+23
18.94773815448415	1.403387593541278e+23
18.97995258635671	1.545785662962535e+23
19.01216701822928	1.702632491837571e+23
19.04438145010184	1.875394157908095e+23
19.07659588197441	2.065685498063221e+23
19.10881031384697	2.275285202373699e+23
19.14102474571953	2.50615243998593e+23
19.1732391775921	2.760445171769449e+23
19.20545360946466	3.040540321217028e+23
19.23766804133723	3.34905599205524e+23
19.26988247320979	3.688875940076215e+23
19.30209690508235	4.063176528268808e+23
19.33431133695492	4.475456416889831e+23
19.36652576882748	4.929569265364561e+23
19.39874020070005	5.429759755532514e+23
19.43095463257261	5.98070326340654e+23
19.46316906444518	6.587549566770133e+23
19.49538349631774	7.255970973962157e+23
19.5275979281903	7.992215349083937e+23
19.55981236006287	8.803164511971089e+23
19.59202679193543	9.696398559094142e+23
19.624241223808	1.068026672650809e+24
19.65645565568056	1.176396541626325e+24
19.68867008755312	1.295762417022835e+24
19.72088451942569	1.427240034933534e+24
19.75309895129825	1.572058342026088e+24
19.78531338317082	1.731570982582673e+24
19.81752781504338	1.907268952704066e+24
19.84974224691594	2.100794534848543e+24
19.88195667878851	2.3139566502783e+24
19.91417111066107	2.548747766236915e+24
19.94638554253364	2.807362520602882e+24
19.9785999744062	3.092218235632132e+24
20.01081440627877	3.40597751230217e+24
20.04302883815133	3.751573119386232e+24
20.07524327002389	4.132235405707027e+24
20.10745770189646	4.551522494720107e+24
20.13967213376902	5.013353544008554e+24
20.17188656564159	5.522045377156819e+24
20.20410099751415	6.082352834712939e+24
20.23631542938671	6.699513218691588e+24
20.26852986125928	7.379295245574424e+24
20.30074429313184	8.128052969407255e+24
20.33295872500441	8.952785172269713e+24
20.36517315687697	9.861200784791104e+24
20.39738758874953	1.086179094271185e+25
20.4296020206221	1.196390835439619e+25
20.46181645249466	1.317785472315565e+25
20.49403088436723	1.45149770392976e+25
20.52624531623979	1.598777364176148e+25
20.55845974811236	1.761001104319031e+25
20.59067417998492	1.93968526085563e+25
20.62288861185748	2.136500028809864e+25
20.65510304373005	2.353285073763937e+25
20.68731747560261	2.592066726971293e+25
20.71953190747518	2.855076926387845e+25
20.75174633934774	3.14477407881198e+25
20.7839607712203	3.463866039038997e+25
20.81617520309287	3.815335420775157e+25
20.84838963496543	4.202467475698162e+25
20.880604066838	4.628880801255332e+25
20.91281849871056	5.098561164448259e+25
20.94503293058312	5.615898757578555e+25
20.97724736245569	6.185729234092009e+25
21.00946179432825	6.813378908459925e+25
21.04167622620082	7.504714542295912e+25
21.07389065807338	8.266198181894161e+25
21.10610508994595	9.104947560396274e+25
21.13831952181851	1.002880262853296e+26
21.17053395369107	1.104639883609886e+26
21.20274838556364	1.216724784918736e+26
21.2349628174362	1.340182645760683e+26
21.26717724930877	1.476167450357428e+26
21.29939168118133	1.625950275879475e+26
21.33160611305389	1.7909311667493e+26
21.36382054492646	1.972652235272861e+26
21.39603497679902	2.172812060251936e+26
21.42824940867159	2.393281576767326e+26
21.46046384054415	2.636121552646564e+26
21.49267827241671	2.903601859103979e+26
21.52489270428928	3.198222687939866e+26
21.55710713616184	3.522737914328732e+26
21.58932156803441	3.880180842676346e+26
21.62153599990697	4.273892573285668e+26
21.65375043177954	4.707553173028724e+26
21.6859648636521	5.185216177739277e+26
21.71817929552466	5.711346389426161e+26
21.75039372739723	6.290861645670696e+26
21.78260815926979	6.929178772366424e+26
21.81482259114236	7.632264262469219e+26
21.84703702301492	8.406689972066945e+26
21.87925145488748	9.25969461616226e+26
21.91146588676005	1.019925139053082e+27
21.94368031863261	1.123414250096265e+27
21.97589475050518	1.237404127527757e+27
22.00810918237774	1.362960257093519e+27
22.0403236142503	1.501256234460162e+27
22.07253804612287	1.653584736751641e+27
22.10475247799543	1.821369614146127e+27
22.136966909868	2.006179176174983e+27
22.16918134174056	2.209740876709772e+27
22.20139577361313	2.433957441834501e+27
22.23361020548569	2.680924669344536e+27
22.26582463735825	2.952951007652334e+27
22.29803906923082	3.252579139085413e+27
22.33025350110338	3.582609742592522e+27
22.36246793297595	3.946127677667229e+27
22.39468236484851	4.346530814818322e+27
22.42689679672107	4.787561796912611e+27
22.45911122859364	5.273343024320725e+27
22.4913256604662	5.808415186990838e+27
22.52354009233877	6.397779703997901e+27
22.55575452421133	7.046945497514245e+27
22.58796895608389	7.761980358999096e+27
22.62018338795646	8.549567959097529e+27
22.65239781982902	9.417070008660948e+27
22.68461225170159	1.03725951179156e+28
22.71682668357415	1.142507487093642e+28
22.74904111544672	1.25843470785639e+28
22.78125554731928	1.386124726887367e+28
22.81346997919184	1.52677112975255e+28
22.84568441106441	1.681688333766632e+28
22.87789884293697	1.852325026137716e+28
22.91011327480954	2.040275535223034e+28
22.9423277066821	2.247296869831953e+28
22.97454213855466	2.475324135362964e+28
23.00675657042723	2.726488708851732e+28
23.03897100229979	3.003138262955831e+28
23.07118543417236	3.307858753659315e+28
23.10339986604492	3.643498401893327e+28
23.13561429791748	4.013194465612666e+28
23.16782872979005	4.420402701800003e+28
23.20004316166261	4.868929225401159e+28
23.23225759353518	5.362966555945389e+28
23.26447202540774	5.907132506379071e+28
23.29668645728031	6.5065135461955e+28
23.32890088915287	7.166712190093536e+28
23.36111532102543	7.893899415448807e+28
23.393329752898	8.694872387758608e+28
23.42554418477056	9.577117997813278e+28
23.45775861664313	1.054888267954753e+29
23.48997304851569	1.161924973445745e+29
23.52218748038825	1.2798224108052e+29
23.55440191226082	1.409682584573685e+29
23.58661634413338	1.552719322934356e+29
23.61883077600595	1.710269622026917e+29
23.65104520787851	1.883806125933474e+29
23.68325963975107	2.074950915527391e+29
23.71547407162364	2.285490660312445e+29
23.7476885034962	2.517393307735736e+29
23.77990293536877	2.772826497853842e+29
23.81211736724133	3.054177813889039e+29
23.8443317991139	3.364077093967909e+29
23.87654623098646	3.70542102648905e+29
23.90876066285902	4.081400218468432e+29
23.94097509473159	4.495529014070368e+29
23.97318952660415	4.951678348095469e+29
24.00540395847672	5.454111939087549e+29
24.03761839034928	6.007526120863861e+29
24.06983282222184	6.617093757174125e+29
24.10204725409441	7.288512590741374e+29
24.13426168596697	8.028058481286655e+29
24.16647611783954	8.842644633692091e+29
24.1986905497121	9.73988370633758e+29
24.23090498158466	1.07281636402059e+30
24.26311941345723	1.181672048332492e+30
24.29533384532979	1.301573292346684e+30
24.32754827720236	1.433640452665735e+30
24.35976270907492	1.579108092005742e+30
24.39197714094749	1.739336000569002e+30
24.42419157282005	1.915821768893075e+30
24.45640600469261	2.110215065988057e+30
24.48862043656518	2.324332962421001e+30
24.52083486843774	2.560176803984895e+30
24.55304930031031	2.819951084579316e+30
24.58526373218287	3.106083980939394e+30
24.61747816405543	3.421250004322521e+30
24.649692595928	3.768395069193218e+30
24.68190702780056	4.150764039867213e+30
24.71412145967313	4.571930932674953e+30
24.74633589154569	5.035832504486581e+30
24.77855032341825	5.546804988507637e+30
24.81076475529082	6.109624358199992e+30
24.84297918716338	6.729551551866108e+30
24.87519361903595	7.412381078078167e+30
24.90740805090851	8.164495511083101e+30
24.93962248278108	8.992924949894309e+30
24.97183691465364	9.905412887824637e+30
25.0040513465262	1.091048853789898e+31
25.03626577839877	1.201754646433717e+31
25.06848021027133	1.323693445394605e+31
25.1006946421439	1.458005134146936e+31
25.13290907401646	1.605944958541725e+31
25.16512350588902	1.768895863033083e+31
25.19733793776159	1.948381037277669e+31
25.22955236963415	2.146077968246818e+31
25.26176680150672	2.363834708721898e+31
25.29398123337928	2.603686462075454e+31
25.32619566525184	2.867875762243905e+31
25.35841009712441	3.158871372477531e+31
25.39062452899697	3.479393502214228e+31
25.42283896086954	3.83243827542627e+31
25.4550533927421	4.221305425244738e+31
25.48726782461467	4.6496298895081e+31
25.51948225648723	5.121415352442066e+31
25.55169668835979	5.641071536281868e+31
25.58391112023236	6.213455830518873e+31
25.61612555210492	6.84392028211898e+31
25.64833998397749	7.538352398580963e+31
25.68055441585005	8.30324863147434e+31
25.71276884772261	9.145756727488649e+31
25.74498327959518	1.007375229338468e+32
25.77719771146774	1.109590861170599e+32
25.80941214334031	1.22217804098514e+32
25.84162657521287	1.346189167943445e+32
25.87384100708543	1.482783318869654e+32
25.906055438958	1.633237326578359e+32
25.93826987083056	1.798957435975652e+32
25.97048430270313	1.981492860900484e+32
26.00269873457569	2.182549571509883e+32
26.03491316644826	2.404006955910942e+32
26.06712759832082	2.647935058832905e+32
26.09934203019338	2.916613830040829e+32
26.13155646206595	3.21255474490555e+32
26.16377089393851	3.538523983290102e+32
26.19598532581108	3.897568398963532e+32
26.22819975768364	4.29304408840404e+32
26.2604141895562	4.728647602601466e+32
26.29262862142877	5.208450666255116e+32
26.32484305330133	5.736937980653824e+32
26.3570574851739	6.319049364864301e+32
26.38927191704646	6.960226837609041e+32
26.42148634891903	7.666461764694072e+32
26.45370078079159	8.44435670537113e+32
26.48591521266415	9.301180408698812e+32
26.51812964453672	1.024494812645998e+33
26.55034407640928	1.128447480806609e+33
26.58255850828185	1.242948261818762e+33
26.61477294015441	1.369066637334323e+33
26.64698737202697	1.50798205174107e+33
26.67920180389954	1.660992786421532e+33
26.7114162357721	1.829529514989032e+33
26.74363066764467	2.01516667025881e+33
26.77584509951723	2.219640088517868e+33
26.80805953138979	2.444861095244206e+33
26.84027396326236	2.692934379355007e+33
26.87248839513492	2.966179041228126e+33
26.90470282700749	3.267148910972549e+33
26.93691725888005	3.598658048317335e+33
26.96913169075262	3.963803895875186e+33
27.00134612262518	4.366000216785746e+33
27.03356055449774	4.809006433703404e+33
27.06577498637031	5.296962968957282e+33
27.09798941824287	5.834431562169204e+33
27.13020385011544	6.426435140126369e+33
27.162418281988	7.078508626460934e+33
27.19463271386056	7.79674509033081e+33
27.22684714573313	8.587859466081825e+33
27.25906157760569	9.459246312003583e+33
27.29127600947826	1.041905007385567e+34
27.32349044135082	1.147624255355718e+34
27.35570487322338	1.264070544218561e+34
27.38791930509595	1.392332331442802e+34
27.42013373696851	1.533608489798968e+34
27.45234816884108	1.689219545923605e+34
27.48456260071364	1.860620151131984e+34
27.51677703258621	2.049412063028742e+34
27.54899146445877	2.257360288262011e+34
27.58120589633133	2.486408451013213e+34
27.6134203282039	2.738697530751902e+34
27.64563476007646	3.016585673964162e+34
27.67784919194903	3.322670372485255e+34
27.71006362382159	3.659812652370937e+34
27.74227805569415	4.031163900909825e+34
27.77449248756672	4.440195293053089e+34
27.80670691943928	4.890729043826253e+34
27.83892135131185	5.386977511358892e+34
27.87113578318441	5.933580457688099e+34
27.90335021505697	6.535643587190762e+34
27.93556464692954	7.198797381800841e+34
27.9677790788021	7.929239640525544e+34
27.99999351067467	8.733797962685299e+34
28.03220794254723	9.619991810605409e+34
28.0644223744198	1.05961059237172e+35
28.09663680629236	1.167126373378646e+35
28.12885123816492	1.28555150590137e+35
28.16106567003749	1.415992796902842e+35
28.19328010191005	1.559669691724249e+35
28.22549453378262	1.717925095175009e+35
28.25770896565518	1.892238198657601e+35
28.28992339752774	2.084238407759167e+35
28.32213782940031	2.295720355340009e+35
28.35435226127287	2.528660813874157e+35
28.38656669314544	2.785237019874631e+35
28.418781125018	3.067847373378895e+35
28.45099555689056	3.379133189555151e+35
28.48320998876313	3.722004418016967e+35
28.51542442063569	4.099664779777083e+35
28.54763885250826	4.515648793529288e+35
28.57985328438082	4.973838688146078e+35
28.61206771625339	5.47852002232353e+35
28.64428214812595	6.034564541919582e+35
28.67649657999851	6.646705690209845e+35
28.70871101187108	7.321128252113741e+35
28.74092544374364	8.063982335631239e+35
28.77313987561621	8.882215608237189e+35
28.80535430748877	9.783468210705676e+35
28.83756873936133	1.077617785167584e+36
28.8697831712339	1.186959373554129e+36
28.90199760310646	1.307397215761872e+36
28.93421203497903	1.44005517376616e+36
28.96642646685159	1.586173037647903e+36
28.99864089872415	1.747117922097913e+36
29.03085533059672	1.924393419064342e+36
29.06306976246928	2.119656376228448e+36
29.09528419434185	2.334731429475079e+36
29.12749862621441	2.571631860168444e+36
29.15971305808698	2.832566763732977e+36
29.19192748995954	3.119979673940022e+36
29.2241419218321	3.436554663695487e+36
29.25635635370467	3.785252784895858e+36
29.28857078557723	4.169331663298555e+36
29.3207852174498	4.592382596015285e+36
29.35299964932236	5.058358059984142e+36
29.38521408119492	5.571615851631068e+36
29.41742851306749	6.136951791431445e+36
29.44964294494005	6.75964811025471e+36
29.48185737681262	7.44553354028294e+36
29.51407180868518	8.201011219619599e+36
29.54628624055774	9.033144499453268e+36
29.57850067243031	9.949711255682835e+36
29.61071510430287	1.0959280910685e+37
29.64292953617544	1.207128805100441e+37
29.675143968048	1.329612717129319e+37
29.70735839992057	1.464524650067856e+37
29.73957283179313	1.613126207427852e+37
29.77178726366569	1.776805592820095e+37
29.80400169553826	1.957093070606149e+37
29.83621612741082	2.155673729334587e+37
29.86843055928339	2.374404199738175e+37
29.90064499115595	2.615328415767134e+37
29.93285942302851	2.88069854004526e+37
29.96507385490108	3.17299497008465e+37
29.99728828677364	3.494950550257397e+37
30.02950271864621	3.849573776887835e+37
30.06171715051877	4.240177998965356e+37
30.09393158239133	4.670417187714192e+37
30.1261460142639	5.144311289615531e+37
30.15836044613646	5.666289910001193e+37
30.19057487800903	6.241230601192021e+37
30.22278930988159	6.874508164513945e+37
30.25500374175416	7.572032238672147e+37
30.28721817362672	8.340411229575286e+37
30.31943260549928	9.186653261880753e+37
30.35164703737185	1.011878976244522e+38
30.38386146924441	1.114549286471751e+38
30.41607590111698	1.227643507666402e+38
30.44829033298954	1.352207402644305e+38
30.4805047648621	1.489411606726016e+38
30.51271919673467	1.640535308556508e+38
30.54493362860723	1.807002439424679e+38
30.5771480604798	1.990351912795164e+38
30.60936249235236	2.192306720543061e+38
30.64157692422492	2.414750528507595e+38
30.67379135609749	2.659775437699971e+38
30.70600578797005	2.9296531992156e+38
30.73822021984262	3.2269163836443e+38
30.77043465171518	3.554339802947889e+38
30.80264908358775	3.914993123513938e+38
30.83486351546031	4.31223478612585e+38
30.86707794733287	4.74978427892179e+38
30.89929237920544	5.231727863934661e+38
30.931506811078	5.762582625207473e+38
30.96372124295057	6.347292137024011e+38
30.99593567482313	6.991331608907826e+38
31.02815010669569	7.700719488117157e+38
31.06036453856826	8.482094005231246e+38
31.09257897044082	9.342741617014544e+38
31.12479340231339	1.029071607620901e+39
31.15700783418595	1.133487272230257e+39
31.18922226605851	1.24849581139101e+39
31.22143669793108	1.374978448958986e+39
31.25365112980364	1.514728459303368e+39
31.28586556167621	1.668417655162078e+39
31.31807999354877	1.837703684819134e+39
31.35029442542134	2.024073467401087e+39
31.3825088572939	2.229565281041625e+39
31.41472328916646	2.455787087785453e+39
31.44693772103903	2.704964283389331e+39
31.47915215291159	2.979349114375718e+39
31.51136658478416	3.281756435103598e+39
31.54358101665672	3.614738460919467e+39
31.57579544852928	3.981506020463107e+39
31.60800988040185	4.385461132110809e+39
31.64022431227441	4.830499409360561e+39
31.67243874414698	5.320626598592685e+39
31.70465317601954	5.860488507702294e+39
31.7368676078921	6.455120772356417e+39
31.76908203976467	7.110125846633247e+39
31.80129647163723	7.831560356557656e+39
31.8335109035098	8.626198737302906e+39
31.86572533538236	9.5014591832823e+39
31.89793976725493	1.046557464095868e+40
31.93015419912749	1.152747026276906e+40
31.96236863100005	1.269712041966821e+40
31.99458306287262	1.398545000064652e+40
32.02679749474518	1.54045412457899e+40
32.05901192661774	1.69675708846312e+40
32.0912263584903	1.86892105864942e+40
32.12344079036286	2.058553828135227e+40
32.15565522223542	2.267432484213084e+40
32.18786965410798	2.497498417006514e+40
32.22008408598055	2.750911050383241e+40
0
1000	1.0219978922	100000000000000.1
5	0	0	1
5	0	0	0
0.03786664528905326	-28789.48276244045
0.07008107716161713	-28046.21268231703
0.102295509034181	-27328.989002457
0.1345099409067449	-26636.80793733558
0.1667243727793087	-25968.70329810863
0.1989388046518726	-25323.74546195526
0.2311532365244365	-24701.04032005834
0.2633676683970003	-24099.72821179286
0.2955821002695642	-23518.9828517694
0.3277965321421281	-22958.01025554376
0.360010964014692	-22416.04766904545
0.3922253958872559	-21892.36250609239
0.4244398277598198	-21386.25129773964
0.4566542596323837	-20897.03865665595
0.4888686915049476	-20424.07625922203
0.5210831233775115	-19966.74184759814
0.5532975552500754	-19524.43825361161
0.5855119871226393	-19096.59244595989
0.6177264189952032	-18682.65460191123
0.6499408508677671	-18282.09720440647
0.682155282740331	-17894.41416522325
0.7143697146128949	-17519.11997464585
0.7465841464854588	-17155.7488778984
0.7787985783580227	-16803.85407843706
0.8110130102305866	-16463.00696805125
0.8432274421031505	-16132.79638360687
0.8754418739757144	-15812.82789015714
0.9076563058482783	-15502.7230900603
0.9398707377208422	-15202.1189576676
0.9720851695934061	-14910.66719908416
1.00429960146597	-14627.9737869806
1.036514033338534	-14353.84537459669
1.068728465211098	-14087.91091475719
1.100942897083662	-13829.87412603733
1.133157328956226	-13579.45052241254
1.165371760828789	-13336.36694151597
1.197586192701353	-13100.36108859469
1.229800624573917	-12871.18109612744
1.262015056446481	-12648.58509898999
1.294229488319045	-12432.34082499006
1.326443920191609	-12222.18352237978
1.358658352064173	-12017.9876827363
1.390872783936737	-11819.50325568179
1.423087215809301	-11626.53183825289
1.455301647681865	-11438.88273894886
1.487516079554428	-11256.37267570014
1.519730511426992	-11078.8254832
1.551944943299556	-10906.07182971755
1.58415937517212	-10737.94894343831
1.616373807044684	-10574.3003483158
1.648588238917248	-10414.94168235728
1.680802670789812	-10259.80067420097
1.713017102662376	-10108.70203641682
1.74523153453494	-9961.511428076525
1.777445966407504	-9818.099588578085
1.809660398280067	-9678.342144959002
1.841874830152631	-9542.119424238315
1.874089262025195	-9409.316271076834
1.906303693897759	-9279.821870957932
1.938518125770323	-9153.52957901929
1.970732557642887	-9030.302285196465
2.002946989515451	-8910.115042661519
2.035161421388014	-8792.835474165522
2.067375853260578	-8678.371372752026
2.099590285133142	-8566.633926285946
2.131804717005705	-8457.537595134652
2.164019148878269	-8350.999991319817
2.196233580750833	-8246.941759813712
2.228448012623396	-8145.286462482745
2.26066244449596	-8045.960465048161
2.292876876368524	-7948.806826071463
2.325091308241087	-7853.947589148115
2.357305740113651	-7761.213982798085
2.389520171986215	-7670.541103137951
2.421734603858778	-7581.866682897537
2.453949035731342	-7495.130901272953
2.486163467603906	-7410.276232726089
2.518377899476469	-7327.247319729324
2.550592331349033	-7245.990861396976
2.582806763221597	-7166.455513420275
2.61502119509416	-7088.579717451878
2.647235626966724	-7012.341458998171
2.679450058839288	-6937.681941268821
2.711664490711851	-6864.556625743287
2.743878922584415	-6792.922518458196
2.776093354456979	-6722.738103366605
2.808307786329542	-6653.963278331712
2.840522218202106	-6586.559293469991
2.87273665007467	-6520.488691530204
2.904951081947234	-6455.715249951941
2.937165513819797	-6392.2253323125
2.969379945692361	-6329.940987723379
3.001594377564925	-6268.849961746487
3.033808809437488	-6208.920365370252
3.066023241310052	-6150.121348547104
3.098237673182616	-6092.423058596165
3.130452105055179	-6035.796600438747
3.162666536927743	-5980.213998568648
3.194880968800307	-5925.648160665029
3.22709540067287	-5872.072842759983
3.259309832545434	-5819.468409255474
3.291524264417998	-5767.798104750656
3.323738696290561	-5717.043865187306
3.355953128163125	-5667.182570450112
3.388167560035689	-5618.191819092171
3.420381991908252	-5570.049901338295
3.452596423780816	-5522.735773250657
3.48481085565338	-5476.229031999939
3.517025287525943	-5430.509892188068
3.549239719398507	-5385.559163171664
3.581454151271071	-5341.360802016518
3.613668583143634	-5297.891342972775
3.645883015016198	-5255.13586934971
3.678097446888762	-5213.077388372713
3.710311878761325	-5171.699411704657
3.742526310633889	-5130.985937437362
3.774740742506453	-5090.921432827529
3.806955174379016	-5051.490817742253
3.83916960625158	-5012.679448780962
3.871384038124144	-4974.473104042388
3.903598469996707	-4936.859303137809
3.935812901869271	-4899.821820485382
3.968027333741835	-4863.348975204212
4.000241765614398	-4827.42810605146
4.032456197486963	-4792.046910567498
4.064670629359527	-4757.193432841041
4.096885061232091	-4722.856051759662
4.129099493104655	-4689.023469723285
4.161313924977219	-4655.68470180041
4.193528356849783	-4622.829065307097
4.225742788722347	-4590.446917117714
4.257957220594911	-4558.526578478516
4.290171652467476	-4527.058979045962
4.32238608434004	-4496.034557455047
4.354600516212604	-4465.44401079534
4.386814948085168	-4435.278286174099
4.419029379957732	-4405.528572600573
4.451243811830296	-4376.186293177583
4.48345824370286	-4347.24309758724
4.515672675575424	-4318.69085485799
4.547887107447989	-4290.522083063879
4.580101539320553	-4262.728151080184
4.612315971193117	-4235.301992191504
4.644530403065681	-4208.236290877097
4.676744834938245	-4181.523920112839
4.708959266810809	-4155.157935476049
4.741173698683373	-4129.13156946602
4.773388130555937	-4103.438226031136
4.805602562428501	-4078.071475294246
4.837816994301066	-4053.02504846782
4.87003142617363	-4028.29309350404
4.902245858046194	-4003.869101277035
4.934460289918758	-3979.747524382452
4.966674721791322	-3955.922694185802
4.998889153663886	-3932.389081191552
5.03110358553645	-3909.141290873652
5.063318017409014	-3886.174059652655
5.095532449281579	-3863.482251013636
5.127746881154143	-3841.06085175919
5.159961313026707	-3818.904968392252
5.192175744899271	-3797.009979762826
5.224390176771835	-3775.370893013748
5.256604608644399	-3753.98331319587
5.288819040516963	-3732.842793728587
5.321033472389527	-3711.944991949165
5.353247904262092	-3691.28566612993
5.385462336134656	-3670.860672596346
5.41767676800722	-3650.665962941822
5.449891199879784	-3630.697581335971
5.482105631752348	-3610.951661922324
5.514320063624912	-3591.409788826672
5.546534495497476	-3572.098462752629
5.57874892737004	-3552.999871668583
5.610963359242604	-3534.110483014951
5.643177791115169	-3515.426779921723
5.675392222987733	-3496.945247527595
5.707606654860297	-3478.662355373898
5.739821086732861	-3460.57453428635
5.772035518605425	-3442.678145389149
5.804249950477989	-3424.969437679977
5.836464382350553	-3384.820546173191
5.868678814223117	-3365.604768103664
5.900893246095682	-3349.083947848637
5.933107677968246	-3336.697561616946
5.96532210984081	-3330.547158036405
5.997536541713374	-3333.75694409345
6.029750973585938	-3351.079379965179
6.061965405458502	-3389.955767046652
6.094179837331066	-3462.468835709573
6.12639426920363	-3589.160318974181
6.158608701076195	-6800.826967190271
6.190823132948759	-7826.089049341736
6.223037564821323	-9001.064767573804
6.255251996693887	-10336.75087311933
6.287466428566451	-11843.46388713268
6.319680860439015	-13530.61334616859
6.351895292311579	-15406.51079396946
6.384109724184143	-17478.21858336043
6.416324156056707	-19751.44037291958
6.448538587929272	-22230.45311208876
6.480753019801836	-22976.33123441608
6.5129674516744	-25264.06676842793
6.545181883546964	-27460.66949940726
6.577396315419528	-28212.39612008577
6.609610747292092	-42027.05383401846
6.641825179164656	-40288.90708694189
6.67403961103722	-43214.53463787086
6.706254042909785	-46861.7238452142
6.738468474782349	-50927.76123035067
6.770682906654913	-55345.64282328825
6.802897338527477	-61525.7301494524
6.835111770400041	-66340.87588147698
6.867326202272605	-71458.89664407651
6.899540634145169	-76901.29720735384
6.931755066017733	-82690.85796509261
6.963969497890298	-88851.73900074138
6.996183929762862	-95409.58833008251
7.028398361635426	-102391.6550542529
7.06061279350799	-109826.9081303529
7.092827225380554	-117746.1614513012
7.125041657253118	-126183.7613495615
7.157256089125682	-135171.3829944404
7.189470520998246	-144747.7395970871
7.22168495287081	-154952.4334555344
7.253899384743375	-165827.6629540054
7.286113816615939	-177418.4010409135
7.318328248488503	-189772.5852730062
7.350542680361067	-202941.32028419
7.382757112233631	-216979.0935863464
7.414971544106195	-231944.0056633114
7.447185975978759	-247890.7878574073
7.479400407851323	-264900.4815523311
7.511614839723888	-283036.4869690687
7.543829271596452	-302373.9593626309
7.576043703469016	-322993.0350448023
7.60825813534158	-344979.1663360866
7.640472567214144	-368423.4787667761
7.672686999086708	-393423.1520577719
7.704901430959272	-420081.8265111339
7.737115862831836	-448510.0365473282
7.769330294704401	-478819.264783627
7.801544726576965	-511148.4947952083
7.833759158449529	-545625.6018287777
7.865973590322093	-582393.6301852546
7.898188022194657	-621605.1304090209
7.930402454067221	-663422.7943993475
7.962616885939785	-708020.1328344259
7.994831317812349	-755582.1977587339
8.027045749684913	-806306.3533737877
8.059260181557477	-860403.0982746719
8.091474613430041	-918091.4679973087
8.123689045302605	-979622.2191915242
8.155903477175169	-1045245.44002505
8.188117909047733	-1115233.536946917
8.220332340920297	-1189877.035163872
8.252546772792861	-1269485.786389375
8.284761204665426	-1354390.257050467
8.31697563653799	-1444942.902334621
8.349190068410554	-1541519.631817347
8.381404500283118	-1644521.372794055
8.413618932155682	-1754370.901551592
8.445833364028246	-1871534.268367968
8.47804779590081	-1996493.22743024
8.510262227773374	-2129766.598309056
8.542476659645938	-2271907.719962229
8.574691091518503	-2423506.749640469
8.606905523391067	-2585193.114884028
8.639119955263631	-2757638.128822355
8.671334387136195	-2941557.77966918
8.703548819008759	-3137715.70603158
8.735763250881323	-3346921.954122599
8.767977682753887	-3570054.29746694
8.800192114626451	-3808034.956848929
8.832406546499016	-4061852.091117699
8.86462097837158	-4332559.614017241
8.896835410244144	-4621281.571622839
8.929049842116708	-4929216.811202516
8.961264273989272	-5257643.960919553
8.993478705861836	-5607926.741085121
9.0256931377344	-5981519.629049635
9.057907569606964	-6379969.764756082
9.090122001479529	-6804940.190174222
9.122336433352093	-7258191.54791029
9.154550865224657	-7741605.92239143
9.186765297097221	-8257190.644111777
9.218979728969785	-8807086.626071954
9.251194160842349	-9393577.255118793
9.283408592714913	-10019097.87513418
9.315623024587477	-10686245.90148108
9.347837456460041	-11397791.60874174
9.380051888332606	-12156685.68986944
9.41226632020517	-12966087.54977816
9.444480752077734	-13829354.38278705
9.476695183950298	-14750070.87641415
9.508909615822862	-15732060.27241957
9.541124047695426	-16779400.24379355
9.57333847956799	-17896439.82846883
9.605552911440554	-19087817.49010099
9.637767343313119	-20358480.3809436
9.669981775185683	-21713704.88684102
9.702196207058247	-23159114.72390097
9.734410638930811	-24700719.79800257
9.766625070803375	-26344917.92240251
9.798839502675939	-28098536.61888438
9.831053934548503	-29968857.77342906
9.863268366421067	-31963647.87524151
9.895482798293632	-34091190.26828865
9.927697230166196	-36360319.54930714
9.95991166203876	-38780458.25514106
9.992126093911324	-41361655.99179208
10.02434052578389	-44114627.4433787
10.05655495765645	-47050811.99902743
10.08876938952902	-50182398.57768583
10.12098382140158	-53522391.10754043
10.15319825327414	-57084658.91919914
10.18541268514671	-60883994.33915135
10.21762711701927	-64936174.11617634
10.24984154889184	-69258024.93579519
10.2820559807644	-73867493.29484899
10.31427041263697	-78783720.0263824
10.34648484450953	-84027116.12455456
10.37869927638209	-89619462.37251808
10.41091370825466	-95583977.50588103
10.44312814012722	-101945429.233063
10.47534257199979	-108730233.5411469
10.50755700387235	-115966564.3894992
10.53977143574491	-123684470.7035824
10.57198586761748	-131916001.1548181
10.60420029949004	-140695337.2446547
10.63641473136261	-150058935.2455345
10.66862916323517	-160045673.97424
10.70084359510773	-170697030.920746
10.7330580269803	-182057232.4838138
10.76527245885286	-194173452.0408688
10.79748689072543	-207096002.3387557
10.82970132259799	-220878544.4190009
10.86191575447056	-235578310.4470899
10.89413018634312	-251256341.3711206
10.92634461821568	-267977740.3967074
10.95855905008825	-285811943.3307655
10.99077348196081	-304833003.3355898
11.02298791383338	-325119912.986165
11.05520234570594	-346756910.4886066
11.0874167775785	-369833843.767436
11.11963120945107	-394446540.0951886
11.15184564132363	-420697204.0174043
11.1840600731962	-448694841.7595003
11.21627450506876	-478555713.8779641
11.24848893694132	-510403818.035483
11.28070336881389	-544371403.9047954
11.31291780068645	-580599518.7817652
11.34513223255902	-619238607.7410265
11.37734666443158	-660449116.7060858
11.40956109630415	-704402172.8954108
11.44177552817671	-751280291.9885952
11.47398996004927	-801278136.0261912
11.50620439192184	-854603321.7477123
11.5384188237944	-911477282.7243983
11.57063325566697	-972136188.8668174
11.60284768753953	-1036831927.125627
11.63506211941209	-1105833143.917095
11.66727655128466	-1179426375.067038
11.69949098315722	-1257917214.103411
11.73170541502979	-1341631595.361785
11.76391984690235	-1430917144.006866
11.79613427877491	-1526144619.551908
11.82834871064748	-1627709455.444061
11.86056314252004	-1736033401.108727
11.89277757439261	-1851566273.271677
11.92499200626517	-1974787823.831369
11.95720643813774	-2106209728.509093
11.9894208700103	-2246377725.926123
12.02163530188286	-2395873862.314312
12.05384973375543	-2555318922.546315
12.08606416562799	-2725375004.540323
12.11827859750056	-2906748268.632106
12.15049302937312	-3100191869.917185
12.18270746124568	-3306509085.73959
12.21492189311825	-3526556651.314271
12.24713632499081	-3761248317.334318
12.27935075686338	-4011558640.816246
12.31156518873594	-4278527046.262857
12.3437796206085	-4563262120.465274
12.37599405248107	-4866946229.965328
12.40820848435363	-5190840427.444818
12.4404229162262	-5536289688.266171
12.47263734809876	-5904728495.50328
12.50485177997133	-6297686796.654598
12.53706621184389	-6716796356.774069
12.56928064371645	-7163797534.401059
12.60149507558902	-7640546504.913628
12.63370950746158	-8149022982.59711
12.66592393933415	-8691338420.054222
12.69813837120671	-9269744790.055643
12.73035280307927	-9886643933.491213
12.76256723495184	-10544597533.05038
12.7947816668244	-11246337750.64785
12.82699609869697	-11994778572.76723
12.85921053056953	-12793027910.83422
12.89142496244209	-13644400506.86573
12.92363939431466	-14552431694.47734
12.95585382618722	-15520892093.66567
12.98806825805979	-16553803247.00415
13.02028268993235	-17655454333.15456
13.05249712180492	-18830419974.34921
13.08471155367748	-20083579232.57796
13.11692598555004	-21420135869.96509
13.14914041742261	-22845639957.46913
13.18135484929517	-24366010921.63549
13.21356928116774	-25987562125.10297
13.2457837130403	-27717027079.43185
13.27799814491286	-29561587420.34921
13.31021257678543	-31528902708.26397
13.34242700865799	-33627142248.68362
13.37464144053056	-35865019011.98309
13.40685587240312	-38251825814.14478
13.43907030427568	-40797473905.31178
13.47128473614825	-43512534126.40187
13.50349916802081	-46408280804.67949
13.53571359989338	-49496738570.56768
13.56792803176594	-52790732286.59895
13.60014246363851	-56303940317.08007
13.63235689551107	-60050951306.37578
13.66457132738363	-64047324772.44167
13.6967857592562	-68309655714.56239
13.72900019112876	-72855643524.32811
13.76121462300133	-77704165482.61969
13.79342905487389	-82875355147.79453
13.82564348674645	-88390685960.58263
13.85785791861902	-94273060412.86787
13.89007235049158	-100546905147.1145
13.92228678236415	-107238272402.6007
13.95450121423671	-114374948176.3892
13.98671564610927	-121986567619.067
14.01893007798184	-130104738091.7505
14.0511445098544	-138763170416.1173
14.08335894172697	-147997818859.0873
14.11557337359953	-157847030433.4424
14.1477878054721	-168351704134.3625
14.18000223734466	-179555460773.1008
14.21221666921722	-191504824109.5698
14.24443110108979	-204249414057.046
14.27664553296235	-217842152708.4474
14.30885996483492	-232339484109.9572
14.34107439670748	-247801608642.3844
14.37328882858004	-264292733004.129
14.40550326045261	-281881336830.4404
14.43771769232517	-300640457056.1035
14.46993212419774	-320647991202.3813
14.5021465560703	-341987020847.6169
14.53436098794286	-364746156621.1127
14.56657541981543	-389019906174.6524
14.59878985168799	-414909066605.0529
14.63100428356056	-442521143029.914
14.66321871543312	-471970795000.7111
14.69543314730569	-503380312628.2578
14.72764757917825	-536880124394.2018
14.75986201105081	-572609338757.1793
14.79207644292338	-610716321802.7478
14.82429087479594	-651359313335.7125
14.85650530666851	-694707083969.9512
14.88871973854107	-740939635964.2478
14.92093417041363	-790248950664.239
14.9531486022862	-842839785720.9119
14.98536303415876	-898930525346.5601
15.01757746603133	-958754087158.4238
15.04979189790389	-1022558889372.503
15.08200632977645	-1090609882363.824
15.11422076164902	-1163189648876.789
15.14643519352158	-1240599577454.111
15.17864962539415	-1323161113953.264
15.21086405726671	-1411217096371.034
15.24307848913928	-1505133178459.454
15.27529292101184	-1605299348123.988
15.3075073528844	-1712131546850.234
15.33972178475697	-1826073396907.028
15.37193621662953	-1947598043494.422
15.4041506485021	-2077210119486.035
15.43636508037466	-2215447840924.451
15.46857951224722	-2362885241971.234
15.50079394411979	-2520134558589.564
15.53300837599235	-2687848770873.593
15.56522280786492	-2866724314542.078
15.59743723973748	-3057503972908.165
15.62965167161004	-3260979961295.559
15.66186610348261	-3477997216724.163
15.69408053535517	-3709456906523.54
15.72629496722774	-3956320170443.283
15.7585093991003	-4219612111800.03
15.79072383097287	-4500426054233.854
15.82293826284543	-4799928081746.32
15.85515269471799	-5119361880899.747
15.88736712659056	-5460053905216.18
15.91958155846312	-5823418883313.082
15.95179599033569	-6210965693580.443
15.98401042220825	-6624303629820.229
16.01622485408081	-7065149083862.561
16.04843928595338	-7535332672907.807
16.08065371782594	-8036806841191.298
16.11286814969851	-8571653967536.698
16.14508258157107	-9142095012457.936
16.17729701344363	-9750498740756.902
16.2095114453162	-10399391557813.92
16.24172587718876	-11091468000549.48
16.27394030906133	-11829601926521.68
16.30615474093389	-12616858447661.67
16.33836917280646	-13456506658196.3
16.37058360467902	-14352033209609.27
16.40279803655158	-15307156789012.57
16.43501246842415	-16325843561049.34
16.46722690029671	-17412323637460.06
16.49944133216928	-18571108642644.16
16.53165576404184	-19807010448305.28
16.5638701959144	-21125161154780.36
16.59608462778697	-22531034402171.18
16.62829905965953	-24030468099714.3
16.6605134915321	-25629688667784.79
16.69272792340466	-27335336893198.91
16.72494235527722	-29154495505176.8
16.75715678714979	-31094718586481.18
16.78937121902235	-33164062941825.09
16.82158565089492	-35371121553994.44
16.85380008276748	-37725059266151.23
16.88601451464005	-40235650839098.87
16.91822894651261	-42913321541090.8
16.95044337838517	-45769190438909.31
16.98265781025774	-48815116569952.72
17.0148722421303	-52063748187062.66
17.04708667400287	-55528575280577.81
17.07930110587543	-59223985595717.85
17.11151553774799	-63165324377918.62
17.14372996962056	-67368958094131.63
17.17594440149312	-71852342394904.17
17.20815883336569	-76634094599166.75
17.24037326523825	-81734071002936.05
17.27258769711081	-87173449332874.67
17.30480212898338	-92974816687112.69
17.33701656085594	-99162263328500.83
17.36923099272851	-105761482719780.7
17.40144542460107	-112799878216064
17.43365985647364	-120306676857627.2
17.4658742883462	-128313050735791.5
17.49808872021876	-136852246435232
17.53030315209133	-145959723091078.3
17.56251758396389	-155673299633443.2
17.59473201583646	-166033311831096.8
17.62694644770902	-177082779786325.5
17.65916087958158	-188867586576541.4
17.69137531145415	-201436668784433.6
17.72358974332671	-214842219707833.4
17.75580417519928	-229139906093252.6
17.78801860707184	-244389099292509
17.82023303894441	-260653121803638
17.85244747081697	-277999510218160.5
17.88466190268953	-296500295667860.2
17.9168763345621	-316232302935108.1
17.94909076643466	-337277469468887.2
17.98130519830723	-359723185631256.5
18.01351963017979	-383662657587106.6
18.04573406205235	-409195294344135.2
18.07794849392492	-436427120550542.2
18.11016292579748	-465471216762650.9
18.14237735767005	-496448189015358.6
18.17459178954261	-529486669639381.8
18.20680622141517	-564723851409151.1
18.23902065328774	-602306057237875.6
18.2712350851603	-642389347785766.8
18.30344951703287	-685140169505100.9
18.33566394890543	-730736045823749.1
18.367878380778	-779366314184021.5
18.40009281265056	-831232912665359.1
18.43230724452312	-886551217950398.2
18.46452167639569	-945550940143908.9
18.49673610826825	-1008477076455844
18.52895054014082	-1075590928588299
18.56116497201338	-1147171187794564
18.59337940388594	-1223515092148691
18.62559383575851	-1304939660831004
18.65780826763107	-1391783010554731
18.69002269950364	-1484405759600724
18.7222371313762	-1583192525292655
18.75445156324876	-1688553521116130
18.78666599512133	-1800926260150636
18.81888042699389	-1920777371839699
18.85109485886646	-2048604539678821
18.88330929073902	-2184938567853397
18.91552372261159	-2330345585410794
18.94773815448415	-2485429397119580
18.97995258635671	-2650833990777562
19.01216701822928	-2827246211380557
19.04438145010184	-3015398613283641
19.07659588197441	-3216072502047400
19.10881031384697	-3430101178950788
19.14102474571953	-3658373401208604
19.1732391775921	-3901837072567351
19.20545360946466	-4161503179491062
19.23766804133723	-4438449989304456
19.26988247320979	-4733827527754170
19.30209690508235	-5048862355831492
19.33431133695492	-5384862654590478
19.36652576882748	-5743223677365861
19.39874020070005	-6125433519950405
19.43095463257261	-6533079314876622
19.46316906444518	-6967853817272314
19.49538349631774	-7431562434618848
19.5275979281903	-7926130723730569
19.55981236006287	-8453612386654148
19.59202679193543	-9016197798684766
19.624241223808	-9616223103881374
19.65645565568056	-1.02561799155041e+16
19.68867008755312	-1.093872566760811e+16
19.72088451942569	-1.166669463593507e+16
19.75309895129825	-1.244310972449741e+16
19.78531338317082	-1.32711950083098e+16
19.81752781504338	-1.41543891236311e+16
19.84974224691594	-1.509635954694952e+16
19.88195667878851	-1.610101782423312e+16
19.91417111066107	-1.717253581368133e+16
19.94638554253364	-1.831536300942596e+16
19.9785999744062	-1.953424501812289e+16
20.01081440627877	-2.083424326524931e+16
20.04302883815133	-2.222075601234617e+16
20.07524327002389	-2.369954077398402e+16
20.10745770189646	-2.527673822552792e+16
20.13967213376902	-2.695889770247688e+16
20.17188656564159	-2.875300439667777e+16
20.20410099751415	-3.066650836243499e+16
20.23631542938671	-3.270735545297227e+16
20.26852986125928	-3.488402031570238e+16
20.30074429313184	-3.720554158332616e+16
20.33295872500441	-3.968155940661478e+16
20.36517315687697	-4.232235548637769e+16
20.39738758874953	-4.513889576673591e+16
20.4296020206221	-4.814287597243366e+16
20.46181645249466	-5.134677017525077e+16
20.49403088436723	-5.476388259276727e+16
20.52624531623979	-5.840840283432045e+16
20.55845974811236	-6.229546482356805e+16
20.59067417998492	-6.644120964232598e+16
20.62288861185748	-7.08628525566473e+16
20.65510304373005	-7.55787545036248e+16
20.68731747560261	-8.06084983348183e+16
20.71953190747518	-8.59729701352659e+16
20.75174633934774	-9.169444595265565e+16
20.7839607712203	-9.779668429908368e+16
20.81617520309287	-1.043050248086239e+17
20.84838963496543	-1.112464934605309e+17
20.880604066838	-1.186499148050158e+17
20.91281849871056	-1.265460316576133e+17
20.94503293058312	-1.349676327591755e+17
20.97724736245569	-1.439496889306056e+17
21.00946179432825	-1.535294982934966e+17
21.04167622620082	-1.637468411458386e+17
21.07389065807338	-1.74644145153649e+17
21.10610508994595	-1.862666615318091e+17
21.13831952181851	-1.986626529506894e+17
21.17053395369107	-2.118835939484812e+17
21.20274838556364	-2.25984384683983e+17
21.2349628174362	-2.41023578945634e+17
21.26717724930877	-2.570636264271572e+17
21.29939168118133	-2.74171135527193e+17
21.33160611305389	-2.924171437670358e+17
21.36382054492646	-3.118774184747627e+17
21.39603497679902	-3.326327687250838e+17
21.42824940867159	-3.547693814121468e+17
21.46046384054415	-3.783791791408624e+17
21.49267827241671	-4.035602019334581e+17
21.52489270428928	-4.304170143254834e+17
21.55710713616184	-4.590611393694319e+17
21.58932156803441	-4.896115241708203e+17
21.62153599990697	-5.221950259682036e+17
21.65375043177954	-5.569469510134537e+17
21.6859648636521	-5.940116064286035e+17
21.71817929552466	-6.335429037386518e+17
21.75039372739723	-6.757049972354929e+17
21.78260815926979	-7.206729656311917e+17
21.81482259114236	-7.686335390752932e+17
21.84703702301492	-8.197858745553586e+17
21.87925145488748	-8.74342382901308e+17
21.91146588676005	-9.325296108304314e+17
21.94368031863261	-9.945891811502339e+17
21.97589475050518	-1.06077879791932e+18
22.00810918237774	-1.131373314159492e+18
22.0403236142503	-1.206665874627261e+18
22.07253804612287	-1.28696913277319e+18
22.10475247799543	-1.37261654903704e+18
22.136966909868	-1.463963775539895e+18
22.16918134174056	-1.561390132914916e+18
22.20139577361313	-1.665300185372346e+18
22.23361020548569	-1.776125420290737e+18
22.26582463735825	-1.894326046744151e+18
22.29803906923082	-2.020392886878292e+18
22.33025350110338	-2.154849438130676e+18
22.36246793297595	-2.298254033344397e+18
22.39468236484851	-2.451202162292875e+18
22.42689679672107	-2.614328944543536e+18
22.45911122859364	-2.788311767165841e+18
22.4913256604662	-2.973873100723982e+18
22.52354009233877	-3.171783412008702e+18
22.55575452421133	-3.382864710127447e+18
22.58796895608389	-3.607993364004908e+18
22.62018338795646	-3.848104261073476e+18
22.65239781982902	-4.10419446667101e+18
22.68461225170159	-4.377327399605145e+18
22.71682668357415	-4.668637248548295e+18
22.74904111544672	-4.979333681991043e+18
22.78125554731928	-5.3107068714654e+18
22.81346997919184	-5.664132849020359e+18
22.84568441106441	-6.041079221223131e+18
22.87789884293697	-6.443111263420468e+18
22.91011327480954	-6.871898418142572e+18
22.9423277066821	-7.329221233319224e+18
22.97454213855466	-7.816978747224603e+18
23.00675657042723	-8.337196380088591e+18
23.03897100229979	-8.892034343256531e+18
23.07118543417236	-9.483796609497178e+18
23.10339986604492	-1.011494048028096e+19
23.13561429791748	-1.078808678975941e+19
23.16782872979005	-1.150603078781373e+19
23.20004316166261	-1.227175374736786e+19
23.23225759353518	-1.308843532584437e+19
23.26447202540774	-1.395946683533931e+19
23.29668645728031	-1.488846523181847e+19
23.32890088915287	-1.587928818200792e+19
23.36111532102543	-1.693605025739262e+19
23.393329752898	-1.806313932977193e+19
23.42554418477056	-1.926523591387657e+19
23.45775861664313	-2.054733167665655e+19
23.48997304851569	-2.19147505356638e+19
23.52218748038825	-2.337317071669893e+19
23.55440191226082	-2.492864835441701e+19
23.58661634413338	-2.658764254069651e+19
23.61883077600595	-2.835704229924799e+19
23.65104520787851	-3.024419508836753e+19
23.68325963975107	-3.225693733757376e+19
23.71547407162364	-3.440362698850808e+19
23.7476885034962	-3.669317820142577e+19
23.77990293536877	-3.913509837139447e+19
23.81211736724133	-4.173952760791609e+19
23.8443317991139	-4.451728084190557e+19
23.87654623098646	-4.747989280688812e+19
23.90876066285902	-5.063966565987104e+19
23.94097509473159	-5.400972045908233e+19
23.97318952660415	-5.760405140073257e+19
24.00540395847672	-6.143758398380696e+19
24.03761839034928	-6.55262369731161e+19
24.06983282222184	-6.98869884199395e+19
24.10204725409441	-7.453794476025563e+19
24.13426168596697	-7.949842806522677e+19
24.16647611783954	-8.478902380248537e+19
24.1986905497121	-9.043170742401699e+19
24.23090498158466	-9.644991100332853e+19
24.26311941345723	-1.028686242657175e+20
24.29533384532979	-1.097145010110845e+20
24.32754827720236	-1.170159688414817e+20
24.35976270907492	-1.248033472070725e+20
24.39197714094749	-1.331089733080122e+20
24.42419157282005	-1.419673363750374e+20
24.45640600469261	-1.514152208864056e+20
24.48862043656518	-1.614918593158637e+20
24.52083486843774	-1.722390948498053e+20
24.55304930031031	-1.8370155591974e+20
24.58526373218287	-1.95926840387817e+20
24.61747816405543	-2.089657139239655e+20
24.649692595928	-2.228723206377479e+20
24.68190702780056	-2.377044079122147e+20
24.71412145967313	-2.535235662001603e+20
24.74633589154569	-2.703954847784028e+20
24.77855032341825	-2.883902245217385e+20
24.81076475529082	-3.075825088285572e+20
24.84297918716338	-3.280520338589345e+20
24.87519361903595	-3.498837996234337e+20
24.90740805090851	-3.731684626882423e+20
24.93962248278108	-3.980027126569052e+20
24.97183691465364	-4.244896732166523e+20
25.0040513465262	-4.527393273864929e+20
25.03626577839877	-4.828668943999072e+20
25.06848021027133	-5.150038243378059e+20
25.1006946421439	-5.492771664406341e+20
25.13290907401646	-5.858313961203198e+20
25.16512350588902	-6.248183097573501e+20
25.19733793776159	-6.663997778724473e+20
25.22955236963415	-7.107484829979003e+20
25.26176680150672	-7.580485825069692e+20
25.29398123337928	-8.084964902941583e+20
25.32619566525184	-8.623016918276852e+20
25.35841009712441	-9.196876138872769e+20
25.39062452899697	-9.8089255229293e+20
25.42283896086954	-1.046170661409328e+21
25.4550533927421	-1.115793009515051e+21
25.48726782461467	-1.190048715878495e+21
25.51948225648723	-1.269246106387915e+21
25.55169668835979	-1.353714059033155e+21
25.58391112023236	-1.44380332751767e+21
25.61612555210492	-1.53988800670951e+21
25.64833998397749	-1.642367077354479e+21
25.68055441585005	-1.751666343545408e+21
25.71276884772261	-1.868239054643157e+21
25.74498327959518	-1.992569795184051e+21
25.77719771146774	-2.125174717955114e+21
25.80941214334031	-2.266604430603326e+21
25.84162657521287	-2.417446286338143e+21
25.87384100708543	-2.578326623173901e+21
25.906055438958	-2.749913499086334e+21
25.93826987083056	-2.932919431116733e+21
25.97048430270313	-3.128104354111276e+21
26.00269873457569	-3.336278776365102e+21
26.03491316644826	-3.558307145275991e+21
26.06712759832082	-3.795111436986084e+21
26.09934203019338	-4.04767498492597e+21
26.13155646206595	-4.317046528617317e+21
26.16377089393851	-4.604344689288919e+21
26.19598532581108	-4.910762450933117e+21
26.22819975768364	-5.237572210134981e+21
26.2604141895562	-5.58613102597486e+21
26.29262862142877	-5.957886174802316e+21
26.32484305330133	-6.354397509974226e+21
26.3570574851739	-6.777264927599247e+21
26.38927191704646	-7.22828966060628e+21
26.42148634891903	-7.709330112357395e+21
26.45370078079159	-8.222382836768884e+21
26.48591521266415	-8.769579613359298e+21
26.51812964453672	-9.353186692192529e+21
26.55034407640928	-9.975646881141565e+21
26.58255850828185	-1.063952254359267e+22
26.61477294015441	-1.134757941578454e+22
26.64698737202697	-1.210275737697924e+22
26.67920180389954	-1.290819225621872e+22
26.7114162357721	-1.376722861580124e+22
26.74363066764467	-1.468343360999367e+22
26.77584509951723	-1.566061183550824e+22
26.80805953138979	-1.670282093877236e+22
26.84027396326236	-1.781438876262696e+22
26.87248839513492	-1.899993110977724e+22
26.90470282700749	-2.026437096353918e+22
26.93691725888005	-2.161295893056113e+22
26.96913169075262	-2.305129504402493e+22
27.00134612262518	-2.458535201786293e+22
27.03356055449774	-2.622150004854418e+22
27.06577498637031	-2.796653326741934e+22
27.09798941824287	-2.98276979027646e+22
27.13020385011544	-3.181272257496269e+22
27.162418281988	-3.392985008382714e+22
27.19463271386056	-3.618787183669998e+22
27.22684714573313	-3.859616430651582e+22
27.25906157760569	-4.116472796768419e+22
27.29127600947826	-4.390422882312544e+22
27.32349044135082	-4.682604269487523e+22
27.35570487322338	-4.994230246218022e+22
27.38791930509595	-5.326594844320248e+22
27.42013373696851	-5.681078157239833e+22
27.45234816884108	-6.059152286265917e+22
27.48456260071364	-6.462387147727308e+22
27.51677703258621	-6.892457185044354e+22
27.54899146445877	-7.351148277974839e+22
27.58120589633133	-7.840365161160053e+22
27.6134203282039	-8.362139339817991e+22
27.64563476007646	-8.918637542791836e+22
27.67784919194903	-9.512170779448191e+22
27.71006362382159	-1.014520424352708e+23
27.74227805569415	-1.082036065545715e+23
27.77449248756672	-1.154045236201939e+23
27.80670691943928	-1.230846598680236e+23
27.83892135131185	-1.31275907215977e+23
27.87113578318441	-1.400122799851755e+23
27.90335021505697	-1.493300561449291e+23
27.93556464692954	-1.592679279577406e+23
27.9677790788021	-1.698671626498694e+23
27.99999351067467	-1.811717737745669e+23
28.03220794254723	-1.932287039795915e+23
28.0644223744198	-2.0608801924196e+23
28.09663680629236	-2.198031195797468e+23
28.12885123816492	-2.344309566111747e+23
28.16106567003749	-2.500322727762899e+23
28.19328010191005	-2.666718529113973e+23
28.22549453378262	-2.844187932688461e+23
28.25770896565518	-3.033467884397113e+23
28.28992339752774	-3.235344373705846e+23
28.32213782940031	-3.450655697450612e+23
28.35435226127287	-3.680295940848192e+23
28.38656669314544	-3.925217922726801e+23
28.418781125018	-4.186439679487962e+23
28.45099555689056	-4.465044023632174e+23
28.48320998876313	-4.762198193716392e+23
28.51542442063569	-5.079118650502224e+23
28.54763885250826	-5.417132040114909e+23
28.57985328438082	-5.77764040646574e+23
28.61206771625339	-6.16214059719048e+23
28.64428214812595	-6.572229209619802e+23
28.67649657999851	-7.009609125555825e+23
28.70871101187108	-7.476098572006345e+23
28.74092544374364	-7.973631681719038e+23
28.77313987561621	-8.504282099822076e+23
28.80535430748877	-9.07022539486617e+23
28.83756873936133	-9.673848748739174e+23
28.8697831712339	-1.031764126488733e+24
28.90199760310646	-1.100427760998435e+24
28.93421203497903	-1.173660924697897e+24
28.96642646685159	-1.251767724904013e+24
28.99864089872415	-1.335072503167776e+24
29.03085533059672	-1.423921077368112e+24
29.06306976246928	-1.518682615054666e+24
29.09528419434185	-1.619750507620238e+24
29.12749862621441	-1.727544441460069e+24
29.15971305808698	-1.842512033033534e+24
29.19192748995954	-1.965130687623137e+24
29.2241419218321	-2.095909581808187e+24
29.25635635370467	-2.23539177790122e+24
29.28857078557723	-2.384156479163197e+24
29.3207852174498	-2.542821435253704e+24
29.35299964932236	-2.712045041815738e+24
29.38521408119492	-2.892530762644392e+24
29.41742851306749	-3.085027736564732e+24
29.44964294494005	-3.29033530462229e+24
29.48185737681262	-3.509306002029204e+24
29.51407180868518	-3.742849097060821e+24
29.54628624055774	-3.991934364364088e+24
29.57850067243031	-4.257596106841031e+24
29.61071510430287	-4.540937438601583e+24
29.64292953617544	-4.843134832849342e+24
29.675143968048	-5.165447139727137e+24
29.70735839992057	-5.509206507319562e+24
29.73957283179313	-5.875843049690096e+24
29.77178726366569	-6.266879253579823e+24
29.80400169553826	-6.683938932630801e+24
29.83621612741082	-7.128753974182023e+24
29.86843055928339	-7.603171538175959e+24
29.90064499115595	-8.109161742033588e+24
29.93285942302851	-8.648825873862238e+24
29.96507385490108	-9.224405200038707e+24
29.99728828677364	-9.83827868703701e+24
30.02950271864621	-1.049301253458936e+25
30.06171715051877	-1.119131802621763e+25
30.09393158239133	-1.193609419871971e+25
30.1261460142639	-1.273043202745984e+25
30.15836044613646	-1.357762422545605e+25
30.19057487800903	-1.448115002100406e+25
30.22278930988159	-1.54452504390738e+25
30.25500374175416	-1.647290544082496e+25
30.28721817362672	-1.756914298252187e+25
30.31943260549928	-1.873831011854779e+25
30.35164703737185	-1.998534687439852e+25
30.38386146924441	-2.131537383518017e+25
30.41607590111698	-2.273391380422798e+25
30.44829033298954	-2.424685709644283e+25
30.4805047648621	-2.5860485992699e+25
30.51271919673467	-2.758150082135779e+25
30.54493362860723	-2.941704777513811e+25
30.5771480604798	-3.137474857880245e+25
30.60936249235236	-3.34627321307966e+25
30.64157692422492	-3.568965555521269e+25
30.67379135609749	-3.806479069535696e+25
30.70600578797005	-4.059798859634509e+25
30.73822021984262	-4.329976793266438e+25
30.77043465171518	-4.618134730769695e+25
30.80264908358775	-4.925469180224402e+25
30.83486351546031	-5.253256260446016e+25
30.86707794733287	-5.602856991524775e+25
30.89929237920544	-5.975722932676218e+25
30.931506811078	-6.373402186567164e+25
30.96372124295057	-6.797552203949433e+25
30.99593567482313	-7.249923063533785e+25
31.02815010669569	-7.73239672218726e+25
31.06036453856826	-8.2469741515039e+25
31.09257897044082	-8.795784734155349e+25
31.12479340231339	-9.381071606911507e+25
31.15700783418595	-1.000205712979538e+26
31.18922226605851	-1.067156685836972e+26
31.22143669793108	-1.138165895896684e+26
31.25365112980364	-1.21390699312161e+26
31.28586556167621	-1.294693781250283e+26
31.31807999354877	-1.380852125696671e+26
31.35029442542134	-1.47274530181693e+26
31.3825088572939	-1.570754446164668e+26
31.41472328916646	-1.675286351866032e+26
31.44693772103903	-1.786774993331489e+26
31.47915215291159	-1.905683274548187e+26
31.51136658478416	-2.032504930072544e+26
31.54358101665672	-2.167766565723623e+26
31.57579544852928	-2.312029840585082e+26
31.60800988040185	-2.465893796764866e+26
31.64022431227441	-2.629997345477731e+26
31.67243874414698	-2.805021919260772e+26
31.70465317601954	-2.991694301079751e+26
31.7368676078921	-3.190789641940385e+26
31.76908203976467	-3.403134679461167e+26
31.80129647163723	-3.629611170729443e+26
31.8335109035098	-3.871159553671357e+26
31.86572533538236	-4.128782852122165e+26
31.89793976725493	-4.403550840804642e+26
31.93015419912749	-4.696604487501937e+26
31.96236863100005	-5.00916069086879e+26
31.99458306287262	-5.342517333549871e+26
32.02679749474518	-5.698058671587615e+26
32.05901192661774	-6.077261082497132e+26
32.0912263584903	-6.481699195875227e+26
32.12344079036286	-6.913052432001046e+26
32.15565522223542	-7.373111975578415e+26
32.18786965410798	-7.863788213578159e+26
32.22008408598055	-8.38711866806521e+26
