0
1000	1.0219978922	100000000000000.1
5	0	0	1
5	0	0	0
0.03786664528905326	146130.5893794165
0.07008107716161713	445426.3875980871
0.102295509034181	754357.2444326477
0.1345099409067449	1073238.623649967
0.1667243727793087	1402396.323289919
0.1989388046518726	1742166.81308126
0.2311532365244365	2092897.582973399
0.2633676683970003	2454947.503144803
0.2955821002695642	2828687.195860781
0.3277965321421281	3214499.419565648
0.360010964014692	3612779.465607014
0.3922253958872559	4023935.568003079
0.4244398277598198	4448389.326677423
0.4566542596323837	4886576.14459968
0.4888686915049476	5338945.679285147
0.5210831233775115	5805962.309121154
0.5532975552500754	6288105.615003534
0.5855119871226393	6785870.877782495
0.6177264189952032	7299769.592033602
0.6499408508677671	7830329.996686589
0.682155282740331	8378097.623062305
0.7143697146128949	8943635.860886157
0.7465841464854588	9527526.542865125
0.7787985783580227	10130370.54843492
0.8110130102305866	10752788.42730341
0.8432274421031505	11395421.04343748
0.8754418739757144	12058930.24016156
0.9076563058482783	12743999.52705779
0.9398707377208422	13451334.78938107
0.9720851695934061	14181665.02072489
1.00429960146597	14935743.05129754
1.036514033338534	15714346.36790295
1.068728465211098	16518278.00964003
1.100942897083662	17348367.19988587
1.133157328956226	18205470.30424019
1.165371760828789	19090471.80818347
1.197586192701353	20004285.12685793
1.229800624573917	20947853.45861335
1.262015056446481	21922151.03321113
1.294229488319045	22928183.92388282
1.326443920191609	23966991.04652891
1.358658352064173	25039645.4765635
1.390872783936737	26147255.33592952
1.423087215809301	27290965.08708952
1.455301647681865	28471956.68466249
1.487516079554428	29691450.52671316
1.519730511426992	30950707.3894518
1.551944943299556	32251028.89219885
1.58415937517212	33593759.60207238
1.616373807044684	34980287.85827766
1.648588238917248	36412047.60605229
1.680802670789812	37890519.69118949
1.713017102662376	39417233.3942076
1.74523153453494	40993768.22781912
1.777445966407504	42621755.14151751
1.809660398280067	44302878.81463963
1.841874830152631	46038878.79192188
1.874089262025195	47831551.64230327
1.906303693897759	49682752.94943923
1.938518125770323	51594398.69668803
1.970732557642887	53568467.89731705
2.002946989515451	55607004.17917575
2.035161421388014	57712118.10035241
2.067375853260578	59885989.41296134
2.099590285133142	62130869.17150754
2.131804717005705	64449082.15115725
2.164019148878269	66843029.31549796
2.196233580750833	69315189.82912035
2.228448012623396	71868124.49602488
2.26066244449596	74504477.96130916
2.292876876368524	77226980.89722219
2.325091308241087	80038454.06012006
2.357305740113651	82941810.14108558
2.389520171986215	85940057.1624234
2.421734603858778	89036301.99392396
2.453949035731342	92233752.93642639
2.486163467603906	95535723.30483073
2.518377899476469	98945634.99518938
2.550592331349033	102467021.8793171
2.582806763221597	106103533.5769726
2.61502119509416	109858938.9287993
2.647235626966724	113737130.9936992
2.679450058839288	117742128.8751868
2.711664490711851	121878084.6825829
2.743878922584415	126149285.5602091
2.776093354456979	130560159.3225766
2.808307786329542	135115278.8986972
2.840522218202106	139819366.6143649
2.87273665007467	144677299.5095829
2.904951081947234	149694114.155083
2.937165513819797	154875012.7759094
2.969379945692361	160225366.3713766
3.001594377564925	165750723.513253
3.033808809437488	171456813.3286895
3.066023241310052	177349552.8175461
3.098237673182616	183435052.673401
3.130452105055179	189719623.9629392
3.162666536927743	196209783.6532061
3.194880968800307	202912262.7676288
3.22709540067287	209834012.2349768
3.259309832545434	216982210.765741
3.291524264417998	224364272.3409034
3.323738696290561	231987852.9581757
3.355953128163125	239860859.9156024
3.388167560035689	247991459.3922272
3.420381991908252	256388084.2507366
3.452596423780816	265059444.1659229
3.48481085565338	274014533.674685
3.517025287525943	283262641.765948
3.549239719398507	292813361.4585847
3.581454151271071	302676599.9186963
3.613668583143634	312862588.7439927
3.645883015016198	323381894.484234
3.678097446888762	334245429.5015894
3.710311878761325	345464463.5399724
3.742526310633889	357050635.1922171
3.774740742506453	369015964.6200397
3.806955174379016	381372864.1357459
3.83916960625158	394134154.0912732
3.871384038124144	407313073.4764039
3.903598469996707	420923295.1427434
3.935812901869271	434978939.3891526
3.968027333741835	449494588.9633085
4.000241765614398	464485303.8648846
4.032456197486963	479966637.461588
4.064670629359527	495954651.5154312
4.096885061232091	512465934.8327347
4.129099493104655	529517618.4465882
4.161313924977219	547127394.5192004
4.193528356849783	565313534.4139365
4.225742788722347	584094907.4278901
4.257957220594911	603491001.1810261
4.290171652467476	623521940.8239816
4.32238608434004	644208510.6280338
4.354600516212604	665572174.7835503
4.386814948085168	687635101.7911067
4.419029379957732	710420183.2276238
4.451243811830296	733951062.8319916
4.48345824370286	758252156.7781453
4.515672675575424	783348681.1632359
4.547887107447989	809266677.5704213
4.580101539320553	836033039.9081331
4.612315971193117	863675542.9118234
4.644530403065681	892222870.545921
4.676744834938245	921704645.6142147
4.708959266810809	952151461.2949127
4.741173698683373	983594911.624765
4.773388130555937	1016067625.273396
4.805602562428501	1049603299.958206
4.837816994301066	1084236735.290786
4.87003142617363	1120003870.621144
4.902245858046194	1156941822.294363
4.934460289918758	1195088921.718124
4.966674721791322	1234484755.015161
4.998889153663886	1275170204.506891
5.03110358553645	1317187490.727624
5.063318017409014	1360580216.515956
5.095532449281579	1405393412.393491
5.127746881154143	1451673583.034729
5.159961313026707	1499468755.681849
5.192175744899271	1548828529.769804
5.224390176771835	1599804128.495679
5.256604608644399	1652448453.293419
5.288819040516963	1706816134.847445
5.321033472389527	1762963595.152464
5.353247904262092	1820949101.899911
5.385462336134656	1880832830.88387
5.41767676800722	1942676927.860152
5.449891199879784	2006545572.78773
5.482105631752348	2072505047.985727
5.514320063624912	2140623804.740933
5.546534495497476	2210972535.044824
5.57874892737004	2283624246.227138
5.610963359242604	2358654335.711555
5.643177791115169	2436140668.779626
5.675392222987733	2516163660.290205
5.707606654860297	2598806357.798964
5.739821086732861	2684154527.662439
5.772035518605425	2772296743.951838
5.804249950477989	2863324481.27617
5.836464382350553	2957332207.64507
5.868678814223117	3054417485.612813
5.900893246095682	3154681070.575322
5.933107677968246	3258227016.64112
5.96532210984081	3365162785.508341
5.997536541713374	3475599355.528531
6.029750973585938	3589651339.619136
6.061965405458502	3707437103.108967
6.094179837331066	3829078884.952479
6.12639426920363	3954702927.772054
6.158608701076195	4084439606.559578
6.190823132948759	4218423563.73172
6.223037564821323	4356793851.682652
6.255251996693887	4499694073.703485
6.287466428566451	4647272535.165811
6.319680860439015	4799682396.847704
6.351895292311579	4957081833.103746
6.384109724184143	5119634198.013342
6.416324156056707	5287508191.930208
6.448538587929272	5460878040.423442
6.480753019801836	5639923671.213057
6.5129674516744	5824830902.937116
6.545181883546964	6015791640.114464
6.577396315419528	6213004066.711806
6.609610747292092	6416672855.042227
6.641825179164656	6627009381.498797
6.67403961103722	6844231940.262176
6.706254042909785	7068565972.102846
6.738468474782349	7300244299.92607
6.770682906654913	7539507367.284471
6.802897338527477	7786603490.908547
6.835111770400041	8041789116.606985
6.867326202272605	8305329086.225674
6.899540634145169	8577496912.230749
6.931755066017733	8858575060.882721
6.963969497890298	9148855246.849031
6.996183929762862	9448638735.39373
7.028398361635426	9758236653.901388
7.06061279350799	10077970316.72983
7.092827225380554	10408171557.25702
7.125041657253118	10749183072.68006
7.157256089125682	11101358780.47396
7.189470520998246	11465064183.51995
7.22168495287081	11840676752.00257
7.253899384743375	12228586314.46921
7.286113816615939	12629195460.51229
7.318328248488503	13042919961.49121
7.350542680361067	13470189199.8956
7.382757112233631	13911446616.06619
7.414971544106195	14367150168.24038
7.447185975978759	14837772807.285
7.479400407851323	15323802966.70074
7.511614839723888	15825745075.86709
7.543829271596452	16344120072.36494
7.576043703469016	16879465951.85122
7.60825813534158	17432338323.06983
7.640472567214144	18003310984.50936
7.672686999086708	18592976520.61684
7.704901430959272	19201946916.3139
7.737115862831836	19830854191.43937
7.769330294704401	20480351058.99901
7.801544726576965	21151111599.51436
7.833759158449529	21843831963.4444
7.865973590322093	22559231092.86769
7.898188022194657	23298051464.41215
7.930402454067221	24061059865.42033
7.962616885939785	24849048186.76044
7.994831317812349	25662834243.79127
8.027045749684913	26503262627.01825
8.059260181557477	27371205577.6374
8.091474613430041	28267563894.00342
8.123689045302605	29193267863.78421
8.155903477175169	30149278232.70802
8.188117909047733	31136587200.59491
8.220332340920297	32156219449.21637
8.252546772792861	33209233209.18915
8.284761204665426	34296721354.70979
8.31697563653799	35419812540.87709
8.349190068410554	36579672373.76327
8.381404500283118	37777504618.91173
8.413618932155682	39014552453.07822
8.445833364028246	40292099751.93719
8.47804779590081	41611472426.16611
8.510262227773374	42974039793.03365
8.542476659645938	44381216000.44286
8.574691091518503	45834461495.21719
8.606905523391067	47335284535.92484
8.639119955263631	48885242760.33331
8.671334387136195	50485944801.46429
8.703548819008759	52139051961.09906
8.735763250881323	53846279924.58159
8.767977682753887	55609400549.25916
8.800192114626451	57430243698.94173
8.832406546499016	59310699150.96061
8.86462097837158	61252718547.97752
8.896835410244144	63258317427.26007
8.929049842116708	65329577313.23138
8.961264273989272	67468647877.43179
8.993478705861836	69677749169.10609
9.0256931377344	71959173918.60304
9.057907569606964	74315289920.27216
9.090122001479529	76748542485.33418
9.122336433352093	79261456981.78674
9.154550865224657	81856641457.63191
9.186765297097221	84536789343.70239
9.218979728969785	87304682251.66316
9.251194160842349	90163192859.20615
9.283408592714913	93115287893.86243
9.315623024587477	96164031209.63332
9.347837456460041	99312586968.3018
9.380051888332606	102564222922.0382
9.41226632020517	105922313807.3769
9.444480752077734	109390344844.719
9.476695183950298	112971915357.4555
9.508909615822862	116670742507.5936
9.541124047695426	120490665150.2442
9.57333847956799	124435647824.7335
9.605552911440554	128509784862.3903
9.637767343313119	132717304639.1059
9.669981775185683	137062573963.1106
9.702196207058247	141550102608.4702
9.734410638930811	146184547992.8764
9.766625070803375	150970720013.8009
9.798839502675939	155913586039.1415
9.831053934548503	161018276064.7209
9.863268366421067	166290088033.6311
9.895482798293632	171734493340.6247
9.927697230166196	177357142508.4472
9.95991166203876	183163871050.2956
9.992126093911324	189160705527.505
10.02434052578389	195353869806.5152
10.05655495765645	201749791515.2445
10.08876938952902	208355108715.553
10.12098382140158	215176676792.6611
10.15319825327414	222221575568.7034
10.18541268514671	229497116652.9557
10.21762711701927	237010851028.572
10.24984154889184	244770576889.3397
10.2820559807644	252784347734.248
10.31427041263697	261060480724.3584
10.34648484450953	269607565316.818
10.37869927638209	278434472177.8312
10.41091370825466	287550362389.283
10.44312814012722	296964696959.0112
10.47534257199979	306687246631.5885
10.50755700387235	316728102048.5883
10.53977143574491	327097684195.3605
10.57198586761748	337806755234.7351
10.60420029949004	348866429671.02
10.63641473136261	360288185884.4311
10.66862916323517	372083878046.6724
10.70084359510773	384265748421.0103
10.7330580269803	396846440069.5778
10.76527245885286	409839009975.5988
10.79748689072543	423256942593.255
10.82970132259799	437114163843.5591
10.86191575447056	451425055567.5153
10.89413018634312	466204470451.4192
10.92634461821568	481467747443.9136
10.95855905008825	497230727673.1306
10.99077348196081	513509770890.1013
11.02298791383338	530321772444.9205
11.05520234570594	547684180825.1733
11.0874167775785	565615015762.817
11.11963120945107	584132886935.78
11.15184564132363	603257013283.4177
11.1840600731962	623007242952.0364
11.21627450506876	643404073898.3256
11.24848893694132	664468675154.1176
11.28070336881389	686222908807.8369
11.31291780068645	708689352687.1178
11.34513223255902	731891323793.9521
11.37734666443158	755852902504.1396
11.40956109630415	780598957559.4646
11.44177552817671	806155171877.5452
11.47398996004927	832548069206.4757
11.50620439192184	859805041654.642
11.5384188237944	887954378118.0262
11.57063325566697	917025293641.0785
11.60284768753953	947047959738.3822
11.63506211941209	978053535705.0454
11.66727655128466	1010074200961.74
11.69949098315722	1043143188446.421
11.73170541502979	1077294819108.292
11.76391984690235	1112564537528.654
11.79613427877491	1148988948705.473
11.82834871064748	1186605856045.703
11.86056314252004	1225454300599.066
11.89277757439261	1265574601578.853
11.92499200626517	1307008398203.206
11.95720643813774	1349798692916.778
11.9894208700103	1393989896016.834
12.02163530188286	1439627871746.274
12.05384973375543	1486759985895.466
12.08606416562799	1535435154957.087
12.11827859750056	1585703896901.086
12.15049302937312	1637618383599.493
12.18270746124568	1691232494975.626
12.21492189311825	1746601874925.329
12.24713632499081	1803783989063.362
12.27935075686338	1862838184370.124
12.31156518873594	1923825750779.714
12.3437796206085	1986809984796.162
12.37599405248107	2051856255181.106
12.40820848435363	2119032070800.34
12.4404229162262	2188407150686.792
12.47263734809876	2260053496400.03
12.50485177997133	2334045466754.722
12.53706621184389	2410459854992.768
12.56928064371645	2489375968483.827
12.60149507558902	2570875711036.424
12.63370950746158	2655043667902.337
12.66592393933415	2741967193563.61
12.69813837120671	2831736502395.478
12.73035280307927	2924444762292.72
12.76256723495184	3020188191369.156
12.7947816668244	3119066157815.976
12.82699609869697	3221181283031.313
12.85921053056953	3326639548131.868
12.89142496244209	3435550403937.441
12.92363939431466	3548026884572.572
12.95585382618722	3664185724777.589
12.98806825805979	3784147481061.965
13.02028268993235	3908036656833.472
13.05249712180492	4035981831597.956
13.08471155367748	4168115794420.104
13.11692598555004	4304575681736.454
13.14914041742261	4445503119683.247
13.18135484929517	4591044371080.95
13.21356928116774	4741350487246.71
13.2457837130403	4896577464750.503
13.27799814491286	5056886407321.721
13.31021257678543	5222443693053.947
13.34242700865799	5393421147079.779
13.37464144053056	5569996219904.767
13.40685587240312	5752352171573.381
13.43907030427568	5940678261865.966
13.47128473614825	6135169946724.472
13.50349916802081	6336029081108.695
13.53571359989338	6543464128495.535
13.56792803176594	6757690377229.823
13.60014246363851	6978930163966.998
13.63235689551107	7207413104425.254
13.66457132738363	7443376331693.091
13.6967857592562	7687064742345.633
13.72900019112876	7938731250605.701
13.76121462300133	8198637050837.089
13.79342905487389	8467051888627.915
13.82564348674645	8744254340743.271
13.85785791861902	9030532104255.814
13.89007235049158	9326182295129.594
13.92228678236415	9631511756586.967
13.95450121423671	9946837377566.357
13.98671564610927	10272486421610.12
14.01893007798184	10608796866517.58
14.0511445098544	10956117755117.02
14.08335894172697	11314809557525.46
14.11557337359953	11685244545261.07
14.1477878054721	12067807177612.39
14.18000223734466	12462894500653.54
14.21221666921722	12870916559317.83
14.24443110108979	13292296822969.56
14.27664553296235	13727472624901.92
14.30885996483492	14176895616234.65
14.34107439670748	14641032234655.18
14.37328882858004	15120364188520.35
14.40550326045261	15615388956799.47
14.43771769232517	16126620305388.44
14.46993212419774	16654588820325.04
14.5021465560703	17199842458462.09
14.53436098794286	17762947116173.88
14.56657541981543	18344487216664.82
14.59878985168799	18945066316533.94
14.63100428356056	19565307732168.05
14.66321871543312	20205855186661.96
14.69543314730569	20867373477912.54
14.72764757917825	21550549168583.11
14.75986201105081	22256091298656.9
14.79207644292338	22984732121324.19
14.82429087479594	23737227862954.88
14.85650530666851	24514359507954.9
14.88871973854107	25316933609317.38
14.92093417041363	26145783125712.56
14.9531486022862	27001768285972.69
14.98536303415876	27885777481906.71
15.01757746603133	28798728190302.15
15.04979189790389	29741567925150.12
15.08200632977645	30715275221029.6
15.11422076164902	31720860648682.16
15.14643519352158	32759367863848.79
15.17864962539415	33831874690430.24
15.21086405726671	34939494239120.04
15.24307848913928	36083376062652.39
15.27529292101184	37264707348878.28
15.3075073528844	38484714152896.52
15.33972178475697	39744662669524.55
15.37193621662953	41045860547431.62
15.4041506485021	42389658246293.52
15.43636508037466	43777450438372.88
15.46857951224722	45210677455997.81
15.50079394411979	46690826786417.75
15.53300837599235	48219434615610.38
15.56522280786492	49798087422618.51
15.59743723973748	51428423626094.2
15.62965167161004	53112135284744.04
15.66186610348261	54850969853449.6
15.69408053535517	56646731996872.43
15.72629496722774	58501285462440.82
15.7585093991003	60416555014660.93
15.79072383097287	62394528432742.84
15.82293826284543	64437258573639.97
15.85515269471799	66546865502617.78
15.88736712659056	68725538693582.23
15.91958155846312	70975539301444.64
15.95179599033569	73299202508882.72
15.98401042220825	75698939949919.16
16.01622485408081	78177242212868.7
16.04843928595338	80736681425204.05
16.08065371782594	83379913923062.98
16.11286814969851	86109683008156.75
16.14508258157107	88928821794912.06
16.17729701344363	91840256150853.31
16.2095114453162	94847007733233.66
16.24172587718876	97952197125092.11
16.27394030906133	101159047073965.4
16.30615474093389	104470885836648.8
16.33836917280646	107891150633459
16.37058360467902	111423391215565.7
16.40279803655158	115071273549147.5
16.43501246842415	118838583620130.4
16.46722690029671	122729231363507.5
16.49944133216928	126747254721298.7
16.53165576404184	130896823833361
16.5638701959144	135182245365396.1
16.59608462778697	139607966978660.1
16.62829905965953	144178581946009.8
16.6605134915321	148898833919054.2
16.69272792340466	153773621851406
16.72494235527722	158808005083085.1
16.75715678714979	164007208591402.5
16.78937121902235	169376628413739.1
16.82158565089492	174921837247878
16.85380008276748	180648590235650.6
16.88601451464005	186562830935967.7
16.91822894651261	192670697493401.6
16.95044337838517	198978529008674.2
16.98265781025774	205492872117776.5
17.0148722421303	212220487786420.8
17.04708667400287	219168358326970.6
17.07930110587543	226343694645081.7
17.11151553774799	233753943723617.7
17.14372996962056	241406796351522.9
17.17594440149312	249310195105788.6
17.20815883336569	257472342594723.7
17.24037326523825	265901709971069.8
17.27258769711081	274607045723877.9
17.30480212898338	283597384758172.8
17.33701656085594	292882057771910.6
17.36923099272851	302470700939902.2
17.40144542460107	312373265914815.8
17.43365985647364	322600030155528.4
17.4658742883462	333161607593719.3
17.49808872021876	344068959649583.4
17.53030315209133	355333406608212.2
17.56251758396389	366966639368476.7
17.59473201583646	378980731576482.9
17.62694644770902	391388152156299.2
17.65916087958158	404201778250920.2
17.69137531145415	417434908586936.7
17.72358974332671	431101277276661.5
17.75580417519928	445215068072213.2
17.78801860707184	459790929086239.7
17.82023303894441	474843987994523.4
17.85244747081697	490389867736403.4
17.88466190268953	506444702729115.6
17.9168763345621	523025155613031.6
17.94909076643466	540148434545090.1
17.98130519830723	557832311058448.8
18.01351963017979	576095138506727.8
18.04573406205235	594955871112211.2
18.07794849392492	614434083637653.2
18.11016292579748	634549991702001.1
18.14237735767005	655324472761407.2
18.17459178954261	676779087776990.6
18.20680622141517	698936103592048.9
18.23902065328774	721818516041843.6
18.2712350851603	745450073820054.1
18.30344951703287	769855303126430.5
18.33566394890543	795059533121539.8
18.367878380778	821088922214830.8
18.40009281265056	847970485213239.2
18.43230724452312	875732121358811.2
18.46452167639569	904402643284014.4
18.49673610826825	934011806915187.1
18.52895054014082	964590342354895.5
18.56116497201338	996169985775467
18.59337940388594	1028783512356478
18.62559383575851	1062464770300728
18.65780826763107	1097248715963943
18.69002269950364	1133171450134272
18.7222371313762	1170270255499911
18.75445156324876	1208583635343084
18.78666599512133	1248151353500965
18.81888042699389	1289014475634824
18.85109485886646	1331215411850401
18.88330929073902	1374797960713344
18.91552372261159	1419807354705951
18.94773815448415	1466290307172039
18.97995258635671	1514295060798546
19.01216701822928	1563871437684694
19.04438145010184	1615070891050061
19.07659588197441	1667946558635686
19.10881031384697	1722553317853356
19.14102474571953	1778947842740668
19.1732391775921	1837188662780303
19.20545360946466	1897336223645339
19.23766804133723	1959452949933295
19.26988247320979	2023603309953608
19.30209690508235	2089853882636818
19.33431133695492	2158273426633684
19.36652576882748	2228932951676871
19.39874020070005	2301905792278798
19.43095463257261	2377267683842526
19.46316906444518	2455096841263886
19.49538349631774	2535474040107538
19.5275979281903	2618482700440372
19.55981236006287	2704208973409362
19.59202679193543	2792741830654334
19.624241223808	2884173156647499
19.65645565568056	2978597844056411
19.68867008755312	3076113892228800
19.72088451942569	3176822508902076
19.75309895129825	3280828215242010
19.78531338317082	3388238954320776
19.81752781504338	3499166203146617
19.84974224691594	3613725088360333
19.88195667878851	3732034505720742
19.91417111066107	3854217243500958
19.94638554253364	3980400109925065
19.9785999744062	4110714064776578
20.01081440627877	4245294355316342
20.04302883815133	4384280656649006
20.07524327002389	4527817216686039
20.10745770189646	4676053005854279
20.13967213376902	4829141871705339
20.17188656564159	4987242698587797
20.20410099751415	5150519572545629
20.23631542938671	5319141951616137
20.26852986125928	5493284841702672
20.30074429313184	5673128978206034
20.33295872500441	5858861013600997
20.36517315687697	6050673711154936
20.39738758874953	6248766144988593
20.4296020206221	6453343906685358
20.46181645249466	6664619318666590
20.49403088436723	6882811654550940
20.52624531623979	7108147366728872
20.55845974811236	7340860321387159
20.59067417998492	7581192041229061
20.62288861185748	7829391956138755
20.65510304373005	8085717662054234
20.68731747560261	8350435188314405
20.71953190747518	8623819273758602
20.75174633934774	8906153651866645
20.7839607712203	9197731345232112
20.81617520309287	9498854969677910
20.84838963496543	9809837048327034
20.880604066838	1.013100033595743e+16
20.91281849871056	1.046267815397341e+16
20.94503293058312	1.080521473634512e+16
20.97724736245569	1.115896558687472e+16
21.00946179432825	1.152429784815558e+16
21.04167622620082	1.190159068261526e+16
21.07389065807338	1.229123566602952e+16
21.10610508994595	1.269363719392174e+16
21.13831952181851	1.310921290126609e+16
21.17053395369107	1.353839409593364e+16
21.20274838556364	1.398162620632505e+16
21.2349628174362	1.443936924366219e+16
21.26717724930877	1.491209827941221e+16
21.29939168118133	1.540030393834226e+16
21.33160611305389	1.590449290771792e+16
21.36382054492646	1.642518846316972e+16
21.39603497679902	1.696293101177769e+16
21.42824940867159	1.751827865293425e+16
21.46046384054415	1.809180775757235e+16
21.49267827241671	1.868411356635242e+16
21.52489270428928	1.929581080743545e+16
21.55710713616184	1.992753433448416e+16
21.58932156803441	2.05799397855442e+16
21.62153599990697	2.125370426350501e+16
21.65375043177954	2.194952703883137e+16
21.6859648636521	2.266813027530517e+16
21.71817929552466	2.341025977952477e+16
21.75039372739723	2.417668577494672e+16
21.78260815926979	2.496820370126114e+16
21.81482259114236	2.578563503994539e+16
21.84703702301492	2.662982816683999e+16
21.87925145488748	2.750165923263853e+16
21.91146588676005	2.84020330722069e+16
21.94368031863261	2.933188414366674e+16
21.97589475050518	3.029217749822786e+16
22.00810918237774	3.12839097817686e+16
22.0403236142503	3.230811026921238e+16
22.07253804612287	3.336584193276063e+16
22.10475247799543	3.445820254510272e+16
22.136966909868	3.558632581874785e+16
22.16918134174056	3.675138258264523e+16
22.20139577361313	3.795458199734111e+16
22.23361020548569	3.919717280990452e+16
22.26582463735825	4.048044464994685e+16
22.29803906923082	4.1805729368065e+16
22.33025350110338	4.31744024181136e+16
22.36246793297595	4.458788428471741e+16
22.39468236484851	4.604764195753039e+16
22.42689679672107	4.755519045375467e+16
22.45911122859364	4.911209439050391e+16
22.4913256604662	5.071996960865141e+16
22.52354009233877	5.238048484983165e+16
22.55575452421133	5.409536348834983e+16
22.58796895608389	5.586638531978984e+16
22.62018338795646	5.769538840818648e+16
22.65239781982902	5.958427099365914e+16
22.68461225170159	6.153499346250711e+16
22.71682668357415	6.354958038180889e+16
22.74904111544672	6.563012260061288e+16
22.78125554731928	6.777877941994516e+16
22.81346997919184	6.999778083383546e+16
22.84568441106441	7.22894298437284e+16
22.87789884293697	7.465610484865338e+16
22.91011327480954	7.710026211366464e+16
22.9423277066821	7.962443831906904e+16
22.97454213855466	8.223125319313574e+16
23.00675657042723	8.492341223098346e+16
23.03897100229979	8.77037095024828e+16
23.07118543417236	9.057503055209942e+16
23.10339986604492	9.354035539365301e+16
23.13561429791748	9.660276160313616e+16
23.16782872979005	9.976542751277826e+16
23.20004316166261	1.030316355096982e+17
23.23225759353518	1.064047754425252e+17
23.26447202540774	1.098883481395587e+17
23.29668645728031	1.134859690421291e+17
23.32890088915287	1.172013719568648e+17
23.36111532102543	1.210384129308563e+17
23.393329752898	1.250010742536469e+17
23.42554418477056	1.290934685902665e+17
23.45775861664313	1.333198432495594e+17
23.48997304851569	1.376845845922834e+17
23.52218748038825	1.421922225834771e+17
23.55440191226082	1.468474354939123e+17
23.58661634413338	1.516550547554331e+17
23.61883077600595	1.566200699752654e+17
23.65104520787851	1.617476341145051e+17
23.68325963975107	1.670430688361111e+17
23.71547407162364	1.725118700280078e+17
23.7476885034962	1.78159713506991e+17
23.77990293536877	1.839924609094073e+17
23.81211736724133	1.900161657746388e+17
23.8443317991139	1.962370798277751e+17
23.87654623098646	2.026616594680074e+17
23.90876066285902	2.092965724693621e+17
23.94097509473159	2.161487049009038e+17
23.97318952660415	2.23225168273424e+17
24.00540395847672	2.305333069201406e+17
24.03761839034928	2.380807056190043e+17
24.06983282222184	2.458751974646094e+17
24.10204725409441	2.539248719977329e+17
24.13426168596697	2.622380836011029e+17
24.16647611783954	2.708234601699887e+17
24.1986905497121	2.796899120666601e+17
24.23090498158466	2.888466413680486e+17
24.26311941345723	2.983031514160961e+17
24.29533384532979	3.080692566808203e+17
24.32754827720236	3.181550929462483e+17
24.35976270907492	3.285711278298899e+17
24.39197714094749	3.393281716465227e+17
24.42419157282005	3.504373886276735e+17
24.45640600469261	3.619103085084815e+17
24.48862043656518	3.737588384937489e+17
24.52083486843774	3.859952756159278e+17
24.55304930031031	3.986323194975378e+17
24.58526373218287	4.116830855315025e+17
24.61747816405543	4.251611184929203e+17
24.649692595928	4.390804065965885e+17
24.68190702780056	4.534553960145945e+17
24.71412145967313	4.683010058693246e+17
24.74633589154569	4.836326437172508e+17
24.77855032341825	4.994662215396518e+17
24.81076475529082	5.15818172256909e+17
24.84297918716338	5.327054667833685e+17
24.87519361903595	5.501456316406127e+17
24.90740805090851	5.681567671473171e+17
24.93962248278108	5.86757566204753e+17
24.97183691465364	6.059673336971245e+17
25.0040513465262	6.258060065271178e+17
25.03626577839877	6.462941743075306e+17
25.06848021027133	6.674531007300091e+17
25.1006946421439	6.893047456337262e+17
25.13290907401646	7.118717877962776e+17
25.16512350588902	7.351776484708852e+17
25.19733793776159	7.592465156940506e+17
25.22955236963415	7.84103369389227e+17
25.26176680150672	8.097740072920682e+17
25.29398123337928	8.362850717246783e+17
25.32619566525184	8.636640772462527e+17
25.35841009712441	8.919394392090397e+17
25.39062452899697	9.211405032492516e+17
25.42283896086954	9.512975757433366e+17
25.4550533927421	9.824419552614188e+17
25.48726782461467	1.014605965050419e+18
25.51948225648723	1.04782298658086e+18
25.55169668835979	1.082127494191619e+18
25.58391112023236	1.117555090869058e+18
25.61612555210492	1.154142545197721e+18
25.64833998397749	1.191927829520255e+18
25.68055441585005	1.230950159347236e+18
25.71276884772261	1.271250034056712e+18
25.74498327959518	1.312869278926518e+18
25.77719771146774	1.355851088542416e+18
25.80941214334031	1.400240071627766e+18
25.84162657521287	1.446082297340337e+18
25.87384100708543	1.493425343085281e+18
25.906055438958	1.542318343893089e+18
25.93826987083056	1.592812043414306e+18
25.97048430270313	1.644958846583866e+18
26.00269873457569	1.698812874009259e+18
26.03491316644826	1.754430018139559e+18
26.06712759832082	1.811868001273099e+18
26.09934203019338	1.871186435464737e+18
26.13155646206595	1.932446884393826e+18
26.16377089393851	1.995712927257815e+18
26.19598532581108	2.061050224758185e+18
26.22819975768364	2.128526587245655e+18
26.2604141895562	2.198212045097447e+18
26.29262862142877	2.270178921397849e+18
26.32484305330133	2.344501906998613e+18
26.3570574851739	2.421258138036399e+18
26.38927191704646	2.500527275988734e+18
26.42148634891903	2.582391590349967e+18
26.45370078079159	2.666936044014691e+18
26.48591521266415	2.754248381456004e+18
26.51812964453672	2.844419219790816e+18
26.55034407640928	2.937542142826794e+18
26.58255850828185	3.0337137981877e+18
26.61477294015441	3.133033997618902e+18
26.64698737202697	3.235605820576358e+18
26.67920180389954	3.34153572120782e+18
26.7114162357721	3.450933638835404e+18
26.74363066764467	3.563913112055562e+18
26.77584509951723	3.68059139657538e+18
26.80805953138979	3.801089586904965e+18
26.84027396326236	3.925532742035827e+18
26.87248839513492	4.054050015232197e+18
26.90470282700749	4.186774788072539e+18
26.93691725888005	4.323844808878566e+18
26.96913169075262	4.465402335677601e+18
27.00134612262518	4.611594283843547e+18
27.03356055449774	4.76257237857299e+18
27.06577498637031	4.918493312352022e+18
27.09798941824287	5.079518907578892e+18
27.13020385011544	5.245816284511118e+18
27.162418281988	5.417558034709906e+18
27.19463271386056	5.594922400163709e+18
27.22684714573313	5.778093458275274e+18
27.25906157760569	5.967261312906523e+18
27.29127600947826	6.162622291676022e+18
27.32349044135082	6.36437914971632e+18
27.35570487322338	6.572741280103727e+18
27.38791930509595	6.787924931173821e+18
27.42013373696851	7.010153430955476e+18
27.45234816884108	7.239657418949488e+18
27.48456260071364	7.476675085497043e+18
27.51677703258621	7.721452418983416e+18
27.54899146445877	7.974243461137008e+18
27.58120589633133	8.23531057068379e+18
27.6134203282039	8.504924695635725e+18
27.64563476007646	8.783365654491654e+18
27.67784919194903	9.070922426645519e+18
27.71006362382159	9.367893452302787e+18
27.74227805569415	9.674586942213724e+18
27.77449248756672	9.99132119754844e+18
27.80670691943928	1.03184249402429e+19
27.83892135131185	1.065623765416272e+19
27.87113578318441	1.100510993743289e+19
27.90335021505697	1.136540386630315e+19
27.93556464692954	1.173749337092895e+19
27.9677790788021	1.212176462344895e+19
27.99999351067467	1.251861643877438e+19
28.03220794254723	1.29284606884943e+19
28.0644223744198	1.335172272833475e+19
28.09663680629236	1.378884183960943e+19
28.12885123816492	1.424027168512769e+19
28.16106567003749	1.470648078002248e+19
28.19328010191005	1.518795297799705e+19
28.22549453378262	1.568518797348789e+19
28.25770896565518	1.619870182026864e+19
28.28992339752774	1.672902746703471e+19
28.32213782940031	1.727671531051801e+19
28.35435226127287	1.784233376671285e+19
28.38656669314544	1.842646986080041e+19
28.418781125018	1.90297298363916e+19
28.45099555689056	1.965273978470956e+19
28.48320998876313	2.029614629437239e+19
28.51542442063569	2.096061712245462e+19
28.54763885250826	2.164684188750699e+19
28.57985328438082	2.235553278527738e+19
28.61206771625339	2.308742532785346e+19
28.64428214812595	2.384327910700952e+19
28.67649657999851	2.462387858253937e+19
28.70871101187108	2.543003389640642e+19
28.74092544374364	2.626258171353774e+19
28.77313987561621	2.712238609015158e+19
28.80535430748877	2.801033937051005e+19
28.83756873936133	2.892736311302909e+19
28.8697831712339	2.987440904671315e+19
28.90199760310646	3.085246005889562e+19
28.93421203497903	3.186253121532027e+19
28.96642646685159	3.290567081361499e+19
28.99864089872415	3.39829614712641e+19
29.03085533059672	3.50955212491872e+19
29.06306976246928	3.624450481210705e+19
29.09528419434185	3.743110462691451e+19
29.12749862621441	3.865655220024801e+19
29.15971305808698	3.992211935661124e+19
29.19192748995954	4.122911955831643e+19
29.2241419218321	4.257890926865184e+19
29.25635635370467	4.397288935966769e+19
29.28857078557723	4.541250656606659e+19
29.3207852174498	4.689925498667341e+19
29.35299964932236	4.843467763507552e+19
29.38521408119492	5.002036804101976e+19
29.41742851306749	5.165797190424009e+19
29.44964294494005	5.334918880243541e+19
29.48185737681262	5.509577395515237e+19
29.51407180868518	5.689954004542362e+19
29.54628624055774	5.876235910103432e+19
29.57850067243031	6.068616443739803e+19
29.61071510430287	6.267295266401815e+19
29.64292953617544	6.472478575664161e+19
29.675143968048	6.684379319727394e+19
29.70735839992057	6.903217418421655e+19
29.73957283179313	7.129219991449838e+19
29.77178726366569	7.362621594099973e+19
29.80400169553826	7.60366446067626e+19
29.83621612741082	7.85259875589808e+19
29.86843055928339	8.109682834532224e+19
29.90064499115595	8.3751835095217e+19
29.93285942302851	8.649376328895291e+19
29.96507385490108	8.932545861740927e+19
29.99728828677364	9.224985993542402e+19
30.02950271864621	9.527000231185652e+19
30.06171715051877	9.83890201794868e+19
30.09393158239133	1.016101505880512e+20
30.1261460142639	1.049367365637621e+20
30.15836044613646	1.083722305788469e+20
30.19057487800903	1.119201981346364e+20
30.22278930988159	1.155843214619664e+20
30.25500374175416	1.193684033427608e+20
30.28721817362672	1.232763710566625e+20
30.31943260549928	1.273122804569416e+20
30.35164703737185	1.314803201797872e+20
30.38386146924441	1.357848159914382e+20
30.41607590111698	1.402302352776025e+20
30.44829033298954	1.448211916799033e+20
30.4805047648621	1.495624498840552e+20
30.51271919673467	1.544589305648433e+20
30.54493362860723	1.595157154929658e+20
30.5771480604798	1.647380528090774e+20
30.60936249235236	1.701313624705146e+20
30.64157692422492	1.75701241876306e+20
30.67379135609749	1.814534716763567e+20
30.70600578797005	1.873940217707942e+20
30.73822021984262	1.935290575057791e+20
30.77043465171518	1.99864946072093e+20
30.80264908358775	2.064082631132167e+20
30.83486351546031	2.131657995498172e+20
30.86707794733287	2.201445686275349e+20
30.89929237920544	2.273518131956335e+20
30.931506811078	2.347950132238455e+20
30.96372124295057	2.424818935653606e+20
30.99593567482313	2.504204319739131e+20
31.02815010669569	2.586188673834264e+20
31.06036453856826	2.670857084586071e+20
31.09257897044082	2.758297424255646e+20
31.12479340231339	2.848600441914631e+20
31.15700783418595	2.941859857627779e+20
31.18922226605851	3.038172459719075e+20
31.22143669793108	3.137638205221642e+20
31.25365112980364	3.240360323616634e+20
31.28586556167621	3.346445423967897e+20
31.31807999354877	3.45600360556512e+20
31.35029442542134	3.569148572188047e+20
31.3825088572939	3.685997750111797e+20
31.41472328916646	3.806672409976638e+20
31.44693772103903	3.931297792645456e+20
31.47915215291159	4.060003239183953e+20
31.51136658478416	4.19292232509434e+20
31.54358101665672	4.330192998944756e+20
31.57579544852928	4.471957725536057e+20
31.60800988040185	4.618363633757537e+20
31.64022431227441	4.769562669281085e+20
31.67243874414698	4.925711752255858e+20
31.70465317601954	5.086972940164556e+20
31.7368676078921	5.253513596011963e+20
31.76908203976467	5.42550656202019e+20
31.80129647163723	5.603130339009184e+20
31.8335109035098	5.786569271650787e+20
31.86572533538236	5.976013739786821e+20
31.89793976725493	6.171660356012453e+20
31.93015419912749	6.373712169726094e+20
31.96236863100005	6.58237887785983e+20
31.99458306287262	6.79787704251116e+20
32.02679749474518	7.02043031569558e+20
32.05901192661774	7.250269671461515e+20
32.0912263584903	7.4876336456011e+20
32.12344079036286	7.732768583210724e+20
32.15565522223542	7.985928894353717e+20
32.18786965410798	8.247377318097301e+20
32.22008408598055	8.517385195189346e+20
0
1000	1.0219978922	100000000000000.1
5	0	0	1
5	0	0	0
0.03786664528905326	-8804584.001106648
0.07008107716161713	-8799849.962517349
0.102295509034181	-8795266.523060711
0.1345099409067449	-8790829.076678162
0.1667243727793087	-8786533.127106238
0.1989388046518726	-8782374.289119242
0.2311532365244365	-8778348.289251858
0.2633676683970003	-8774450.96605953
0.2955821002695642	-8770678.269970555
0.3277965321421281	-8767026.262778644
0.360010964014692	-8763491.116820401
0.3922253958872559	-8760069.113878151
0.4244398277598198	-8756756.643845323
0.4566542596323837	-8753550.203187358
0.4888686915049476	-8750446.393228618
0.5210831233775115	-8747441.918292159
0.5532975552500754	-8744533.583717236
0.5855119871226393	-8741718.293776222
0.6177264189952032	-8738993.049511047
0.6499408508677671	-8736354.946506215
0.682155282740331	-8733801.1726148
0.7143697146128949	-8731329.005650628
0.7465841464854588	-8728935.81105979
0.7787985783580227	-8726619.039581725
0.8110130102305866	-8724376.224909874
0.8432274421031505	-8722204.981360484
0.8754418739757144	-8720103.001556214
0.9076563058482783	-8718068.054131752
0.9398707377208422	-8716097.981466489
0.9720851695934061	-8714190.697448798
1.00429960146597	-8712343.438619167
1.036514033338534	-8710555.836650096
1.068728465211098	-8708825.226603679
1.100942897083662	-8707149.775644198
1.133157328956226	-8705527.71015507
1.165371760828789	-8703957.314104253
1.197586192701353	-8702436.927416928
1.229800624573917	-8700964.944361648
1.262015056446481	-8699539.811952405
1.294229488319045	-8698160.02837177
1.326443920191609	-8696823.600853525
1.358658352064173	-8695530.270102078
1.390872783936737	-8694278.113692716
1.423087215809301	-8693065.81113169
1.455301647681865	-8691892.084364992
1.487516079554428	-8690755.696622591
1.519730511426992	-8689655.451266823
1.551944943299556	-8688590.190648383
1.58415937517212	-8687558.794972638
1.616373807044684	-8686560.181179561
1.648588238917248	-8685592.910449164
1.680802670789812	-8684656.798778441
1.713017102662376	-8683750.457765633
1.74523153453494	-8682872.934576221
1.777445966407504	-8682023.306879023
1.809660398280067	-8681200.682024254
1.841874830152631	-8680404.196223231
1.874089262025195	-8679633.013733063
1.906303693897759	-8678886.326047983
1.938518125770323	-8678163.351099502
1.970732557642887	-8677463.049046736
2.002946989515451	-8676785.288561348
2.035161421388014	-8676129.066045597
2.067375853260578	-8675493.693179864
2.099590285133142	-8674878.50361651
2.131804717005705	-8674282.852391943
2.164019148878269	-8673706.115340229
2.196233580750833	-8673147.688509151
2.228448012623396	-8672606.987581149
2.26066244449596	-8672083.447299981
2.292876876368524	-8671576.315641295
2.325091308241087	-8671085.498480847
2.357305740113651	-8670610.269903621
2.389520171986215	-8670150.132261278
2.421734603858778	-8669704.603757186
2.453949035731342	-8669273.218025126
2.486163467603906	-8668855.523707936
2.518377899476469	-8668451.084038565
2.550592331349033	-8668059.476423683
2.582806763221597	-8667680.292031748
2.61502119509416	-8667312.986709423
2.647235626966724	-8666957.49279323
2.679450058839288	-8666613.284968438
2.711664490711851	-8666280.00322243
2.743878922584415	-8665957.298992321
2.776093354456979	-8665644.834862098
2.808307786329542	-8665342.284259383
2.840522218202106	-8665049.331153709
2.87273665007467	-8664765.669756884
2.904951081947234	-8664491.004226064
2.937165513819797	-8664224.940671075
2.969379945692361	-8663967.430343959
3.001594377564925	-8663718.09296287
3.033808809437488	-8663476.667969696
3.066023241310052	-8663242.903083954
3.098237673182616	-8663016.554084038
3.130452105055179	-8662797.384588948
3.162666536927743	-8662585.165840497
3.194880968800307	-8662379.676487334
3.22709540067287	-8662180.702370618
3.259309832545434	-8661987.958290387
3.291524264417998	-8661801.409070849
3.323738696290561	-8661620.779350588
3.355953128163125	-8661445.880491041
3.388167560035689	-8661276.529841451
3.420381991908252	-8661112.550581258
3.452596423780816	-8660953.771562265
3.48481085565338	-8660800.027151477
3.517025287525943	-8660651.157075087
3.549239719398507	-8660507.006263617
3.581454151271071	-8660367.368173813
3.613668583143634	-8660232.217394136
3.645883015016198	-8660101.354498576
3.678097446888762	-8659974.642884955
3.710311878761325	-8659851.950284636
3.742526310633889	-8659733.14864845
3.774740742506453	-8659618.114032859
3.806955174379016	-8659506.726486189
3.83916960625158	-8659398.869936021
3.871384038124144	-8659294.432077132
3.903598469996707	-8659193.263307739
3.935812901869271	-8659095.345255004
3.968027333741835	-8659000.533468194
4.000241765614398	-8658908.729010463
4.032456197486963	-8658819.836082162
4.064670629359527	-8658733.761938602
4.096885061232091	-8658650.416807426
4.129099493104655	-8658569.713806586
4.161313924977219	-8658491.568862723
4.193528356849783	-8658415.900630148
4.225742788722347	-8658342.600739023
4.257957220594911	-8658271.655897487
4.290171652467476	-8658202.961464882
4.32238608434004	-8658136.445775403
4.354600516212604	-8658072.039434981
4.386814948085168	-8658009.67526179
4.419029379957732	-8657949.288226482
4.451243811830296	-8657890.815392843
4.48345824370286	-8657834.195858601
4.515672675575424	-8657779.370696949
4.547887107447989	-8657726.261399884
4.580101539320553	-8657674.858347246
4.612315971193117	-8657625.085731421
4.644530403065681	-8657576.89163607
4.676744834938245	-8657530.22579007
4.708959266810809	-8657485.039524671
4.741173698683373	-8657441.285730004
4.773388130555937	-8657398.918812305
4.805602562428501	-8657357.894651035
4.837816994301066	-8657318.170556452
4.87003142617363	-8657279.689650606
4.902245858046194	-8657242.444968553
4.934460289918758	-8657206.381588191
4.966674721791322	-8657171.461897627
4.998889153663886	-8657137.649476767
5.03110358553645	-8657104.909066109
5.063318017409014	-8657073.20653547
5.095532449281579	-8657042.508852815
5.127746881154143	-8657012.784053331
5.159961313026707	-8656984.001208626
5.192175744899271	-8656956.119109722
5.224390176771835	-8656929.132712951
5.256604608644399	-8656903.002226053
5.288819040516963	-8656877.700399034
5.321033472389527	-8656853.200845322
5.353247904262092	-8656829.478018995
5.385462336134656	-8656806.507192362
5.41767676800722	-8656784.264433205
5.449891199879784	-8656762.726582427
5.482105631752348	-8656741.87123183
5.514320063624912	-8656721.668523995
5.546534495497476	-8656702.114805866
5.57874892737004	-8656683.181246292
5.610963359242604	-8656664.848101934
5.643177791115169	-8656647.096254816
5.675392222987733	-8656629.907196162
5.707606654860297	-8656613.263009833
5.739821086732861	-8656597.146356104
5.772035518605425	-8656581.540455325
5.804249950477989	-8656566.429071814
5.836464382350553	-8656551.790572304
5.868678814223117	-8656537.622310672
5.900893246095682	-8656523.903397158
5.933107677968246	-8656510.619526738
5.96532210984081	-8656497.7568476
5.997536541713374	-8656485.30194914
6.029750973585938	-8656473.241850244
6.061965405458502	-8656461.563987356
6.094179837331066	-8656450.2562027
6.12639426920363	-8656439.306732694
6.158608701076195	-8656428.69990259
6.190823132948759	-8656418.433795491
6.223037564821323	-8656408.493275378
6.255251996693887	-8656398.86797742
6.287466428566451	-8656389.547865106
6.319680860439015	-8656380.523221681
6.351895292311579	-8656371.78464146
6.384109724184143	-8656363.323021378
6.416324156056707	-8656355.129552346
6.448538587929272	-8656347.195710845
6.480753019801836	-8656339.510139406
6.5129674516744	-8656332.071449291
6.545181883546964	-8656324.868673356
6.577396315419528	-8656317.894301537
6.609610747292092	-8656311.141061699
6.641825179164656	-8656304.601913342
6.67403961103722	-8656298.270041423
6.706254042909785	-8656292.138850069
6.738468474782349	-8656286.20195646
6.770682906654913	-8656280.453184742
6.802897338527477	-8656274.884305472
6.835111770400041	-8656269.494312547
6.867326202272605	-8656264.275259357
6.899540634145169	-8656259.221704328
6.931755066017733	-8656254.328378232
6.963969497890298	-8656249.590179704
6.996183929762862	-8656245.002170682
7.028398361635426	-8656240.55957197
7.06061279350799	-8656236.257758718
7.092827225380554	-8656232.092255969
7.125041657253118	-8656228.057100898
7.157256089125682	-8656224.151564537
7.189470520998246	-8656220.369888876
7.22168495287081	-8656216.708131054
7.253899384743375	-8656213.162473131
7.286113816615939	-8656209.729218693
7.318328248488503	-8656206.404789753
7.350542680361067	-8656203.185723385
7.382757112233631	-8656200.068668483
7.414971544106195	-8656197.05038262
7.447185975978759	-8656194.126545157
7.479400407851323	-8656191.296627913
7.511614839723888	-8656188.556458799
7.543829271596452	-8656185.903180815
7.576043703469016	-8656183.334027546
7.60825813534158	-8656180.84632064
7.640472567214144	-8656178.437467547
7.672686999086708	-8656176.10495908
7.704901430959272	-8656173.846367037
7.737115862831836	-8656171.659342026
7.769330294704401	-8656169.540753407
7.801544726576965	-8656167.490218457
7.833759158449529	-8656165.504714072
7.865973590322093	-8656163.582170174
7.898188022194657	-8656161.72058223
7.930402454067221	-8656159.918009559
7.962616885939785	-8656158.172573602
7.994831317812349	-8656156.482456259
8.027045749684913	-8656154.845898071
8.059260181557477	-8656153.261196682
8.091474613430041	-8656151.726083703
8.123689045302605	-8656150.240281781
8.155903477175169	-8656148.801600441
8.188117909047733	-8656147.408539725
8.220332340920297	-8656146.059647143
8.252546772792861	-8656144.753516525
8.284761204665426	-8656143.48878666
8.31697563653799	-8656142.264140191
8.349190068410554	-8656141.078302287
8.381404500283118	-8656139.930039329
8.413618932155682	-8656138.817707753
8.445833364028246	-8656137.741106542
8.47804779590081	-8656136.698648503
8.510262227773374	-8656135.689246807
8.542476659645938	-8656134.711849004
8.574691091518503	-8656133.765436182
8.606905523391067	-8656132.849021997
8.639119955263631	-8656131.961651906
8.671334387136195	-8656131.102402195
8.703548819008759	-8656130.270379044
8.735763250881323	-8656129.464391433
8.767977682753887	-8656128.68429382
8.800192114626451	-8656127.928936075
8.832406546499016	-8656127.197530692
8.86462097837158	-8656126.489315059
8.896835410244144	-8656125.803550918
8.929049842116708	-8656125.139523603
8.961264273989272	-8656124.496541416
8.993478705861836	-8656123.873935005
9.0256931377344	-8656123.271056777
9.057907569606964	-8656122.68704371
9.090122001479529	-8656122.121790322
9.122336433352093	-8656121.574463284
9.154550865224657	-8656121.044491962
9.186765297097221	-8656120.531323759
9.218979728969785	-8656120.034423728
9.251194160842349	-8656119.553274048
9.283408592714913	-8656119.087373499
9.315623024587477	-8656118.636237135
9.347837456460041	-8656118.199395623
9.380051888332606	-8656117.776223712
9.41226632020517	-8656117.366644934
9.444480752077734	-8656116.97005544
9.476695183950298	-8656116.586041776
9.508909615822862	-8656116.214203522
9.541124047695426	-8656115.854153104
9.57333847956799	-8656115.505515257
9.605552911440554	-8656115.167926854
9.637767343313119	-8656114.841036437
9.669981775185683	-8656114.524504
9.702196207058247	-8656114.217876449
9.734410638930811	-8656113.921098383
9.766625070803375	-8656113.633732265
9.798839502675939	-8656113.355478501
9.831053934548503	-8656113.086046973
9.863268366421067	-8656112.825156827
9.895482798293632	-8656112.572536163
9.927697230166196	-8656112.327921817
9.95991166203876	-8656112.091059169
9.992126093911324	-8656111.861701844
10.02434052578389	-8656111.639521541
10.05655495765645	-8656111.42447811
10.08876938952902	-8656111.216254525
10.12098382140158	-8656111.014633667
10.15319825327414	-8656110.819405343
10.18541268514671	-8656110.63036605
10.21762711701927	-8656110.447318766
10.24984154889184	-8656110.270072808
10.2820559807644	-8656110.098443694
10.31427041263697	-8656109.932252889
10.34648484450953	-8656109.771262471
10.37869927638209	-8656109.615443412
10.41091370825466	-8656109.464565942
10.44312814012722	-8656109.318472806
10.47534257199979	-8656109.177011626
10.50755700387235	-8656109.040034974
10.53977143574491	-8656108.907400124
10.57198586761748	-8656108.778968845
10.60420029949004	-8656108.654607499
10.63641473136261	-8656108.534186726
10.66862916323517	-8656108.417534111
10.70084359510773	-8656108.30462862
10.7330580269803	-8656108.195303785
10.76527245885286	-8656108.089445625
10.79748689072543	-8656107.986943796
10.82970132259799	-8656107.887691405
10.86191575447056	-8656107.791585026
10.89413018634312	-8656107.698524565
10.92634461821568	-8656107.608413132
10.95855905008825	-8656107.521157023
10.99077348196081	-8656107.436631292
11.02298791383338	-8656107.354820698
11.05520234570594	-8656107.275604647
11.0874167775785	-8656107.198900506
11.11963120945107	-8656107.124628348
11.15184564132363	-8656107.052710708
11.1840600731962	-8656106.98307264
11.21627450506876	-8656106.91564163
11.24848893694132	-8656106.85034747
11.28070336881389	-8656106.787122259
11.31291780068645	-8656106.725875458
11.34513223255902	-8656106.666596046
11.37734666443158	-8656106.609196559
11.40956109630415	-8656106.553617246
11.44177552817671	-8656106.499800123
11.47398996004927	-8656106.447689051
11.50620439192184	-8656106.397229766
11.5384188237944	-8656106.348369682
11.57063325566697	-8656106.301057948
11.60284768753953	-8656106.255245376
11.63506211941209	-8656106.210866326
11.66727655128466	-8656106.167912846
11.69949098315722	-8656106.126321556
11.73170541502979	-8656106.086049156
11.76391984690235	-8656106.047053605
11.79613427877491	-8656106.009294253
11.82834871064748	-8656105.972731793
11.86056314252004	-8656105.937328078
11.89277757439261	-8656105.903046329
11.92499200626517	-8656105.869850794
11.95720643813774	-8656105.837694023
11.9894208700103	-8656105.806570219
12.02163530188286	-8656105.776433453
12.05384973375543	-8656105.74725231
12.08606416562799	-8656105.718996378
12.11827859750056	-8656105.691636207
12.15049302937312	-8656105.665143263
12.18270746124568	-8656105.639489958
12.21492189311825	-8656105.614649631
12.24713632499081	-8656105.590596374
12.27935075686338	-8656105.567295786
12.31156518873594	-8656105.544743659
12.3437796206085	-8656105.522906775
12.37599405248107	-8656105.50176229
12.40820848435363	-8656105.481288226
12.4404229162262	-8656105.461463215
12.47263734809876	-8656105.442266617
12.50485177997133	-8656105.423678385
12.53706621184389	-8656105.405679235
12.56928064371645	-8656105.388250409
12.60149507558902	-8656105.37136695
12.63370950746158	-8656105.355025845
12.66592393933415	-8656105.339202939
12.69813837120671	-8656105.323881777
12.73035280307927	-8656105.309046414
12.76256723495184	-8656105.294681353
12.7947816668244	-8656105.280771585
12.82699609869697	-8656105.267302703
12.85921053056953	-8656105.254260622
12.89142496244209	-8656105.241631795
12.92363939431466	-8656105.229398154
12.95585382618722	-8656105.217557486
12.98806825805979	-8656105.206092309
13.02028268993235	-8656105.194990721
13.05249712180492	-8656105.184241097
13.08471155367748	-8656105.173832243
13.11692598555004	-8656105.163753364
13.14914041742261	-8656105.153993884
13.18135484929517	-8656105.144543668
13.21356928116774	-8656105.135392906
13.2457837130403	-8656105.126528481
13.27799814491286	-8656105.117948795
13.31021257678543	-8656105.109641224
13.34242700865799	-8656105.101597065
13.37464144053056	-8656105.093807971
13.40685587240312	-8656105.086265787
13.43907030427568	-8656105.078962676
13.47128473614825	-8656105.071891008
13.50349916802081	-8656105.065043468
13.53571359989338	-8656105.058412885
13.56792803176594	-8656105.051989792
13.60014246363851	-8656105.045773018
13.63235689551107	-8656105.0397534
13.66457132738363	-8656105.033924663
13.6967857592562	-8656105.028280718
13.72900019112876	-8656105.02281571
13.76121462300133	-8656105.017523915
13.79342905487389	-8656105.012399845
13.82564348674645	-8656105.007438147
13.85785791861902	-8656105.002633644
13.89007235049158	-8656104.997979505
13.92228678236415	-8656104.993474871
13.95450121423671	-8656104.989113083
13.98671564610927	-8656104.984889619
14.01893007798184	-8656104.980800053
14.0511445098544	-8656104.97684014
14.08335894172697	-8656104.973005746
14.11557337359953	-8656104.969292868
14.1477878054721	-8656104.965697682
14.18000223734466	-8656104.962216374
14.21221666921722	-8656104.958844006
14.24443110108979	-8656104.955579964
14.27664553296235	-8656104.952419467
14.30885996483492	-8656104.949359177
14.34107439670748	-8656104.946395881
14.37328882858004	-8656104.943526549
14.40550326045261	-8656104.940748185
14.43771769232517	-8656104.938057866
14.46993212419774	-8656104.935452778
14.5021465560703	-8656104.932930259
14.53436098794286	-8656104.930486698
14.56657541981543	-8656104.928121587
14.59878985168799	-8656104.925831499
14.63100428356056	-8656104.923614033
14.66321871543312	-8656104.921466867
14.69543314730569	-8656104.919387771
14.72764757917825	-8656104.917374562
14.75986201105081	-8656104.915425168
14.79207644292338	-8656104.913537553
14.82429087479594	-8656104.911709737
14.85650530666851	-8656104.909939153
14.88871973854107	-8656104.9082254
14.92093417041363	-8656104.906566001
14.9531486022862	-8656104.904959252
14.98536303415876	-8656104.903403429
15.01757746603133	-8656104.901896933
15.04979189790389	-8656104.90043818
15.08200632977645	-8656104.899025649
15.11422076164902	-8656104.897657908
15.14643519352158	-8656104.896333484
15.17864962539415	-8656104.895050529
15.21086405726671	-8656104.893808782
15.24307848913928	-8656104.8926064
15.27529292101184	-8656104.89144215
15.3075073528844	-8656104.890314803
15.33972178475697	-8656104.889223207
15.37193621662953	-8656104.888166208
15.4041506485021	-8656104.887142697
15.43636508037466	-8656104.88615163
15.46857951224722	-8656104.885191979
15.50079394411979	-8656104.884262325
15.53300837599235	-8656104.88336258
15.56522280786492	-8656104.882491326
15.59743723973748	-8656104.881647719
15.62965167161004	-8656104.880830867
15.66186610348261	-8656104.880039908
15.69408053535517	-8656104.879273998
15.72629496722774	-8656104.878532367
15.7585093991003	-8656104.877814246
15.79072383097287	-8656104.877118897
15.82293826284543	-8656104.87644526
15.85515269471799	-8656104.875793304
15.88736712659056	-8656104.875161998
15.91958155846312	-8656104.874550728
15.95179599033569	-8656104.873958832
15.98401042220825	-8656104.873385709
16.01622485408081	-8656104.872830762
16.04843928595338	-8656104.872293374
16.08065371782594	-8656104.871773025
16.11286814969851	-8656104.871269172
16.14508258157107	-8656104.870781081
16.17729701344363	-8656104.870308673
16.2095114453162	-8656104.869851245
16.24172587718876	-8656104.869408313
16.27394030906133	-8656104.868979421
16.30615474093389	-8656104.868564138
16.33836917280646	-8656104.86816203
16.37058360467902	-8656104.867772641
16.40279803655158	-8656104.867395613
16.43501246842415	-8656104.867030516
16.46722690029671	-8656104.86667683
16.49944133216928	-8656104.866334539
16.53165576404184	-8656104.866003087
16.5638701959144	-8656104.865682136
16.59608462778697	-8656104.865371365
16.62829905965953	-8656104.865070466
16.6605134915321	-8656104.864779085
16.69272792340466	-8656104.864496959
16.72494235527722	-8656104.864223752
16.75715678714979	-8656104.863959203
16.78937121902235	-8656104.863702942
16.82158565089492	-8656104.863454906
16.85380008276748	-8656104.863214727
16.88601451464005	-8656104.862982191
16.91822894651261	-8656104.862757005
16.95044337838517	-8656104.862538952
16.98265781025774	-8656104.862327835
17.0148722421303	-8656104.862123393
17.04708667400287	-8656104.861925438
17.07930110587543	-8656104.861733755
17.11151553774799	-8656104.861548057
17.14372996962056	-8656104.861368353
17.17594440149312	-8656104.861194324
17.20815883336569	-8656104.861025814
17.24037326523825	-8656104.860862656
17.27258769711081	-8656104.860704664
17.30480212898338	-8656104.860551685
17.33701656085594	-8656104.860403549
17.36923099272851	-8656104.860260103
17.40144542460107	-8656104.860121224
17.43365985647364	-8656104.859986652
17.4658742883462	-8656104.859856443
17.49808872021876	-8656104.859730342
17.53030315209133	-8656104.85960824
17.56251758396389	-8656104.859490011
17.59473201583646	-8656104.859375535
17.62694644770902	-8656104.859264687
17.65916087958158	-8656104.859157344
17.69137531145415	-8656104.859053416
17.72358974332671	-8656104.858952777
17.75580417519928	-8656104.858855275
17.78801860707184	-8656104.858760927
17.82023303894441	-8656104.85866956
17.85244747081697	-8656104.85858107
17.88466190268953	-8656104.858495409
17.9168763345621	-8656104.858412469
17.94909076643466	-8656104.858332142
17.98130519830723	-8656104.858254354
18.01351963017979	-8656104.858179055
18.04573406205235	-8656104.858106125
18.07794849392492	-8656104.858035471
18.11016292579748	-8656104.857967108
18.14237735767005	-8656104.857900897
18.17459178954261	-8656104.857836794
18.20680622141517	-8656104.85777472
18.23902065328774	-8656104.857714614
18.2712350851603	-8656104.857656414
18.30344951703287	-8656104.857600059
18.33566394890543	-8656104.857545489
18.367878380778	-8656104.857492641
18.40009281265056	-8656104.857441468
18.43230724452312	-8656104.857391926
18.46452167639569	-8656104.857343966
18.49673610826825	-8656104.857297499
18.52895054014082	-8656104.857252523
18.56116497201338	-8656104.857208963
18.59337940388594	-8656104.857166786
18.62559383575851	-8656104.85712596
18.65780826763107	-8656104.857086428
18.69002269950364	-8656104.857048126
18.7222371313762	-8656104.857011039
18.75445156324876	-8656104.856975134
18.78666599512133	-8656104.856940385
18.81888042699389	-8656104.856906725
18.85109485886646	-8656104.856874144
18.88330929073902	-8656104.856842576
18.91552372261159	-8656104.856812023
18.94773815448415	-8656104.856782423
18.97995258635671	-8656104.856753778
19.01216701822928	-8656104.856726037
19.04438145010184	-8656104.856699159
19.07659588197441	-8656104.856673159
19.10881031384697	-8656104.856647957
19.14102474571953	-8656104.856623586
19.1732391775921	-8656104.856599953
19.20545360946466	-8656104.856577072
19.23766804133723	-8656104.856554946
19.26988247320979	-8656104.856533511
19.30209690508235	-8656104.856512753
19.33431133695492	-8656104.856492657
19.36652576882748	-8656104.856473159
19.39874020070005	-8656104.856454339
19.43095463257261	-8656104.856436072
19.46316906444518	-8656104.856418403
19.49538349631774	-8656104.856401291
19.5275979281903	-8656104.85638473
19.55981236006287	-8656104.856368678
19.59202679193543	-8656104.856353147
19.624241223808	-8656104.856338108
19.65645565568056	-8656104.856323548
19.68867008755312	-8656104.856309416
19.72088451942569	-8656104.856295777
19.75309895129825	-8656104.856282555
19.78531338317082	-8656104.856269745
19.81752781504338	-8656104.856257368
19.84974224691594	-8656104.856245343
19.88195667878851	-8656104.856233718
19.91417111066107	-8656104.856222464
19.94638554253364	-8656104.856211562
19.9785999744062	-8656104.856200999
20.01081440627877	-8656104.856190789
20.04302883815133	-8656104.856180871
20.07524327002389	-8656104.856171306
20.10745770189646	-8656104.856162019
20.13967213376902	-8656104.856153054
20.17188656564159	-8656104.856144352
20.20410099751415	-8656104.85613591
20.23631542938671	-8656104.856127759
20.26852986125928	-8656104.856119873
20.30074429313184	-8656104.856112216
20.33295872500441	-8656104.856104819
20.36517315687697	-8656104.856097639
20.39738758874953	-8656104.856090689
20.4296020206221	-8656104.856083969
20.46181645249466	-8656104.856077464
20.49403088436723	-8656104.856071159
20.52624531623979	-8656104.856065055
20.55845974811236	-8656104.856059136
20.59067417998492	-8656104.856053401
20.62288861185748	-8656104.85604788
20.65510304373005	-8656104.856042515
20.68731747560261	-8656104.856037317
20.71953190747518	-8656104.856032275
20.75174633934774	-8656104.856027415
20.7839607712203	-8656104.856022678
20.81617520309287	-8656104.856018128
20.84838963496543	-8656104.856013699
20.880604066838	-8656104.856009426
20.91281849871056	-8656104.856005272
20.94503293058312	-8656104.856001245
20.97724736245569	-8656104.855997369
21.00946179432825	-8656104.855993602
21.04167622620082	-8656104.855989974
21.07389065807338	-8656104.855986437
21.10610508994595	-8656104.855983024
21.13831952181851	-8656104.855979702
21.17053395369107	-8656104.855976503
21.20274838556364	-8656104.855973398
21.2349628174362	-8656104.855970399
21.26717724930877	-8656104.855967494
21.29939168118133	-8656104.855964679
21.33160611305389	-8656104.855961943
21.36382054492646	-8656104.855959313
21.39603497679902	-8656104.855956746
21.42824940867159	-8656104.855954269
21.46046384054415	-8656104.855951855
21.49267827241671	-8656104.855949549
21.52489270428928	-8656104.85594729
21.55710713616184	-8656104.85594512
21.58932156803441	-8656104.855943015
21.62153599990697	-8656104.855940953
21.65375043177954	-8656104.855939001
21.6859648636521	-8656104.855937064
21.71817929552466	-8656104.855935218
21.75039372739723	-8656104.855933435
21.78260815926979	-8656104.855931697
21.81482259114236	-8656104.855930006
21.84703702301492	-8656104.85592836
21.87925145488748	-8656104.855926808
21.91146588676005	-8656104.855925255
21.94368031863261	-8656104.855923794
21.97589475050518	-8656104.855922364
22.00810918237774	-8656104.855920965
22.0403236142503	-8656104.855919626
22.07253804612287	-8656104.85591832
22.10475247799543	-8656104.855917074
22.136966909868	-8656104.855915844
22.16918134174056	-8656104.855914675
22.20139577361313	-8656104.855913524
22.23361020548569	-8656104.855912415
22.26582463735825	-8656104.855911339
22.29803906923082	-8656104.855910309
22.33025350110338	-8656104.855909294
22.36246793297595	-8656104.855908325
22.39468236484851	-8656104.855907388
22.42689679672107	-8656104.855906479
22.45911122859364	-8656104.855905589
22.4913256604662	-8656104.855904726
22.52354009233877	-8656104.855903927
22.55575452421133	-8656104.855903111
22.58796895608389	-8656104.855902344
22.62018338795646	-8656104.855901575
22.65239781982902	-8656104.855900852
22.68461225170159	-8656104.855900146
22.71682668357415	-8656104.855899453
22.74904111544672	-8656104.855898807
22.78125554731928	-8656104.855898177
22.81346997919184	-8656104.855897531
22.84568441106441	-8656104.855896931
22.87789884293697	-8656104.855896346
22.91011327480954	-8656104.855895793
22.9423277066821	-8656104.855895255
22.97454213855466	-8656104.855894716
23.00675657042723	-8656104.855894195
23.03897100229979	-8656104.855893703
23.07118543417236	-8656104.855893241
23.10339986604492	-8656104.855892779
23.13561429791748	-8656104.855892317
23.16782872979005	-8656104.855891887
23.20004316166261	-8656104.855891457
23.23225759353518	-8656104.855891073
23.26447202540774	-8656104.855890673
23.29668645728031	-8656104.855890274
23.32890088915287	-8656104.855889903
23.36111532102543	-8656104.855889549
23.393329752898	-8656104.855889212
23.42554418477056	-8656104.855888873
23.45775861664313	-8656104.855888551
23.48997304851569	-8656104.855888229
23.52218748038825	-8656104.855887922
23.55440191226082	-8656104.855887644
23.58661634413338	-8656104.855887368
23.61883077600595	-8656104.855887059
23.65104520787851	-8656104.855886798
23.68325963975107	-8656104.855886552
23.71547407162364	-8656104.85588629
23.7476885034962	-8656104.855886044
23.77990293536877	-8656104.855885813
23.81211736724133	-8656104.855885584
23.8443317991139	-8656104.855885368
23.87654623098646	-8656104.855885154
23.90876066285902	-8656104.855884938
23.94097509473159	-8656104.855884738
23.97318952660415	-8656104.855884539
24.00540395847672	-8656104.855884353
24.03761839034928	-8656104.855884168
24.06983282222184	-8656104.855884001
24.10204725409441	-8656104.855883831
24.13426168596697	-8656104.855883662
24.16647611783954	-8656104.855883509
24.1986905497121	-8656104.855883338
24.23090498158466	-8656104.855883185
24.26311941345723	-8656104.855883045
24.29533384532979	-8656104.855882907
24.32754827720236	-8656104.855882769
24.35976270907492	-8656104.855882632
24.39197714094749	-8656104.855882524
24.42419157282005	-8656104.855882401
24.45640600469261	-8656104.855882263
24.48862043656518	-8656104.855882155
24.52083486843774	-8656104.855882047
24.55304930031031	-8656104.855881939
24.58526373218287	-8656104.855881833
24.61747816405543	-8656104.855881739
24.649692595928	-8656104.855881631
24.68190702780056	-8656104.85588154
24.71412145967313	-8656104.855881447
24.74633589154569	-8656104.855881356
24.77855032341825	-8656104.855881263
24.81076475529082	-8656104.855881186
24.84297918716338	-8656104.855881078
24.87519361903595	-8656104.855881017
24.90740805090851	-8656104.855880925
24.93962248278108	-8656104.855880864
24.97183691465364	-8656104.855880802
25.0040513465262	-8656104.855880724
25.03626577839877	-8656104.855880648
25.06848021027133	-8656104.855880586
25.1006946421439	-8656104.85588054
25.13290907401646	-8656104.855880463
25.16512350588902	-8656104.855880402
25.19733793776159	-8656104.855880355
25.22955236963415	-8656104.855880294
25.26176680150672	-8656104.855880247
25.29398123337928	-8656104.855880203
25.32619566525184	-8656104.855880154
25.35841009712441	-8656104.855880093
25.39062452899697	-8656104.855880048
25.42283896086954	-8656104.855880002
25.4550533927421	-8656104.855879955
25.48726782461467	-8656104.855879925
25.51948225648723	-8656104.855879879
25.55169668835979	-8656104.855879832
25.58391112023236	-8656104.855879785
25.61612555210492	-8656104.855879756
25.64833998397749	-8656104.855879724
25.68055441585005	-8656104.855879694
25.71276884772261	-8656104.855879648
25.74498327959518	-8656104.855879618
25.77719771146774	-8656104.855879586
25.80941214334031	-8656104.855879556
25.84162657521287	-8656104.855879525
25.87384100708543	-8656104.855879495
25.906055438958	-8656104.855879478
25.93826987083056	-8656104.855879448
25.97048430270313	-8656104.855879417
26.00269873457569	-8656104.855879402
26.03491316644826	-8656104.855879372
26.06712759832082	-8656104.855879355
26.09934203019338	-8656104.855879325
26.13155646206595	-8656104.855879294
26.16377089393851	-8656104.855879264
26.19598532581108	-8656104.855879264
26.22819975768364	-8656104.855879232
26.2604141895562	-8656104.855879217
26.29262862142877	-8656104.855879188
26.32484305330133	-8656104.855879171
26.3570574851739	-8656104.855879156
26.38927191704646	-8656104.855879141
26.42148634891903	-8656104.855879126
26.45370078079159	-8656104.855879094
26.48591521266415	-8656104.85587908
26.51812964453672	-8656104.85587908
26.55034407640928	-8656104.855879065
26.58255850828185	-8656104.855879048
26.61477294015441	-8656104.855879033
26.64698737202697	-8656104.855875144
26.67920180389954	-8656104.855879018
26.7114162357721	-8656104.855879018
26.74363066764467	-8656104.855879003
26.77584509951723	-8656104.855878972
26.80805953138979	-8656104.855878957
26.84027396326236	-8656104.855878957
26.87248839513492	-8656104.855878942
26.90470282700749	-8656104.855878925
26.93691725888005	-8656104.855878925
26.96913169075262	-8656104.855879003
27.00134612262518	-8656104.855878878
27.03356055449774	-8656104.855878878
27.06577498637031	-8656104.855878863
27.09798941824287	-8656104.855878878
27.13020385011544	-8656104.855878863
27.162418281988	-8656104.855878849
27.19463271386056	-8656104.855878849
27.22684714573313	-8656104.855878834
27.25906157760569	-8656104.855878834
27.29127600947826	-8656104.855878817
27.32349044135082	-8656104.855878817
27.35570487322338	-8656104.855878817
27.38791930509595	-8656104.855878802
27.42013373696851	-8656104.855878802
27.45234816884108	-8656104.855878787
27.48456260071364	-8656104.855878787
27.51677703258621	-8656104.855878787
27.54899146445877	-8656104.855878772
27.58120589633133	-8656104.855878772
27.6134203282039	-8656104.855878772
27.64563476007646	-8656104.855878755
27.67784919194903	-8656104.855878755
27.71006362382159	-8656104.855878755
27.74227805569415	-8656104.855878741
27.77449248756672	-8656104.855878741
27.80670691943928	-8656104.855878741
27.83892135131185	-8656104.855878726
27.87113578318441	-8656104.855878726
27.90335021505697	-8656104.855878726
27.93556464692954	-8656104.855878726
27.9677790788021	-8656104.855878711
27.99999351067467	-8656104.855878711
28.03220794254723	-8656104.855878711
28.0644223744198	-8656104.855878711
28.09663680629236	-8656104.855878711
28.12885123816492	-8656104.855878694
28.16106567003749	-8656104.855878694
28.19328010191005	-8656104.855878694
28.22549453378262	-8656104.855878694
28.25770896565518	-8656104.855878694
28.28992339752774	-8656104.855878679
28.32213782940031	-8656104.855878694
28.35435226127287	-8656104.855878694
28.38656669314544	-8656104.855878679
28.418781125018	-8656104.855878679
28.45099555689056	-8656104.855878679
28.48320998876313	-8656104.855878664
28.51542442063569	-8656104.855878679
28.54763885250826	-8656104.855878679
28.57985328438082	-8656104.855878633
28.61206771625339	-8656104.855878633
28.64428214812595	-8656104.855878649
28.67649657999851	-8656104.855878664
28.70871101187108	-8656104.855878664
28.74092544374364	-8656104.855878664
28.77313987561621	-8656104.855878664
28.80535430748877	-8656104.855878649
28.83756873936133	-8656104.855878649
28.8697831712339	-8656104.855878649
28.90199760310646	-8656104.855878649
28.93421203497903	-8656104.855878649
28.96642646685159	-8656104.855878649
28.99864089872415	-8656104.855878649
29.03085533059672	-8656104.855878633
29.06306976246928	-8656104.855878633
29.09528419434185	-8656104.855878633
29.12749862621441	-8656104.855878633
29.15971305808698	-8656104.855878633
29.19192748995954	-8656104.855878633
29.2241419218321	-8656104.855878633
29.25635635370467	-8656104.855878633
29.28857078557723	-8656104.855878633
29.3207852174498	-8656104.855878633
29.35299964932236	-8656104.855878633
29.38521408119492	-8656104.855878633
29.41742851306749	-8656104.855878633
29.44964294494005	-8656104.855878633
29.48185737681262	-8656104.855878633
29.51407180868518	-8656104.855878633
29.54628624055774	-8656104.855878633
29.57850067243031	-8656104.855878633
29.61071510430287	-8656104.855878633
29.64292953617544	-8656104.855878633
29.675143968048	-8656104.855878618
29.70735839992057	-8656104.855878618
29.73957283179313	-8656104.855878618
29.77178726366569	-8656104.855878618
29.80400169553826	-8656104.855878618
29.83621612741082	-8656104.855878618
29.86843055928339	-8656104.855878618
29.90064499115595	-8656104.855878618
29.93285942302851	-8656104.855878618
29.96507385490108	-8656104.855878618
29.99728828677364	-8656104.855878618
30.02950271864621	-8656104.855878618
30.06171715051877	-8656104.855878618
30.09393158239133	-8656104.855878618
30.1261460142639	-8656104.855878618
30.15836044613646	-8656104.855878618
30.19057487800903	-8656104.855878618
30.22278930988159	-8656104.855878618
30.25500374175416	-8656104.855878618
30.28721817362672	-8656104.855878618
30.31943260549928	-8656104.855878618
30.35164703737185	-8656104.855878618
30.38386146924441	-8656104.855878618
30.41607590111698	-8656104.855878618
30.44829033298954	-8656104.855878618
30.4805047648621	-8656104.855878618
30.51271919673467	-8656104.855878618
30.54493362860723	-8656104.855878618
30.5771480604798	-8656104.855878618
30.60936249235236	-8656104.855878618
30.64157692422492	-8656104.855878618
30.67379135609749	-8656104.855878618
30.70600578797005	-8656104.855878618
30.73822021984262	-8656104.855878618
30.77043465171518	-8656104.855878618
30.80264908358775	-8656104.855878618
30.83486351546031	-8656104.855878618
30.86707794733287	-8656104.855878618
30.89929237920544	-8656104.855878618
30.931506811078	-8656104.855878618
30.96372124295057	-8656104.855878618
30.99593567482313	-8656104.855878618
31.02815010669569	-8656104.855878618
31.06036453856826	-8656104.855878618
31.09257897044082	-8656104.855878618
31.12479340231339	-8656104.855878618
31.15700783418595	-8656104.855878618
31.18922226605851	-8656104.855878618
31.22143669793108	-8656104.855878618
31.25365112980364	-8656104.855878618
31.28586556167621	-8656104.855878618
31.31807999354877	-8656104.855878618
31.35029442542134	-8656104.855878618
31.3825088572939	-8656104.855878618
31.41472328916646	-8656104.855878618
31.44693772103903	-8656104.855878618
31.47915215291159	-8656104.855878618
31.51136658478416	-8656104.855878618
31.54358101665672	-8656104.855878618
31.57579544852928	-8656104.855878618
31.60800988040185	-8656104.855878618
31.64022431227441	-8656104.855878618
31.67243874414698	-8656104.855878618
31.70465317601954	-8656104.855878618
31.7368676078921	-8656104.855878618
31.76908203976467	-8656104.855878618
31.80129647163723	-8656104.855878618
31.8335109035098	-8656104.855878618
31.86572533538236	-8656104.855878618
31.89793976725493	-8656104.855878618
31.93015419912749	-8656104.855878618
31.96236863100005	-8656104.855878618
31.99458306287262	-8656104.855878618
32.02679749474518	-8656104.855878618
32.05901192661774	-8656104.855878618
32.0912263584903	-8656104.855878618
32.12344079036286	-8656104.855878618
32.15565522223542	-8656104.855878618
32.18786965410798	-8656104.855878618
32.22008408598055	-8656104.855878618
