0
1000	1.0219978922	100000000000000.1
5	0	0	1
5	0	0	0
0.03786664528905326	0.2183306589179887
0.07008107716161713	0.6569534851061291
0.102295509034181	1.098296908074889
0.1345099409067449	1.542489412102907
0.1667243727793087	1.989661999322766
0.1989388046518726	2.439948222269021
0.2311532365244365	2.893484221824922
0.2633676683970003	3.350408770404537
0.2955821002695642	3.810863320219759
0.3277965321421281	4.274992056494377
0.360010964014692	4.742941955499945
0.3922253958872559	5.214862847300392
0.4244398277598198	5.690907483104456
0.4566542596323837	6.171231607136739
0.4888686915049476	6.655994032949689
0.5210831233775115	7.145356724110068
0.5532975552500754	7.639484879204244
0.5855119871226393	8.138547021117374
0.6177264189952032	8.642715090551675
0.6499408508677671	9.152164543759127
0.682155282740331	9.667074454473475
0.7143697146128949	10.1876276200359
0.7465841464854588	10.71401067171789
0.7787985783580227	11.24641418925362
0.8110130102305866	11.78503281960274
0.8432274421031505	12.33006539997309
0.8754418739757144	12.88171508514073
0.9076563058482783	13.44018947911279
0.9398707377208422	14.00570077118657
0.9720851695934061	14.57846587646542
1.00429960146597	15.15870554528795
1.036514033338534	15.74664593191239
1.068728465211098	16.34252195634402
1.100942897083662	16.94657010159137
1.133157328956226	17.55903213584456
1.165371760828789	18.18015852086998
1.197586192701353	18.81020463034054
1.229800624573917	19.44942746042029
1.262015056446481	20.09809565395334
1.294229488319045	20.75648240751093
1.326443920191609	21.42486405990665
1.358658352064173	22.10352890208115
1.390872783936737	22.79276909364675
1.423087215809301	23.49288620422793
1.455301647681865	24.20418994657825
1.487516079554428	24.92698867272399
1.519730511426992	25.66161347630163
1.551944943299556	26.40838818524947
1.58415937517212	27.16765653144256
1.616373807044684	27.93976213787593
1.648588238917248	28.72506234665665
1.680802670789812	29.52392249961829
1.713017102662376	30.33671483705543
1.74523153453494	31.16382770502437
1.777445966407504	32.00564861006201
1.809660398280067	32.86258766013216
1.841874830152631	33.73505447856302
1.874089262025195	34.62347197156615
1.906303693897759	35.52828134044216
1.938518125770323	36.44992217608353
1.970732557642887	37.38885537761787
2.002946989515451	38.3455501826968
2.035161421388014	39.32048639784568
2.067375853260578	40.31416129392706
2.099590285133142	41.32708140896628
2.131804717005705	42.35976987535567
2.164019148878269	43.41276454930487
2.196233580750833	44.48660200743075
2.228448012623396	45.58185162959133
2.26066244449596	46.69909796250035
2.292876876368524	47.8389085004074
2.325091308241087	49.00192029671676
2.357305740113651	50.18874585569474
2.389520171986215	51.40002593522847
2.421734603858778	52.63643157708808
2.453949035731342	53.89862933584797
2.486163467603906	55.1873151500256
2.518377899476469	56.50320497231341
2.550592331349033	57.84702215032409
2.582806763221597	59.21952405434696
2.61502119509416	60.62147776760023
2.647235626966724	62.05370253083824
2.679450058839288	63.51695993965225
2.711664490711851	65.01212238834044
2.743878922584415	66.54004297728265
2.776093354456979	68.10159273114476
2.808307786329542	69.69770463848313
2.840522218202106	71.32927953044555
2.87273665007467	72.99728814871069
2.904951081947234	74.70269679961844
2.937165513819797	76.44655895460447
2.969379945692361	78.22985690031602
3.001594377564925	80.0536915413782
3.033808809437488	81.91915487925243
3.066023241310052	83.82734487970299
3.098237673182616	85.77942708745914
3.130452105055179	87.77660857362862
3.162666536927743	89.82009044821082
3.194880968800307	91.91114015672102
3.22709540067287	94.05101327877958
3.259309832545434	96.24104200549243
3.291524264417998	98.48264255908153
3.323738696290561	100.7771455615133
3.355953128163125	103.1260189417996
3.388167560035689	105.5307067796648
3.420381991908252	107.9927739229061
3.452596423780816	110.5137386001433
3.48481085565338	113.0952251651793
3.517025287525943	115.7388670863751
3.549239719398507	118.4463690401193
3.581454151271071	121.2194582674176
3.613668583143634	124.0599485314845
3.645883015016198	126.9696351038793
3.678097446888762	129.9504545139419
3.710311878761325	133.0043147019117
3.742526310633889	136.1332320049623
3.774740742506453	139.3392570967191
3.806955174379016	142.6244742884456
3.83916960625158	145.9910966792422
3.871384038124144	149.4413053747359
3.903598469996707	152.9774563595109
3.935812901869271	156.6018551966147
3.968027333741835	160.3169336695415
4.000241765614398	164.125209079404
4.032456197486963	168.0292281875585
4.064670629359527	172.0315990026968
4.096885061232091	176.1350680713591
4.129099493104655	180.3423995650201
4.161313924977219	184.6564839462417
4.193528356849783	189.0802549885546
4.225742788722347	193.6167130691908
4.257957220594911	198.2690050373429
4.290171652467476	203.040321461361
4.32238608434004	207.9339149075529
4.354600516212604	212.9532658741275
4.386814948085168	218.1017852066921
4.419029379957732	223.3830866946697
4.451243811830296	228.8007836333825
4.48345824370286	234.3587567519048
4.515672675575424	240.0608601713294
4.547887107447989	245.9110883997891
4.580101539320553	251.9135895819486
4.612315971193117	258.0725890504352
4.644530403065681	264.3924453456034
4.676744834938245	270.8776144312792
4.708959266810809	277.5327421761999
4.741173698683373	284.3625640682732
4.773388130555937	291.3719275076609
4.805602562428501	298.5659034147196
4.837816994301066	305.9496234227046
4.87003142617363	313.5284026645555
4.902245858046194	321.3076713815173
4.934460289918758	329.2930859096998
4.966674721791322	337.4904181721639
4.998889153663886	345.9055926226881
5.03110358553645	354.5447065897283
5.063318017409014	363.4141006696796
5.095532449281579	372.5202291631618
5.127746881154143	381.8697306228948
5.159961313026707	391.4694491851287
5.192175744899271	401.3264357912186
5.224390176771835	411.4479673215675
5.256604608644399	421.8414651121513
5.288819040516963	432.5146180547638
5.321033472389527	443.4752905891995
5.353247904262092	454.731615542764
5.385462336134656	466.2919642674262
5.41767676800722	478.1649250192602
5.449891199879784	490.3593238082817
5.482105631752348	502.8842372382124
5.514320063624912	515.7490893022627
5.546534495497476	528.9634782093897
5.57874892737004	542.5373229922193
5.610963359242604	556.4808012146368
5.643177791115169	570.8043869543765
5.675392222987733	585.5189305324355
5.707606654860297	600.6355367695382
5.739821086732861	616.1655892963033
5.772035518605425	632.1208846511244
5.804249950477989	648.5135176602297
5.836464382350553	665.3559256861939
5.868678814223117	682.6609629723384
5.900893246095682	700.4418046486047
5.933107677968246	718.7119961092588
5.96532210984081	737.4855431226001
5.997536541713374	756.7768095082661
6.029750973585938	776.6005392361656
6.061965405458502	796.9720246968794
6.094179837331066	817.9068927867719
6.12639426920363	839.4212986181764
6.158608701076195	861.5317922812346
6.190823132948759	884.2554673334924
6.223037564821323	907.6098619741238
6.255251996693887	931.613125458996
6.287466428566451	956.2838526503655
6.319680860439015	981.6411946257731
6.351895292311579	1007.704862001075
6.384109724184143	1034.495154783123
6.416324156056707	1062.032941262157
6.448538587929272	1090.339722838616
6.480753019801836	1119.437699517224
6.5129674516744	1149.349569729489
6.545181883546964	1180.098786299374
6.577396315419528	1211.709485363055
6.609610747292092	1244.206510620354
6.641825179164656	1277.615437764414
6.67403961103722	1311.962488712764
6.706254042909785	1347.274855534864
6.738468474782349	1383.580386873969
6.770682906654913	1420.907775288924
6.802897338527477	1459.286575987423
6.835111770400041	1498.747176719847
6.867326202272605	1539.320875156018
6.899540634145169	1581.039911411175
6.931755066017733	1623.93740949202
6.963969497890298	1668.047596514493
6.996183929762862	1713.405571111903
7.028398361635426	1760.047531265775
7.06061279350799	1808.010740567683
7.092827225380554	1857.333498885471
7.125041657253118	1908.055316250973
7.157256089125682	1960.216831429797
7.189470520998246	2013.859864540951
7.22168495287081	2069.027519335731
7.253899384743375	2125.764146926741
7.286113816615939	2184.115363509139
7.318328248488503	2244.128174000598
7.350542680361067	2305.850978609689
7.382757112233631	2369.333603922472
7.414971544106195	2434.627324770129
7.447185975978759	2501.784945110639
7.479400407851323	2570.86079980616
7.511614839723888	2641.910938001767
7.543829271596452	2714.99295458794
7.576043703469016	2790.166189518835
7.60825813534158	2867.491731679281
7.640472567214144	2947.032470960522
7.672686999086708	3028.853181780019
7.704901430959272	3113.020566430267
7.737115862831836	3199.603290953001
7.769330294704401	3288.672007544222
7.801544726576965	3380.299495342701
7.833759158449529	3474.560803250191
7.865973590322093	3571.533041607694
7.898188022194657	3671.295696967113
7.930402454067221	3773.930569788429
7.962616885939785	3879.521953693096
7.994831317812349	3988.156610676535
8.027045749684913	4099.923844498511
8.059260181557477	4214.915666797438
8.091474613430041	4333.226806284149
8.123689045302605	4454.95481846127
8.155903477175169	4580.200114569192
8.188117909047733	4709.066192771283
8.220332340920297	4841.659540327308
8.252546772792861	4978.089852248627
8.284761204665426	5118.470084790088
8.31697563653799	5262.916554897616
8.349190068410554	5411.549044580631
8.381404500283118	5564.490906141246
8.413618932155682	5721.869189730364
8.445833364028246	5883.814700622596
8.47804779590081	6050.462184397546
8.510262227773374	6221.950363991122
8.542476659645938	6398.422092829629
8.574691091518503	6580.024648697298
8.606905523391067	6766.909493756652
8.639119955263631	6959.232695683559
8.671334387136195	7157.154985983428
8.703548819008759	7360.841912234262
8.735763250881323	7570.463960155574
8.767977682753887	7786.196712598681
8.800192114626451	8008.221000869299
8.832406546499016	8236.723081061731
8.86462097837158	8471.894761444819
8.896835410244144	8713.933611637129
8.929049842116708	8963.043043496358
8.961264273989272	9219.432619179006
8.993478705861836	9483.318254327245
9.0256931377344	9754.922215722745
9.057907569606964	10034.47347835317
9.090122001479529	10322.20785818488
9.122336433352093	10618.36823914958
9.154550865224657	10923.20482236811
9.186765297097221	11236.97528259216
9.218979728969785	11559.94502341367
9.251194160842349	11892.38743213355
9.283408592714913	12234.5840795774
9.315623024587477	12586.82499900967
9.347837456460041	12949.40893935147
9.380051888332606	13322.64361635711
9.41226632020517	13706.84594894112
9.444480752077734	14102.34249072538
9.476695183950298	14509.46949508534
9.508909615822862	14928.57336459599
9.541124047695426	15360.01091995129
9.57333847956799	15804.14970541232
9.605552911440554	16261.36832898538
9.637767343313119	16732.05680169727
9.669981775185683	17216.61680939481
9.702196207058247	17715.46218484435
9.734410638930811	18229.0192163467
9.766625070803375	18757.72703359814
9.798839502675939	19302.03795970432
9.831053934548503	19862.41796669695
9.863268366421067	20439.34706800607
9.895482798293632	21033.31967622534
9.927697230166196	21644.84527763717
9.95991166203876	22274.44856010947
9.992126093911324	22922.67007509708
10.02434052578389	23590.06671912379
10.05655495765645	24277.21210993269
10.08876938952902	24984.69724129759
10.12098382140158	25713.13092909573
10.15319825327414	26463.14034217742
10.18541268514671	27235.37163516346
10.21762711701927	28030.49042555826
10.24984154889184	28849.1824738692
10.2820559807644	29692.15423630234
10.31427041263697	30560.13351359235
10.34648484450953	31453.8701022971
10.37869927638209	32374.13647919703
10.41091370825466	33321.72845782986
10.44312814012722	34297.46594436331
10.47534257199979	35302.19356258232
10.50755700387235	36336.78166785659
10.53977143574491	37402.12676844934
10.57198586761748	38499.15258249768
10.60420029949004	39628.81077272075
10.63641473136261	40792.08181444753
10.66862916323517	41989.97586858094
10.70084359510773	43223.53371127692
10.7330580269803	44493.82760048853
10.76527245885286	45801.96233780022
10.79748689072543	47149.07616632414
10.82970132259799	48536.34181832496
10.86191575447056	49964.96763631667
10.89413018634312	51436.19852879645
10.92634461821568	52951.31718896628
10.95855905008825	54511.64523916497
10.99077348196081	56118.54430436067
11.02298791383338	57773.41740258462
11.05520234570594	59477.71012873956
11.0874167775785	61232.91192604001
11.11963120945107	63040.55742353717
11.15184564132363	64902.22797329177
11.1840600731962	66819.55279108259
11.21627450506876	68794.21066652631
11.24848893694132	70827.93135379984
11.28070336881389	72922.49719459002
11.31291780068645	75079.74463808557
11.34513223255902	77301.56602174476
11.37734666443158	79589.9111487155
11.40956109630415	81946.7891607037
11.44177552817671	84374.27023919339
11.47398996004927	86874.48755737543
11.50620439192184	89449.63920686333
11.5384188237944	92101.9900597883
11.57063325566697	94833.87399798846
11.60284768753953	97647.69590113644
11.63506211941209	100545.9338583305
11.66727655128466	103531.1413983592
11.69949098315722	106605.9498118062
11.73170541502979	109773.0705117469
11.76391984690235	113035.2975088978
11.79613427877491	116395.5099067601
11.82834871064748	119856.6744904747
11.86056314252004	123421.8486584095
11.89277757439261	127094.1827672563
11.92499200626517	130876.9232930128
11.95720643813774	134773.4156643772
11.9894208700103	138787.1073707105
12.02163530188286	142921.5510079954
12.05384973375543	147180.4075354735
12.08606416562799	151567.4496096053
12.11827859750056	156086.5649644881
12.15049302937312	160741.7600147472
12.18270746124568	165537.1634483978
12.21492189311825	170477.0299444678
12.24713632499081	175565.7441318775
12.27935075686338	180807.8244763158
12.31156518873594	186207.9274520997
12.3437796206085	191770.8517834543
12.37599405248107	197501.5427774886
12.40820848435363	203405.0968162452
12.4404229162262	209486.766010939
12.47263734809876	215751.9630024449
12.50485177997133	222206.2658918349
12.53706621184389	228855.4232915171
12.56928064371645	235705.3595464549
12.60149507558902	242762.1802384491
12.63370950746158	250032.1775418819
12.66592393933415	257521.8363505052
12.69813837120671	265237.839738391
12.73035280307927	273187.0753479888
12.76256723495184	281376.6415049116
12.7947816668244	289813.853858126
12.82699609869697	298506.2519754183
12.85921053056953	307461.6062831143
12.89142496244209	316687.9250632055
12.92363939431466	326193.4618548337
12.95585382618722	335986.7229751889
12.98806825805979	346076.4752633005
13.02028268993235	356471.7542952842
13.05249712180492	367181.8723157418
13.08471155367748	378216.4269913596
13.11692598555004	389585.3101369841
13.14914041742261	401298.7167714463
13.18135484929517	413367.1543969014
13.21356928116774	425801.4528425011
13.2457837130403	438612.7738827879
13.27799814491286	451812.6216321818
13.31021257678543	465412.8530708303
13.34242700865799	479425.6888634063
13.37464144053056	493863.7247427336
13.40685587240312	508739.9428170308
13.43907030427568	524067.7236226512
13.47128473614825	539860.8584224764
13.50349916802081	556133.5616689568
13.53571359989338	572900.4844218756
13.56792803176594	590176.7274009901
13.60014246363851	607977.8552383385
13.63235689551107	626319.9104156755
13.66457132738363	645219.4281787039
13.6967857592562	664693.4518737148
13.72900019112876	684759.5483606555
13.76121462300133	705435.8243008608
13.79342905487389	726740.9428523139
13.82564348674645	748694.1407146571
13.85785791861902	771315.2459386344
13.89007235049158	794624.6961660102
13.92228678236415	818643.5573914904
13.95450121423671	843393.5433997962
13.98671564610927	868897.0357372258
14.01893007798184	895177.1044365632
14.0511445098544	922257.5291278192
14.08335894172697	950162.8210222251
14.11557337359953	978918.2455441293
14.1477878054721	1008549.845573341
14.18000223734466	1039084.46550186
14.21221666921722	1070549.77598316
14.24443110108979	1102974.299478928
14.27664553296235	1136387.436564673
14.30885996483492	1170819.493041467
14.34107439670748	1206301.708030954
14.37328882858004	1242866.282712134
14.40550326045261	1280546.410090972
14.43771769232517	1319376.305695601
14.46993212419774	1359391.239204754
14.5021465560703	1400627.566982746
14.53436098794286	1443122.765806328
14.56657541981543	1486915.467346954
14.59878985168799	1532045.494108893
14.63100428356056	1578553.89607465
14.66321871543312	1626482.988766376
14.69543314730569	1675876.39265016
14.72764757917825	1726779.073039333
14.75986201105081	1779237.382020815
14.79207644292338	1833299.10134325
14.82429087479594	1889013.486714815
14.85650530666851	1946431.313302945
14.88871973854107	2005604.922923657
14.92093417041363	2066588.272515954
14.9531486022862	2129436.984008926
14.98536303415876	2194208.39619418
15.01757746603133	2260961.617647717
15.04979189790389	2329757.581607998
15.08200632977645	2400659.102598866
15.11422076164902	2473730.934590772
15.14643519352158	2549039.831191207
15.17864962539415	2626654.607668277
15.21086405726671	2706646.204614514
15.24307848913928	2789087.754032015
15.27529292101184	2874054.647218233
15.3075073528844	2961624.604841519
15.33972178475697	3051877.748964578
15.37193621662953	3144896.67775661
15.4041506485021	3240766.542202193
15.43636508037466	3339575.125094594
15.46857951224722	3441412.922919303
15.50079394411979	3546373.22984429
15.53300837599235	3654552.224626348
15.56522280786492	3766049.060047826
15.59743723973748	3880965.955085264
15.62965167161004	3999408.290352369
15.66186610348261	4121484.705779673
15.69408053535517	4247307.202266896
15.72629496722774	4376991.24545517
15.7585093991003	4510655.873811155
15.79072383097287	4648423.809052402
15.82293826284543	4790421.570930776
15.85515269471799	4936779.594791655
15.88736712659056	5087632.353373295
15.91958155846312	5243118.482027631
15.95179599033569	5403380.908415372
15.98401042220825	5568566.985146606
16.01622485408081	5738828.627773203
16.04843928595338	5914322.456211708
16.08065371782594	6095209.941071777
16.11286814969851	6281657.554381528
16.14508258157107	6473836.924869752
16.17729701344363	6671924.998313772
16.2095114453162	6876104.202646997
16.24172587718876	7086562.618561724
16.27394030906133	7303494.154991182
16.30615474093389	7527098.730469637
16.33836917280646	7757582.459738116
16.37058360467902	7995157.846681116
16.40279803655158	8240043.982733773
16.43501246842415	8492466.751838321
16.46722690029671	8752659.041640887
16.49944133216928	9020860.961360285
16.53165576404184	9297320.066296972
16.5638701959144	9582291.589613602
16.59608462778697	9876038.681292072
16.62829905965953	10178832.65388231
16.6605134915321	10490953.23699517
16.69272792340466	10812688.83908713
16.72494235527722	11144336.81733888
16.75715678714979	11486203.75641827
16.78937121902235	11838605.75545995
16.82158565089492	12201868.72449643
16.85380008276748	12576328.68944673
16.88601451464005	12962332.10734517
16.91822894651261	13360236.19096871
16.95044337838517	13770409.2437856
16.98265781025774	14193231.00508096
17.0148722421303	14629093.0068247
17.04708667400287	15078398.93980463
17.07930110587543	15541565.03301743
17.11151553774799	16019020.44429586
17.14372996962056	16511207.66259
17.17594440149312	17018582.9235624
17.20815883336569	17541616.63740102
17.24037326523825	18080793.83246249
17.27258769711081	18636614.60747332
17.30480212898338	19209594.60330525
17.33701656085594	19800265.48740591
17.36923099272851	20409175.45224093
17.40144542460107	21036889.73112391
17.43365985647364	21683991.12868984
17.4658742883462	22351080.57074214
17.49808872021876	23038777.66607234
17.53030315209133	23747721.2917832
17.56251758396389	24478570.19041896
17.59473201583646	25232003.59458309
17.62694644770902	26008721.86207312
17.65916087958158	26809447.13534492
17.69137531145415	27634924.02332458
17.72358974332671	28485920.29864875
17.75580417519928	29363227.62297234
17.78801860707184	30267662.28971654
17.82023303894441	31200065.99563235
17.85244747081697	32161306.62942339
17.88466190268953	33152279.09672748
17.9168763345621	34173906.15385348
17.94909076643466	35227139.28130436
17.98130519830723	36312959.58128842
18.01351963017979	37432378.69861935
18.04573406205235	38586439.77870412
18.07794849392492	39776218.44697346
18.11016292579748	41002823.82782529
18.14237735767005	42267399.58437852
18.17459178954261	43571125.00196851
18.20680622141517	44915216.09433138
18.23902065328774	46300926.75695039
18.2712350851603	47729549.94841087
18.30344951703287	49202418.90917457
18.33566394890543	50720908.41811302
18.367878380778	52286436.09801273
18.40009281265056	53900463.74309514
18.43230724452312	55564498.70620548
18.46452167639569	57280095.31738185
18.49673610826825	59048856.35620382
18.52895054014082	60872434.563847
18.56116497201338	62752534.20286351
18.59337940388594	64690912.67344578
18.62559383575851	66689382.16509238
18.65780826763107	68749811.37555212
18.69002269950364	70874127.27172799
18.7222371313762	73064316.91680063
18.75445156324876	75322429.34731771
18.78666599512133	77650577.50855185
18.81888042699389	80050940.25761318
18.85109485886646	82525764.41044115
18.88330929073902	85077366.90187675
18.91552372261159	87708136.927139
18.94773815448415	90420538.24166209
18.97995258635671	93217111.47549072
19.01216701822928	96100476.54559115
19.04438145010184	99073335.12905331
19.07659588197441	102138473.226553
19.10881031384697	105298763.8048397
19.14102474571953	108557169.5020223
19.1732391775921	111916745.459506
19.20545360946466	115380642.1481694
19.23766804133723	118952108.4552845
19.26988247320979	122634494.6956193
19.30209690508235	126431255.791931
19.33431133695492	130345954.5859855
19.36652576882748	134382265.1620011
19.39874020070005	138543976.3794068
19.43095463257261	142834995.4005812
19.46316906444518	147259351.4780665
19.49538349631774	151821199.6875119
19.5275979281903	156524825.019492
19.55981236006287	161374646.2308351
19.59202679193543	166375220.2050956
19.624241223808	171531246.1927955
19.65645565568056	176847570.3239079
19.68867008755312	182329190.1186102
19.72088451942569	187981259.3315205
19.75309895129825	193809092.848572
19.78531338317082	199818171.6260411
19.81752781504338	206014148.0003217
19.84974224691594	212402850.948092
19.88195667878851	218990291.7534879
19.91417111066107	225782669.6520451
19.94638554253364	232786377.6602592
19.9785999744062	240008008.7395695
20.01081440627877	247454362.1154994
20.04302883815133	255132449.5552208
20.07524327002389	263049502.1782075
20.10745770189646	271212977.251897
20.13967213376902	279630565.3895764
20.17188656564159	288310197.6792385
20.20410099751415	297260053.4081935
20.23631542938671	306488567.7339168
20.26852986125928	316004439.8433895
20.30074429313184	325816641.0538533
20.33295872500441	335934423.3690635
20.36517315687697	346367328.4177131
20.39738758874953	357125196.4706149
20.4296020206221	368218175.724603
20.46181645249466	379656731.9337189
20.49403088436723	391451658.8096479
20.52624531623979	403614087.6817605
20.55845974811236	416155498.4099096
20.59067417998492	429087730.3282644
20.62288861185748	442422993.3797954
20.65510304373005	456173879.9743686
20.68731747560261	470353376.7202041
20.71953190747518	484974876.9182983
20.75174633934774	500052193.5614721
20.7839607712203	515599572.0076097
20.81617520309287	531631704.0016648
20.84838963496543	548163741.4061126
20.880604066838	565211310.7196132
20.91281849871056	582790528.0787456
20.94503293058312	600918014.4371803
20.97724736245569	619610911.5078754
21.00946179432825	638886898.4064097
21.04167622620082	658764207.8950812
21.07389065807338	679261644.32462
21.10610508994595	700398601.3822818
21.13831952181851	722195080.2305925
21.17053395369107	744671709.3547184
21.20274838556364	767849763.64044
21.2349628174362	791751184.8643271
21.26717724930877	816398602.970961
21.29939168118133	841815356.9835637
21.33160611305389	868025517.8216432
21.36382054492646	895053911.2450234
21.39603497679902	922926141.2268323
21.42824940867159	951668615.0919244
21.46046384054415	981308567.3492655
21.49267827241671	1011874087.501611
21.52489270428928	1043394145.771689
21.55710713616184	1075898621.24478
21.58932156803441	1109418329.949944
21.62153599990697	1143985054.692559
21.65375043177954	1179631575.530785
21.6859648636521	1216391700.724517
21.71817929552466	1254300298.909565
21.75039372739723	1293393333.238068
21.78260815926979	1333707895.47478
21.81482259114236	1375282240.826392
21.84703702301492	1418155825.516165
21.87925145488748	1462369343.671093
21.91146588676005	1507964766.802042
21.94368031863261	1554985383.467577
21.97589475050518	1603475841.75754
22.00810918237774	1653482190.054917
22.0403236142503	1705051923.214964
22.07253804612287	1758234024.771216
22.10475247799543	1813079023.041832
22.136966909868	1869639025.995876
22.16918134174056	1927967779.733681
22.20139577361313	1988120718.208314
22.23361020548569	2050155015.847106
22.26582463735825	2114129643.269696
22.29803906923082	2180105421.770693
22.33025350110338	2248145084.384393
22.36246793297595	2318313332.332089
22.39468236484851	2390676912.170711
22.42689679672107	2465304636.957846
22.45911122859364	2542267508.369999
22.4913256604662	2621638750.643871
22.52354009233877	2703493888.256893
22.55575452421133	2787910819.086027
22.58796895608389	2874969887.897239
22.62018338795646	2964753965.209055
22.65239781982902	3057348522.596691
22.68461225170159	3152841730.674547
22.71682668357415	3251324493.170168
22.74904111544672	3352890632.405087
22.78125554731928	3457636872.229188
22.81346997919184	3565662990.38052
22.84568441106441	3677071901.033529
22.87789884293697	3791969752.607915
22.91011327480954	3910466031.995864
22.9423277066821	4032673665.005896
22.97454213855466	4158709144.198639
23.00675657042723	4288692581.774648
23.03897100229979	4422747964.958574
23.07118543417236	4561003015.595448
23.10339986604492	4703589607.995457
23.13561429791748	4850643722.798322
23.16782872979005	5002305617.940818
23.20004316166261	5158719961.485898
23.23225759353518	5320035971.844036
23.26447202540774	5486407574.160114
23.29668645728031	5657993489.57628
23.32890088915287	5834957531.118678
23.36111532102543	6017468515.284051
23.393329752898	6205700715.508162
23.42554418477056	6399833812.324768
23.45775861664313	6600053155.925309
23.48997304851569	6806549928.315296
23.52218748038825	7019521328.747744
23.55440191226082	7239170759.035385
23.58661634413338	7465708035.749649
23.61883077600595	7699349539.587408
23.65104520787851	7940318568.859647
23.68325963975107	8188845255.712793
23.71547407162364	8445167124.937036
23.7476885034962	8709529206.977169
23.77990293536877	8982184150.142599
23.81211736724133	9263392590.444273
23.8443317991139	9553423368.224457
23.87654623098646	9852553804.193148
23.90876066285902	10161069906.20376
23.94097509473159	10479266789.85637
23.97318952660415	10807448674.1073
24.00540395847672	11145929532.75136
24.03761839034928	11495033545.03174
24.06983282222184	11855093955.0028
24.10204725409441	12226455641.30311
24.13426168596697	12609473976.71479
24.16647611783954	13004515525.29012
24.1986905497121	13411958413.78491
24.23090498158466	13832192632.17039
24.26311941345723	14265620559.70526
24.29533384532979	14712657058.55116
24.32754827720236	15173730548.98047
24.35976270907492	15649281983.57088
24.39197714094749	16139767211.91479
24.42419157282005	16645655970.26911
24.45640600469261	17167432878.01467
24.48862043656518	17705597825.31261
24.52083486843774	18260666460.86576
24.55304930031031	18833170659.1099
24.58526373218287	19423659146.41193
24.61747816405543	20032697754.46631
24.649692595928	20660870686.22869
24.68190702780056	21308785870.46857
24.71412145967313	21977050196.44305
24.74633589154569	22666312870.30489
24.77855032341825	23377234649.63567
24.81076475529082	24110497243.21677
24.84297918716338	24866803894.65665
24.87519361903595	25646880051.62245
24.90740805090851	26451474065.85518
24.93962248278108	27281358158.07315
24.97183691465364	28137332818.08351
25.0040513465262	29020203790.39905
25.03626577839877	29930836754.55317
25.06848021027133	30870097598.41449
25.1006946421439	31838888374.17015
25.13290907401646	32838139243.14956
25.16512350588902	33868809619.67855
25.19733793776159	34931889148.75005
25.22955236963415	36028398712.62245
25.26176680150672	37159391263.57464
25.29398123337928	38325961078.01251
25.32619566525184	39529207399.61321
25.35841009712441	40770304620.34129
25.39062452899697	42050439731.52213
25.42283896086954	43370842846.59117
25.4550533927421	44732782793.63072
25.48726782461467	46137568417.6397
25.51948225648723	47586549861.55853
25.55169668835979	49081119875.56416
25.58391112023236	50622715187.10223
25.61612555210492	52212826222.98572
25.64833998397749	53852957990.81824
25.68055441585005	55544710176.40884
25.71276884772261	57289701899.28646
25.74498327959518	59089611630.12347
25.77719771146774	60946170626.74427
25.80941214334031	62861164746.20725
25.84162657521287	64836436203.75153
25.87384100708543	66873885363.55433
25.906055438958	68975472579.18912
25.93826987083056	71143220093.1925
25.97048430270313	73378820847.06329
26.00269873457569	75685746240.22707
26.03491316644826	78064667663.92441
26.06712759832082	80518558023.24268
26.09934203019338	83049730390.90736
26.13155646206595	85660614162.03166
26.16377089393851	88353720995.08969
26.19598532581108	91131643305.68086
26.22819975768364	93997055897.27879
26.2604141895562	96952718276.24373
26.29262862142877	100001323057.7153
26.32484305330133	103146392537.0015
26.3570574851739	106390170245.6048
26.38927191704646	109736190530.1776
26.42148634891903	113187631576.9916
26.45370078079159	116747813511.8945
26.48591521266415	120420165814.0412
26.51812964453672	124208227417.0542
26.55034407640928	128115649462.2189
26.58255850828185	132146198632.2602
26.61477294015441	136303638094.0793
26.64698737202697	140592911798.3459
26.67920180389954	145016184315.393
26.7114162357721	149579296920.0981
26.74363066764467	154286257850.4781
26.77584509951723	159141588472.582
26.80805953138979	164149968113.5619
26.84027396326236	169316227013.3407
26.87248839513492	174645349126.4456
26.90470282700749	180142476518.4648
26.93691725888005	185812938351.8091
26.96913169075262	191661928421.3529
27.00134612262518	197696031587.6638
27.03356055449774	203919809604.3189
27.06577498637031	210339960033.7475
27.09798941824287	216962609339.2545
27.13020385011544	223794175203.3025
27.162418281988	230841371481.4307
27.19463271386056	238111904127.0139
27.22684714573313	245604253265.2366
27.25906157760569	253343164049.5211
27.29127600947826	261322005075.0573
27.32349044135082	269552319839.1717
27.35570487322338	278042727394.3542
27.38791930509595	286800546005.9141
27.42013373696851	295834634467.0062
27.45234816884108	305153536454.6583
27.48456260071364	314765331815.0049
27.51677703258621	324694587468.817
27.54899146445877	334919683361.876
27.58120589633133	345464494315.2271
27.6134203282039	356351288234.0911
27.64563476007646	367580219241.5396
27.67784919194903	379163370746.5389
27.71006362382159	391112853076.8171
27.74227805569415	403438822623.9696
27.77449248756672	416154376002.788
27.80670691943928	429272578295.1317
27.83892135131185	442297521519.4949
27.87113578318441	456756290656.2265
27.90335021505697	471168568944.8293
27.93556464692954	486005850921.6312
27.9677790788021	501329208521.6436
27.99999351067467	517134201828.2111
28.03220794254723	533438159335.5411
28.0644223744198	550256062589.8832
28.09663680629236	567606559435.2714
28.12885123816492	585503759906.1593
28.16106567003749	603966359855.6829
28.19328010191005	622983269374.6147
28.22549453378262	642665098100.7928
28.25770896565518	662937539435.9508
28.28992339752774	683836520944.7605
28.32213782940031	705408249954.4398
28.35435226127287	727659069745.925
28.38656669314544	750613321660.2543
28.418781125018	774294117942.6824
28.45099555689056	798720699492.3662
28.48320998876313	824191946198.1868
28.51542442063569	849882311298.0657
28.54763885250826	876203578752.3876
28.57985328438082	904392897288.6085
28.61206771625339	932925756304.0869
28.64428214812595	962354953106.8595
28.67649657999851	992726044385.6487
28.70871101187108	1024047911544.801
28.74092544374364	1056397999857.63
28.77313987561621	1089722491425.707
28.80535430748877	1124117248791.973
28.83756873936133	1159651840231.975
28.8697831712339	1196170541652.601
28.90199760310646	1233925827338.672
28.93421203497903	1272853003703.927
28.96642646685159	1313067011551.669
28.99864089872415	1354525100545.238
29.03085533059672	1397288823555.366
29.06306976246928	1441389708942.304
29.09528419434185	1486945624169.22
29.12749862621441	1533863377126.392
29.15971305808698	1582299589020.171
29.19192748995954	1632285276043.752
29.2241419218321	1683795806798.861
29.25635635370467	1737185978996.232
29.28857078557723	1791797823125.168
29.3207852174498	1848394654894.132
29.35299964932236	1906799480404.078
29.38521408119492	1967034557480.8
29.41742851306749	2029150152337.552
29.44964294494005	2093243949751.614
29.48185737681262	2159403399113.566
29.51407180868518	2227616518527.84
29.54628624055774	2297992639877.236
29.57850067243031	2370679354782.88
29.61071510430287	2445486548286.527
29.64292953617544	2522658714629.129
29.675143968048	2602459053806.827
29.70735839992057	2684671557057.522
29.73957283179313	2769526264091.2
29.77178726366569	2857061188678.759
29.80400169553826	2947435107336.458
29.83621612741082	3040437694497.827
29.86843055928339	3136588190599.34
29.90064499115595	3235717152216.988
29.93285942302851	3337992707585.384
29.96507385490108	3443588132706.333
29.99728828677364	3552459476664.542
30.02950271864621	3664555041218.923
30.06171715051877	3780452334614.03
30.09393158239133	3899963053806.188
30.1261460142639	4023207438096.626
30.15836044613646	4150496754537.046
30.19057487800903	4281687983000.339
30.22278930988159	4417039373703.405
30.25500374175416	4556732972288.432
30.28721817362672	4700805415971.108
30.31943260549928	4849449126195.27
30.35164703737185	5002864419042.888
30.38386146924441	5161069219335.346
30.41607590111698	5324100893588.62
30.44829033298954	5492531011114.333
30.4805047648621	5666240678296.803
30.51271919673467	5845477841269.17
30.54493362860723	6030397297948.192
30.5771480604798	6221079377679.889
30.60936249235236	6417818390782.926
30.64157692422492	6620771135677.598
30.67379135609749	6829943665957.102
30.70600578797005	7058711287959.987
30.73822021984262	7269975602284.769
30.77043465171518	7499832542839.93
30.80264908358775	7736745609955.681
30.83486351546031	7981305181232.61
30.86707794733287	8233909557473.938
30.89929237920544	8494522840954.024
30.931506811078	8763341011687.983
30.96372124295057	9040617123029.043
30.99593567482313	9326795225756.352
31.02815010669569	9621924605030.553
31.06036453856826	9926328836753.518
31.09257897044082	10246118325441.46
31.12479340231339	10565265690440.36
31.15700783418595	10899490611382.83
31.18922226605851	11244587682442.37
31.22143669793108	11599959264522.43
31.25365112980364	11967195819519.66
31.28586556167621	12346072126273.82
31.31807999354877	12736887302952.93
31.35029442542134	13140059123626.74
31.3825088572939	13555979468794.85
31.41472328916646	13985076604674.62
31.44693772103903	14427595650410.7
31.47915215291159	14881137593832.23
31.51136658478416	15355210724513.37
31.54358101665672	15840818105233.9
31.57579544852928	16342236304820.29
31.60800988040185	16859428975404.69
31.64022431227441	17392919113007.71
31.67243874414698	17943809358010.84
31.70465317601954	18512102857424.82
31.7368676078921	19098391958466.27
31.76908203976467	19703261593729.24
31.80129647163723	20327365290152.17
31.8335109035098	20971123994069.92
31.86572533538236	21634306278127.56
31.89793976725493	22322152920005.1
31.93015419912749	23027860019603.04
31.96236863100005	23757138277812.14
31.99458306287262	24509821797019.81
32.02679749474518	25286204288470.1
32.05901192661774	26087483680824.76
32.0912263584903	26914276794226.05
32.12344079036286	27767401716341.93
32.15565522223542	28647621270407.74
32.18786965410798	29555770246757.12
32.22008408598055	30492754108949.39
0
1000	1.0219978922	100000000000000.1
5	0	0	1
5	0	0	0
0.03786664528905326	-13.07038634796164
0.07008107716161713	-12.73294273397742
0.102295509034181	-12.40732415058599
0.1345099409067449	-12.09307488051282
0.1667243727793087	-11.78975627532571
0.1989388046518726	-11.49694628751767
0.2311532365244365	-11.21423899289153
0.2633676683970003	-10.94124410668294
0.2955821002695642	-10.6775864964394
0.3277965321421281	-10.42290569429403
0.360010964014692	-10.17685541092753
0.3922253958872559	-9.939103053201194
0.4244398277598198	-9.709329247162747
0.4566542596323837	-9.487227367874649
0.4888686915049476	-9.27250307728808
0.5210831233775115	-9.064873871182986
0.5532975552500754	-8.864068636014327
0.5855119871226393	-8.669827216343563
0.6177264189952032	-8.481899993391936
0.6499408508677671	-8.300047475126098
0.682155282740331	-8.124039898175585
0.7143697146128949	-7.953656841784148
0.7465841464854588	-7.78868685391179
0.7787985783580227	-7.628927089530096
0.8110130102305866	-7.474182961089527
0.8432274421031505	-7.324267801081684
0.8754418739757144	-7.179002536572693
0.9076563058482783	-7.038215375543501
0.9398707377208422	-6.901741504839134
0.9720851695934061	-6.769422799501085
1.00429960146597	-6.641080371653177
1.036514033338534	-6.516626442127031
1.068728465211098	-6.395892556005475
1.100942897083662	-6.27874420192126
1.133157328956226	-6.16505222360288
1.165371760828789	-6.054692605704176
1.197586192701353	-5.947546266761069
1.229800624573917	-5.843498859258569
1.262015056446481	-5.742440576756461
1.294229488319045	-5.644265967992702
1.326443920191609	-5.548854836030816
1.358658352064173	-5.456150200216087
1.390872783936737	-5.36603853801419
1.423087215809301	-5.278429774747353
1.455301647681865	-5.193237336731381
1.487516079554428	-5.110378014153912
1.519730511426992	-5.02977182820325
1.551944943299556	-4.951341902501932
1.58415937517212	-4.875014338865713
1.616373807044684	-4.800718097380503
1.648588238917248	-4.728369477950256
1.680802670789812	-4.657935669474173
1.713017102662376	-4.589337091695416
1.74523153453494	-4.522512754013706
1.777445966407504	-4.457403972290055
1.809660398280067	-4.393954281367224
1.841874830152631	-4.332109349873261
1.874089262025195	-4.271816897439468
1.906303693897759	-4.213026614424728
1.938518125770323	-4.155690084205402
1.970732557642887	-4.099745058997121
2.002946989515451	-4.045180212973652
2.035161421388014	-3.991935447042504
2.067375853260578	-3.939968899369805
2.099590285133142	-3.889240249366011
2.131804717005705	-3.839710662153237
2.164019148878269	-3.791342733700473
2.196233580750833	-3.744100436932126
2.228448012623396	-3.697949069038641
2.26066244449596	-3.652855200156751
2.292876876368524	-3.608747579085061
2.325091308241087	-3.565681613451297
2.357305740113651	-3.523580681231145
2.389520171986215	-3.482415316149069
2.421734603858778	-3.442157248948363
2.453949035731342	-3.402779321064753
2.486163467603906	-3.364255415981524
2.518377899476469	-3.326560401455781
2.550592331349033	-3.28967007895729
2.582806763221597	-3.253561138239153
2.61502119509416	-3.218205631894659
2.647235626966724	-3.183593565373423
2.679450058839288	-3.149698245011919
2.711664490711851	-3.11649945038187
2.743878922584415	-3.083977662281918
2.776093354456979	-3.052114032482719
2.808307786329542	-3.02089035466825
2.840522218202106	-2.990289036443664
2.87273665007467	-2.9602930722674
2.904951081947234	-2.930886017145888
2.937165513819797	-2.9020616801616
2.969379945692361	-2.873784671716294
3.001594377564925	-2.846049428311607
3.033808809437488	-2.818841472379288
3.066023241310052	-2.792146798039341
3.098237673182616	-2.765951852214914
3.130452105055179	-2.740243516579242
3.162666536927743	-2.715009090290244
3.194880968800307	-2.6902362734708
3.22709540067287	-2.665913151394871
3.259309832545434	-2.64203080952742
3.291524264417998	-2.618572560966042
3.323738696290561	-2.595530204652665
3.355953128163125	-2.572893244086118
3.388167560035689	-2.550651509039716
3.420381991908252	-2.528795143304799
3.452596423780816	-2.507314592961975
3.48481085565338	-2.486200595154254
3.517025287525943	-2.465444167337598
3.549239719398507	-2.445036596985781
3.581454151271071	-2.424970600628311
3.613668583143634	-2.405235524846408
3.645883015016198	-2.38582459748259
3.678097446888762	-2.366730103840112
3.710311878761325	-2.347944558236146
3.742526310633889	-2.329460695825959
3.774740742506453	-2.311271464765046
3.806955174379016	-2.293370018693407
3.83916960625158	-2.275749709526918
3.871384038124144	-2.258404080541599
3.903598469996707	-2.241327465657794
3.935812901869271	-2.224512498483227
3.968027333741835	-2.207953875913731
4.000241765614398	-2.191645849762131
4.032456197486963	-2.175582834728335
4.064670629359527	-2.159759402844765
4.096885061232091	-2.144170278142032
4.129099493104655	-2.128810331524946
4.161313924977219	-2.113674575849423
4.193528356849783	-2.098758161191357
4.225742788722347	-2.084056709584718
4.257957220594911	-2.069564918891059
4.290171652467476	-2.055278671186635
4.32238608434004	-2.041193625624635
4.354600516212604	-2.027305558696275
4.386814948085168	-2.013610360400454
4.419029379957732	-2.000104030559247
4.451243811830296	-1.986782675272911
4.48345824370286	-1.973642503508382
4.515672675575424	-1.960679823815543
4.547887107447989	-1.947891239410097
4.580101539320553	-1.935272831773061
4.612315971193117	-1.922821392625178
4.644530403065681	-1.910533600729888
4.676744834938245	-1.898406220427857
4.708959266810809	-1.886436098960556
4.741173698683373	-1.874620163891781
4.773388130555937	-1.862955420623005
4.805602562428501	-1.851438949998665
4.837816994301066	-1.84006790599768
4.87003142617363	-1.828839631798227
4.902245858046194	-1.817751172265953
4.934460289918758	-1.806800008886749
4.966674721791322	-1.795983568108203
4.998889153663886	-1.785299339546808
5.03110358553645	-1.774744874095009
5.063318017409014	-1.764317782094836
5.095532449281579	-1.754015731575436
5.127746881154143	-1.743836446551955
5.159961313026707	-1.73377770538332
5.192175744899271	-1.723837410073667
5.224390176771835	-1.714013293872573
5.256604608644399	-1.704303361479063
5.288819040516963	-1.694705594151525
5.321033472389527	-1.685218020326941
5.353247904262092	-1.675838714266677
5.385462336134656	-1.666565794748063
5.41767676800722	-1.657397423799979
5.449891199879784	-1.64833180548076
5.482105631752348	-1.639367184696783
5.514320063624912	-1.63050188805829
5.546534495497476	-1.621734150448374
5.57874892737004	-1.613062375626154
5.610963359242604	-1.604484961338761
5.643177791115169	-1.596000340975299
5.675392222987733	-1.587606982587418
5.707606654860297	-1.579303387941706
5.739821086732861	-1.571088091602699
5.772035518605425	-1.562959660045384
5.804249950477989	-1.554916690796099
5.836464382350553	-1.54695783575111
5.868678814223117	-1.53908170128238
5.900893246095682	-1.531286997911617
5.933107677968246	-1.523572439599499
5.96532210984081	-1.515936767535875
5.997536541713374	-1.508378749423875
6.029750973585938	-1.500897178786338
6.061965405458502	-1.493490874293762
6.094179837331066	-1.486158679113001
6.12639426920363	-1.478899460275984
6.158608701076195	-1.471712121175174
6.190823132948759	-1.464595547194066
6.223037564821323	-1.457548686777134
6.255251996693887	-1.450570496635126
6.287466428566451	-1.443659954508824
6.319680860439015	-1.436816058640324
6.351895292311579	-1.430037827260139
6.384109724184143	-1.423324298089567
6.416324156056707	-1.416674527857791
6.448538587929272	-1.410087591833232
6.480753019801836	-1.403562589714711
6.5129674516744	-1.397098619155912
6.545181883546964	-1.390694814858265
6.577396315419528	-1.384350321903477
6.609610747292092	-1.378064301788409
6.641825179164656	-1.3718359320306
6.67403961103722	-1.365664405785091
6.706254042909785	-1.359548931472189
6.738468474782349	-1.353488732415793
6.770682906654913	-1.347483046491948
6.802897338527477	-1.341531128092288
6.835111770400041	-1.335632238336992
6.867326202272605	-1.329785659103871
6.899540634145169	-1.323990683183046
6.931755066017733	-1.31824661630966
6.963969497890298	-1.312552776866567
6.996183929762862	-1.306908495595185
7.028398361635426	-1.301313115314236
7.06061279350799	-1.295765990646154
7.092827225380554	-1.290266487750885
7.125041657253118	-1.284813984058674
7.157256089125682	-1.27940786805165
7.189470520998246	-1.274047538967432
7.22168495287081	-1.268732406594247
7.253899384743375	-1.263461891030143
7.286113816615939	-1.258235422456656
7.318328248488503	-1.253052440918421
7.350542680361067	-1.247912396108547
7.382757112233631	-1.242814747159589
7.414971544106195	-1.237758962439927
7.447185975978759	-1.232744518120426
7.479400407851323	-1.227770903046004
7.511614839723888	-1.222837610861482
7.543829271596452	-1.217944144931076
7.576043703469016	-1.21309001690819
7.60825813534158	-1.208274746561404
7.640472567214144	-1.203497861604832
7.672686999086708	-1.198758897532727
7.704901430959272	-1.194057397458215
7.737115862831836	-1.189392911956029
7.769330294704401	-1.184764997116135
7.801544726576965	-1.180173221746581
7.833759158449529	-1.175617156071822
7.865973590322093	-1.171096378996094
7.898188022194657	-1.166610476148668
7.930402454067221	-1.162159039748748
7.962616885939785	-1.157741668473617
7.994831317812349	-1.153357967329955
8.027045749684913	-1.149007547528218
8.059260181557477	-1.144690026360011
8.091474613430041	-1.140405025124591
8.123689045302605	-1.136152177022793
8.155903477175169	-1.13193111488987
8.188117909047733	-1.127741479150601
8.220332340920297	-1.123582915732734
8.252546772792861	-1.119455075961089
8.284761204665426	-1.115357616454109
8.31697563653799	-1.111290199022778
8.349190068410554	-1.107252490571858
8.381404500283118	-1.103244163003373
8.413618932155682	-1.09926489123067
8.445833364028246	-1.095314360841356
8.47804779590081	-1.09139225624369
8.510262227773374	-1.087498268385413
8.542476659645938	-1.083632092753817
8.574691091518503	-1.079793429291961
8.606905523391067	-1.075981982316755
8.639119955263631	-1.072197460438835
8.671334387136195	-1.068439576484203
8.703548819008759	-1.064708047417576
8.735763250881323	-1.061002592550713
8.767977682753887	-1.057322940506319
8.800192114626451	-1.053668818473093
8.832406546499016	-1.050039959217856
8.86462097837158	-1.046436099280814
8.896835410244144	-1.042856978908691
8.929049842116708	-1.039302341989271
8.961264273989272	-1.035771935987333
8.993478705861836	-1.032265511881931
9.0256931377344	-1.028782824104986
9.057907569606964	-1.025323628985183
9.090122001479529	-1.02188769082099
9.122336433352093	-1.018474772524152
9.154550865224657	-1.015084641732812
9.186765297097221	-1.01171706924409
9.218979728969785	-1.008371828960243
9.251194160842349	-1.005048697835927
9.283408592714913	-1.001747455826529
9.315623024587477	-0.9984678858375433
9.347837456460041	-0.995209773674975
9.380051888332606	-0.9919729067281429
9.41226632020517	-0.9887570791213607
9.444480752077734	-0.9855620837835708
9.476695183950298	-0.9823877176325773
9.508909615822862	-0.9792337802484722
9.541124047695426	-0.9761000738299389
9.57333847956799	-0.9729864031514113
9.605552911440554	-0.9698925755210713
9.637767343313119	-0.9668184007396661
9.669981775185683	-0.9637636910601226
9.702196207058247	-0.9607282600921419
9.734410638930811	-0.9577119270901785
9.766625070803375	-0.9547145103553524
9.798839502675939	-0.9517358315494286
9.831053934548503	-0.9487757145918607
9.863268366421067	-0.9458339856240492
9.895482798293632	-0.9429104729742752
9.927697230166196	-0.9400050071232962
9.95991166203876	-0.9371174206705867
9.992126093911324	-0.9342475483012126
10.02434052578389	-0.9313952258863435
10.05655495765645	-0.9285602940040375
10.08876938952902	-0.9257425925221754
10.12098382140158	-0.9229419641397821
10.15319825327414	-0.9201582534815869
10.18541268514671	-0.917391307068576
10.21762711701927	-0.9146409732890828
10.24984154889184	-0.911907102370405
10.2820559807644	-0.9091895463509346
10.31427041263697	-0.9064881590527939
10.34648484450953	-0.9038027953493237
10.37869927638209	-0.9011333140300227
10.41091370825466	-0.8984795733919025
10.44312814012722	-0.8958414341205441
10.47534257199979	-0.8932187585529541
10.50755700387235	-0.8906114106531408
10.53977143574491	-0.8880192559881166
10.57198586761748	-0.8854421617043265
10.60420029949004	-0.8828799965044866
10.63641473136261	-0.8803326306248288
10.66862916323517	-0.8777999352413655
10.70084359510773	-0.8752817847889418
10.7330580269803	-0.872778053391403
10.76527245885286	-0.8702886171932541
10.79748689072543	-0.8678133537623546
10.82970132259799	-0.8653521420695279
10.86191575447056	-0.8629048624685191
10.89413018634312	-0.8604713966762926
10.92634461821568	-0.8580516277536653
10.95855905008825	-0.855645440086267
10.99077348196081	-0.8532527189051899
11.02298791383338	-0.8508733521557432
11.05520234570594	-0.8485072276192703
11.0874167775785	-0.8461542347917438
11.11963120945107	-0.8438142644016856
11.15184564132363	-0.8414872083930444
11.1840600731962	-0.8391729599083539
11.21627450506876	-0.8368714132721717
11.24848893694132	-0.8345824639747889
11.28070336881389	-0.8323060086562067
11.31291780068645	-0.8300419447184226
11.34513223255902	-0.8277901718336852
11.37734666443158	-0.8255505896200852
11.40956109630415	-0.8233230991575179
11.44177552817671	-0.8211076025978817
11.47398996004927	-0.8189040031506187
11.50620439192184	-0.8167122050684865
11.5384188237944	-0.8145321136335585
11.57063325566697	-0.8123636351434487
11.60284768753953	-0.8102066768977538
11.63506211941209	-0.8080611468848309
11.66727655128466	-0.8059269549970975
11.69949098315722	-0.8038040111566375
11.73170541502979	-0.8016922265365383
11.76391984690235	-0.7995915132460826
11.79613427877491	-0.7975017843184735
11.82834871064748	-0.7954229536987529
11.86056314252004	-0.7933549362319067
11.89277757439261	-0.7912976476511558
11.92499200626517	-0.7892510045664272
11.95720643813774	-0.7872149242104597
11.9894208700103	-0.7851893254211278
12.02163530188286	-0.7831741271250637
12.05384973375543	-0.7811692493247344
12.08606416562799	-0.779174612843339
12.11827859750056	-0.777190139314339
12.15049302937312	-0.7752157511711497
12.18270746124568	-0.7732513716369859
12.21492189311825	-0.7712969247148608
12.24713632499081	-0.7693523351777369
12.27935075686338	-0.7674175283612114
12.31156518873594	-0.7654924309633714
12.3437796206085	-0.763576969809016
12.37599405248107	-0.7616710726532873
12.40820848435363	-0.7597746679734269
12.4404229162262	-0.7578876849598064
12.47263734809876	-0.7560100535070913
12.50485177997133	-0.7541417042055333
12.53706621184389	-0.7522825683323919
12.56928064371645	-0.7504325778434818
12.60149507558902	-0.7485916652045531
12.63370950746158	-0.7467597640395931
12.66592393933415	-0.7449368081280991
12.69813837120671	-0.7431227320563714
12.73035280307927	-0.7413174710481875
12.76256723495184	-0.7395209609570857
12.7947816668244	-0.7377331382587589
12.82699609869697	-0.7359539400435551
12.85921053056953	-0.7341833040090899
12.89142496244209	-0.7324211684529603
12.92363939431466	-0.730667472131563
12.95585382618722	-0.7289221548018325
12.98806825805979	-0.7271851563828283
13.02028268993235	-0.7254564174999127
13.05249712180492	-0.723735879343008
13.08471155367748	-0.7220234836599299
13.11692598555004	-0.7203191727498135
13.14914041742261	-0.718622889456633
13.18135484929517	-0.7169345771628109
13.21356928116774	-0.7152541797829163
13.2457837130403	-0.7135816416507466
13.27799814491286	-0.7119169079501988
13.31021257678543	-0.7102599240472254
13.34242700865799	-0.7086106359226116
13.37464144053056	-0.7069689900586502
13.40685587240312	-0.7053349334333601
13.43907030427568	-0.7037084135147842
13.47128473614825	-0.702089378255366
13.50349916802081	-0.700477776086402
13.53571359989338	-0.6988735559125697
13.56792803176594	-0.6972766670128658
13.60014246363851	-0.6956870594188633
13.63235689551107	-0.6941046833284056
13.66457132738363	-0.6925294894854952
13.6967857592562	-0.69096142908088
13.72900019112876	-0.6894004537470225
13.76121462300133	-0.6878465155531385
13.79342905487389	-0.6862995670002988
13.82564348674645	-0.6847595610165995
13.85785791861902	-0.6832264509523935
13.89007235049158	-0.6817001905020429
13.92228678236415	-0.6801807340004516
13.95450121423671	-0.6786680359622828
13.98671564610927	-0.677162051379755
14.01893007798184	-0.6756627356441482
14.0511445098544	-0.6741700445414112
14.08335894172697	-0.6726839342478282
14.11557337359953	-0.6712043613257402
14.1477878054721	-0.6697312827193228
14.18000223734466	-0.668264655750419
14.21221666921722	-0.6668044380466051
14.24443110108979	-0.6653505878148542
14.27664553296235	-0.6639030634168673
14.30885996483492	-0.6624618236438676
14.34107439670748	-0.6610268276444353
14.37328882858004	-0.6595980349206618
14.40550326045261	-0.6581754053243521
14.43771769232517	-0.6567588990532771
14.46993212419774	-0.6553484766474723
14.5021465560703	-0.6539440989855851
14.53436098794286	-0.6525457272324693
14.56657541981543	-0.65115332303544
14.59878985168799	-0.6497668482181128
14.63100428356056	-0.6483862649774695
14.66321871543312	-0.6470115358313232
14.69543314730569	-0.6456426236149391
14.72764757917825	-0.6442794914776975
14.75986201105081	-0.6429221028797983
14.79207644292338	-0.6415704215890073
14.82429087479594	-0.6402244116774418
14.85650530666851	-0.6388840374646672
14.88871973854107	-0.6375492637345707
14.92093417041363	-0.6362200553990504
14.9531486022862	-0.6348963777157437
14.98536303415876	-0.6335781962309454
15.01757746603133	-0.6322654767766306
15.04979189790389	-0.6309581854675158
15.08200632977645	-0.6296562886981552
15.11422076164902	-0.6283597531400724
15.14643519352158	-0.6270685457389275
15.17864962539415	-0.6257826336742355
15.21086405726671	-0.6245019845100758
15.24307848913928	-0.6232265659599244
15.27529292101184	-0.6219563460379608
15.3075073528844	-0.6206912930186915
15.33972178475697	-0.6194313754343221
15.37193621662953	-0.6181765620721594
15.4041506485021	-0.6169268219720442
15.43636508037466	-0.6156821244238168
15.46857951224722	-0.6144424389648103
15.50079394411979	-0.6132077353446528
15.53300837599235	-0.6119779836568031
15.56522280786492	-0.6107531541332245
15.59743723973748	-0.6095332172764318
15.62965167161004	-0.6083181438242149
15.66186610348261	-0.6071079047473087
15.69408053535517	-0.6059024712470937
15.72629496722774	-0.60470181475332
15.7585093991003	-0.6035059069218607
15.79072383097287	-0.6023147196324909
15.82293826284543	-0.6011282249542247
15.85515269471799	-0.5999463952760762
15.88736712659056	-0.5987692031036055
15.91958155846312	-0.5975966211901709
15.95179599033569	-0.5964286225021782
15.98401042220825	-0.5952651802170134
16.01622485408081	-0.5941062677209989
16.04843928595338	-0.5929518586073755
16.08065371782594	-0.5918019266743046
16.11286814969851	-0.5906564459228945
16.14508258157107	-0.5895153905362166
16.17729701344363	-0.5883787349553043
16.2095114453162	-0.5872464537592361
16.24172587718876	-0.5861185217414318
16.27394030906133	-0.5849949138886472
16.30615474093389	-0.583875605379134
16.33836917280646	-0.5827605715808193
16.37058360467902	-0.5816497880495083
16.40279803655158	-0.5805432305271042
16.43501246842415	-0.5794408749398502
16.46722690029671	-0.578342697354267
16.49944133216928	-0.5772486741487116
16.53165576404184	-0.576158781749282
16.5638701959144	-0.5750729968019668
16.59608462778697	-0.5739912961284221
16.62829905965953	-0.5729136567243339
16.6605134915321	-0.5718400557577957
16.69272792340466	-0.5707704705677062
16.72494235527722	-0.5697048786621846
16.75715678714979	-0.5686432577170007
16.78937121902235	-0.5675855855753262
16.82158565089492	-0.5665318402408811
16.85380008276748	-0.5654819998844703
16.88601451464005	-0.5644360428371492
16.91822894651261	-0.5633939475900456
16.95044337838517	-0.5623556927928921
16.98265781025774	-0.5613212572525752
17.0148722421303	-0.5602906199316982
17.04708667400287	-0.5592637599471616
17.07930110587543	-0.5582406565687582
17.11151553774799	-0.5572212891591855
17.14372996962056	-0.5562056374125669
17.17594440149312	-0.555193680989839
17.20815883336569	-0.5541853997580387
17.24037326523825	-0.5531807737300584
17.27258769711081	-0.5521797830633371
17.30480212898338	-0.5511824080585646
17.33701656085594	-0.5501886291583976
17.36923099272851	-0.5491984269461935
17.40144542460107	-0.5482117821447529
17.43365985647364	-0.5472286756945386
17.4658742883462	-0.5462490884271479
17.49808872021876	-0.5452730015566591
17.53030315209133	-0.544300396352143
17.56251758396389	-0.5433312542163549
17.59473201583646	-0.5423655566845476
17.62694644770902	-0.5414032854232977
17.65916087958158	-0.5404444222293441
17.69137531145415	-0.5394889490284377
17.72358974332671	-0.5385368478742055
17.75580417519928	-0.5375881008007183
17.78801860707184	-0.5366426904203215
17.82023303894441	-0.5357005990156533
17.85244747081697	-0.5347618091392703
17.88466190268953	-0.5338263034655052
17.9168763345621	-0.5328940647894139
17.94909076643466	-0.531965076025734
17.98130519830723	-0.5310393202078542
18.01351963017979	-0.5301167804867943
18.04573406205235	-0.5291974401301955
18.07794849392492	-0.5282812826095672
18.11016292579748	-0.5273682912380433
18.14237735767005	-0.5264584497163743
18.17459178954261	-0.5255517417696551
18.20680622141517	-0.5246481512350606
18.23902065328774	-0.5237476620608869
18.2712350851603	-0.5228502583056015
18.30344951703287	-0.5219559241369041
18.33566394890543	-0.5210646438307953
18.367878380778	-0.5201764017706575
18.40009281265056	-0.5192911824366439
18.43230724452312	-0.5184089704444761
18.46452167639569	-0.5175297504844437
18.49673610826825	-0.5166535073603331
18.52895054014082	-0.5157802259788061
18.56116497201338	-0.5149098913485337
18.59337940388594	-0.5140424885793399
18.62559383575851	-0.5131780028813531
18.65780826763107	-0.5123164195641656
18.69002269950364	-0.5114577240360038
18.7222371313762	-0.5106019016146182
18.75445156324876	-0.5097489382972051
18.78666599512133	-0.5088988195927195
18.81888042699389	-0.5080515312939373
18.85109485886646	-0.5072070592874697
18.88330929073902	-0.5063653895529988
18.91552372261159	-0.505526508162521
18.94773815448415	-0.5046904012795965
18.97995258635671	-0.5038570551586072
19.01216701822928	-0.5030264561440214
19.04438145010184	-0.5021985910285042
19.07659588197441	-0.5013734455832686
19.10881031384697	-0.5005510067813602
19.14102474571953	-0.4997312613238772
19.1732391775921	-0.4989141959998816
19.20545360946466	-0.4980997976856689
19.23766804133723	-0.4972880533440437
19.26988247320979	-0.4964789500236035
19.30209690508235	-0.4956724748580288
19.33431133695492	-0.4948686150653812
19.36652576882748	-0.494067357481012
19.39874020070005	-0.4932686904660024
19.43095463257261	-0.4924726010161695
19.46316906444518	-0.4916790766756847
19.49538349631774	-0.4908881050677999
19.5275979281903	-0.4900996738942308
19.55981236006287	-0.4893137709345473
19.59202679193543	-0.4885303840455688
19.624241223808	-0.4877495011607645
19.65645565568056	-0.486971110289661
19.68867008755312	-0.4861951997978438
19.72088451942569	-0.4854217572578696
19.75309895129825	-0.4846507711873523
19.78531338317082	-0.4838822298969249
19.81752781504338	-0.4831161217715301
19.84974224691594	-0.4823524352698323
19.88195667878851	-0.4815911589236345
19.91417111066107	-0.480832281337301
19.94638554253364	-0.4800757911871861
19.9785999744062	-0.4793216772210664
20.01081440627877	-0.478569928505201
20.04302883815133	-0.4778205334101042
20.07524327002389	-0.4770734811447635
20.10745770189646	-0.4763287607395068
20.13967213376902	-0.4755863612943305
20.17188656564159	-0.4748462719783384
20.20410099751415	-0.4741084820291855
20.23631542938671	-0.4733729807525272
20.26852986125928	-0.4726397575214749
20.30074429313184	-0.4719088017760552
20.33295872500441	-0.4711801024675464
20.36517315687697	-0.4704536503302111
20.39738758874953	-0.4697294344408612
20.4296020206221	-0.4690074444965239
20.46181645249466	-0.4682876702562645
20.49403088436723	-0.4675701015407281
20.52624531623979	-0.4668547282316882
20.55845974811236	-0.4661415402715975
20.59067417998492	-0.4654305276631431
20.62288861185748	-0.4647216804688056
20.65510304373005	-0.4640149888064526
20.68731747560261	-0.4633104428651506
20.71953190747518	-0.4626080328801462
20.75174633934774	-0.4619077491487227
20.7839607712203	-0.4612095820257914
20.81617520309287	-0.4605135219234739
20.84838963496543	-0.4598195593106872
20.880604066838	-0.4591276847127324
20.91281849871056	-0.4584378887108867
20.94503293058312	-0.4577501619419996
20.97724736245569	-0.4570644953554948
21.00946179432825	-0.4563808791594697
21.04167622620082	-0.4556993044149746
21.07389065807338	-0.4550197619796348
21.10610508994595	-0.454342242765729
21.13831952181851	-0.453666737739783
21.17053395369107	-0.4529932379221673
21.20274838556364	-0.4523217343866971
21.2349628174362	-0.4516522182602368
21.26717724930877	-0.4509846807223077
21.29939168118133	-0.450319113619413
21.33160611305389	-0.4496555069480747
21.36382054492646	-0.4489938526650189
21.39603497679902	-0.4483341421625837
21.42824940867159	-0.4476763668863256
21.46046384054415	-0.4470205183345802
21.49267827241671	-0.4463665880580273
21.52489270428928	-0.4457145676592597
21.55710713616184	-0.445064448792358
21.58932156803441	-0.4444162231624686
21.62153599990697	-0.4437698823147129
21.65375043177954	-0.4431254184963408
21.6859648636521	-0.4424828233500689
21.71817929552466	-0.4418420887790855
21.75039372739723	-0.4412032067347607
21.78260815926979	-0.4405661692162735
21.81482259114236	-0.4399309682702462
21.84703702301492	-0.4392975959903796
21.87925145488748	-0.4386660445170918
21.91146588676005	-0.438036306037162
21.94368031863261	-0.4374083705252215
21.97589475050518	-0.4367822349800603
22.00810918237774	-0.4361578894532402
22.0403236142503	-0.4355353262932444
22.07253804612287	-0.4349145378836249
22.10475247799543	-0.4342955166427338
22.136966909868	-0.433678255023454
22.16918134174056	-0.4330627455129301
22.20139577361313	-0.4324489806323027
22.23361020548569	-0.4318369529364411
22.26582463735825	-0.4312266607225665
22.29803906923082	-0.4306180846522838
22.33025350110338	-0.4300112231611264
22.36246793297595	-0.429406068993633
22.39468236484851	-0.4288026149492525
22.42689679672107	-0.4282008538813724
22.45911122859364	-0.4276007786963793
22.4913256604662	-0.4270023823527502
22.52354009233877	-0.426405657860172
22.55575452421133	-0.4258105982786879
22.58796895608389	-0.4252171900179396
22.62018338795646	-0.4246254402358404
22.65239781982902	-0.4240353354043847
22.68461225170159	-0.423446868718882
22.71682668357415	-0.4228600333926901
22.74904111544672	-0.4222748226564635
22.78125554731928	-0.4216912297573759
22.81346997919184	-0.4211092479583102
22.84568441106441	-0.4205288705370182
22.87789884293697	-0.4199500907852438
22.91011327480954	-0.4193729166240518
22.9423277066821	-0.4187973107392157
22.97454213855466	-0.4182232812769992
23.00675657042723	-0.4176508217226721
23.03897100229979	-0.4170799256264013
23.07118543417236	-0.4165105866006523
23.10339986604492	-0.4159427983177775
23.13561429791748	-0.4153765545077781
23.16782872979005	-0.4148118489562218
23.20004316166261	-0.414248675502304
23.23225759353518	-0.4136870239646626
23.26447202540774	-0.4131268968496327
23.29668645728031	-0.4125682839756477
23.32890088915287	-0.4120111793310357
23.36111532102543	-0.4114555769360826
23.393329752898	-0.4109014708428172
23.42554418477056	-0.410348855134799
23.45775861664313	-0.4097977239269066
23.48997304851569	-0.4092480713651291
23.52218748038825	-0.4086998916263576
23.55440191226082	-0.4081531728627284
23.58661634413338	-0.4076079218891547
23.61883077600595	-0.4070641269910481
23.65104520787851	-0.4065217824349545
23.68325963975107	-0.4059808824883113
23.71547407162364	-0.4054414214171155
23.7476885034962	-0.4049033934833487
23.77990293536877	-0.4043667929421273
23.81211736724133	-0.4038316140385405
23.8443317991139	-0.4032978510041319
23.87654623098646	-0.4027655429677419
23.90876066285902	-0.4022345892928649
23.94097509473159	-0.401705030725436
23.97318952660415	-0.4011768619425988
24.00540395847672	-0.4006500776898891
24.03761839034928	-0.4001246727729728
24.06983282222184	-0.3996006420510633
24.10204725409441	-0.3990779804316261
24.13426168596697	-0.3985566828660846
24.16647611783954	-0.3980367443463041
24.1986905497121	-0.3975181527434056
24.23090498158466	-0.3970009180569223
24.26311941345723	-0.3964850282095669
24.29533384532979	-0.3959704782846635
24.32754827720236	-0.3954572633701505
24.35976270907492	-0.3949453785549152
24.39197714094749	-0.394434818924198
24.42419157282005	-0.3939255795537687
24.45640600469261	-0.3934176555024669
24.48862043656518	-0.3929110418025272
24.52083486843774	-0.3924061865148012
24.55304930031031	-0.3919020439328713
24.58526373218287	-0.3913992273978562
24.61747816405543	-0.3908977138595894
24.649692595928	-0.3903974912692196
24.68190702780056	-0.3898985514882278
24.71412145967313	-0.3894008880635114
24.74633589154569	-0.388904495372532
24.77855032341825	-0.3884093682458305
24.81076475529082	-0.3879155017823608
24.84297918716338	-0.3874226342744795
24.87519361903595	-0.3869313964707595
24.90740805090851	-0.386441345352816
24.93962248278108	-0.3859525134399325
24.97183691465364	-0.3854649072974124
25.0040513465262	-0.3849785269930205
25.03626577839877	-0.3844933703422793
25.06848021027133	-0.3840094342173295
25.1006946421439	-0.3835267150440001
25.13290907401646	-0.3830452090194297
25.16512350588902	-0.3825648856609115
25.19733793776159	-0.3820857979998357
25.22955236963415	-0.3816079130041965
25.26176680150672	-0.381131226232874
25.29398123337928	-0.3806557332425492
25.32619566525184	-0.380181429585535
25.35841009712441	-0.3797083108073526
25.39062452899697	-0.3792363724440104
25.42283896086954	-0.378765610018944
25.4550533927421	-0.3782960190395634
25.48726782461467	-0.377827594622597
25.51948225648723	-0.3773603329904969
25.55169668835979	-0.3768942292246339
25.58391112023236	-0.3764292787249207
25.61612555210492	-0.3759654768475877
25.64833998397749	-0.3755028188970825
25.68055441585005	-0.375041300116671
25.71276884772261	-0.3745809156774922
25.74498327959518	-0.374121660665752
25.77719771146774	-0.3736635300676787
25.80941214334031	-0.3732005140677505
25.84162657521287	-0.3727529898818601
25.87384100708543	-0.3722966480586838
25.906055438958	-0.3718424971819221
25.93826987083056	-0.3713896528511894
25.97048430270313	-0.3709379796318285
26.00269873457569	-0.3704874345166342
26.03491316644826	-0.3700379980003923
26.06712759832082	-0.3695896588361324
26.09934203019338	-0.3691424092996878
26.13155646206595	-0.368696361890691
26.16377089393851	-0.3682512536948899
26.19598532581108	-0.3678072147744937
26.22819975768364	-0.3673642428333763
26.2604141895562	-0.3669223355811274
26.29262862142877	-0.3664814907330404
26.32484305330133	-0.3660417060101001
26.3570574851739	-0.3656029791389698
26.38927191704646	-0.3651653078519786
26.42148634891903	-0.364728689887109
26.45370078079159	-0.3642931899988933
26.48591521266415	-0.3638586696773062
26.51812964453672	-0.3634251892364846
26.55034407640928	-0.3629927457282655
26.58255850828185	-0.3625613363606806
26.61477294015441	-0.3621309585576742
26.64698737202697	-0.3617016100517651
26.67920180389954	-0.3612732890329789
26.7114162357721	-0.3608459943983543
26.74363066764467	-0.360419726191276
26.77584509951723	-0.3599946109599241
26.80805953138979	-0.3595704310168536
26.84027396326236	-0.3591472910728546
26.87248839513492	-0.3587252062665645
26.90470282700749	-0.3583042084733896
26.93691725888005	-0.3578843708472227
26.96913169075262	-0.3574658935355055
27.00134612262518	-0.3570495548897885
27.03356055449774	-0.3566438127041703
27.06577498637031	-0.3562000420109717
27.09798941824287	-0.3557969600681541
27.13020385011544	-0.3553823336082249
27.162418281988	-0.3549686026763411
27.19463271386056	-0.3545557261975656
27.22684714573313	-0.3541436195449957
27.25906157760569	-0.3537320672698482
27.29127600947826	-0.3533202858013454
27.32349044135082	-0.3529011954335086
27.35570487322338	-0.3525238728872298
27.38791930509595	-0.3521068703280546
27.42013373696851	-0.351694014922109
27.45234816884108	-0.3512892879407932
27.48456260071364	-0.3508855899027319
27.51677703258621	-0.3504829649151759
27.54899146445877	-0.3500815086879193
27.58120589633133	-0.3496814654652026
27.6134203282039	-0.3492836750749646
27.64563476007646	-0.3488940770926292
27.67784919194903	-0.3484484637942344
27.71006362382159	-0.3480744455276394
27.74227805569415	-0.3476878499949148
27.77449248756672	-0.3472918019609861
27.80670691943928	-0.3468965669155017
27.83892135131185	-0.3465021164023872
27.87113578318441	-0.3461084045428541
27.90335021505697	-0.3457153503424579
27.93556464692954	-0.3453227929616279
27.9677790788021	-0.3449303552787774
27.99999351067467	-0.3445368825143011
28.03220794254723	-0.3441362451694474
28.0644223744198	-0.343768970587314
28.09663680629236	-0.3433825587643051
28.12885123816492	-0.3429972193825624
28.16106567003749	-0.3426130598460229
28.19328010191005	-0.3422303097013259
28.22549453378262	-0.3418495543294147
28.25770896565518	-0.3414728378765052
28.28992339752774	-0.3411155602402574
28.32213782940031	-0.3406338879876628
28.35435226127287	-0.3402988068917445
28.38656669314544	-0.339944287617063
28.418781125018	-0.3395657430995398
28.45099555689056	-0.3391877979708272
28.48320998876313	-0.3388101730195128
28.51542442063569	-0.3384316421411576
28.54763885250826	-0.3380221421684482
28.57985328438082	-0.3376964389840533
28.61206771625339	-0.3373184726436644
28.64428214812595	-0.3369444742598565
28.67649657999851	-0.3365719493334683
28.70871101187108	-0.3361882177360201
28.74092544374364	-0.3358181804872488
28.77313987561621	-0.3354491126420722
28.80535430748877	-0.335081175001512
28.83756873936133	-0.3347154497578684
28.8697831712339	-0.3343380213071666
28.90199760310646	-0.33397813466903
28.93421203497903	-0.3336139333444327
28.96642646685159	-0.3332501355546991
28.99864089872415	-0.3328870570022983
29.03085533059672	-0.3325487205203432
29.06306976246928	-0.3322130337297544
29.09528419434185	-0.3317542987912454
29.12749862621441	-0.3314346051717896
29.15971305808698	-0.3310823555877113
29.19192748995954	-0.3307268050817205
29.2241419218321	-0.3303707155395587
29.25635635370467	-0.3300148078939292
29.28857078557723	-0.3296593523178572
29.3207852174498	-0.3293044720857023
29.35299964932236	-0.3289481984439985
29.38521408119492	-0.3285950503170351
29.41742851306749	-0.3282426412009637
29.44964294494005	-0.3278909526162943
29.48185737681262	-0.3275399676137605
29.51407180868518	-0.3271896706128742
29.54628624055774	-0.3268400472605134
29.57850067243031	-0.3264910843067047
29.61071510430287	-0.3261427694952096
29.64292953617544	-0.3257950914668927
29.675143968048	-0.325447763632582
29.70735839992057	-0.325101354526399
29.73957283179313	-0.3247555753053927
29.77178726366569	-0.3244104147506929
29.80400169553826	-0.3240658611586516
29.83621612741082	-0.323721902303553
29.86843055928339	-0.3233785253969276
29.90064499115595	-0.3230357170431029
29.93285942302851	-0.3226934631905751
29.96507385490108	-0.3223517490787388
29.99728828677364	-0.322010026045784
30.02950271864621	-0.3216693580111038
30.06171715051877	-0.3213292351693933
30.09393158239133	-0.3209896459865233
30.1261460142639	-0.3206505763376274
30.15836044613646	-0.3203120086194644
30.19057487800903	-0.3199739204716468
30.22278930988159	-0.3196362828897284
30.25500374175416	-0.3192990573636743
30.28721817362672	-0.3189621913990908
30.31943260549928	-0.3186321336891595
30.35164703737185	-0.3182971311206119
30.38386146924441	-0.3179618367999983
30.41607590111698	-0.3176252640588527
30.44829033298954	-0.3172845328438982
30.4805047648621	-0.316926103292369
30.51271919673467	-0.3158588011797717
30.54493362860723	-0.3163962600594664
30.5771480604798	-0.3160322608039995
30.60936249235236	-0.315693654498486
30.64157692422492	-0.315331394162185
30.67379135609749	-0.3150108008623576
30.70600578797005	-0.3146907235526469
30.73822021984262	-0.3143710457154946
30.77043465171518	-0.3140516564776013
30.80264908358775	-0.3137324501775565
30.83486351546031	-0.3134133259703244
30.86707794733287	-0.3130941874649247
30.89929237920544	-0.3127749423920498
30.931506811078	-0.3124555022987237
30.96372124295057	-0.3121298494595016
30.99593567482313	-0.311809974246375
31.02815010669569	-0.3114902428638914
31.06036453856826	-0.3111706438154532
31.09257897044082	-0.3108511614969043
31.12479340231339	-0.3105317741816535
31.15700783418595	-0.3102124506907416
31.18922226605851	-0.3098931446242754
31.22143669793108	-0.3095737837810096
31.25365112980364	-0.3092542493271608
31.28586556167621	-0.3088572330588286
31.31807999354877	-0.3085348153183886
31.35029442542134	-0.3082146676074992
31.3825088572939	-0.3078966261214115
31.41472328916646	-0.3075805707468863
31.44693772103903	-0.3072664104647282
31.47915215291159	-0.3069540742512525
31.51136658478416	-0.3066435052045355
31.54358101665672	-0.3063346566362051
31.57579544852928	-0.3060274894018017
31.60800988040185	-0.3057219700346104
31.64022431227441	-0.3054180694141987
31.67243874414698	-0.30511576179896
31.70465317601954	-0.3048150241115267
31.7368676078921	-0.3045158354030749
31.76908203976467	-0.3042181764462904
31.80129647163723	-0.3039220294222584
31.8335109035098	-0.3036273776768678
31.86572533538236	-0.3033342055293056
31.89793976725493	-0.3030424981200435
31.93015419912749	-0.3027522412890793
31.96236863100005	-0.3024634214775914
31.99458306287262	-0.3021760256478734
32.02679749474518	-0.3018900412176694
32.05901192661774	-0.3016054560059372
32.0912263584903	-0.3013222581877562
32.12344079036286	-0.301040436256597
32.15565522223542	-0.3007599789925636
32.18786965410798	-0.300480875435505
32.22008408598055	-0.3002031148621248
