0
1000	1.0219978922	100000000000000.1
5	0	0	1
5	0	0	0
0.03786664528905326	0.2183306589179887
0.07008107716161713	0.6569534851061291
0.102295509034181	1.098296908074889
0.1345099409067449	1.542489412102907
0.1667243727793087	1.989661999322766
0.1989388046518726	2.439948222269021
0.2311532365244365	2.893484221824922
0.2633676683970003	3.350408770404537
0.2955821002695642	3.810863320219759
0.3277965321421281	4.274992056494377
0.360010964014692	4.742941955499945
0.3922253958872559	5.214862847300392
0.4244398277598198	5.690907483104456
0.4566542596323837	6.171231607136739
0.4888686915049476	6.655994032949689
0.5210831233775115	7.145356724110068
0.5532975552500754	7.639484879204244
0.5855119871226393	8.138547021117374
0.6177264189952032	8.642715090551675
0.6499408508677671	9.152164543759127
0.682155282740331	9.667074454473475
0.7143697146128949	10.1876276200359
0.7465841464854588	10.71401067171789
0.7787985783580227	11.24641418925362
0.8110130102305866	11.78503281960274
0.8432274421031505	12.33006539997309
0.8754418739757144	12.88171508514073
0.9076563058482783	13.44018947911279
0.9398707377208422	14.00570077118657
0.9720851695934061	14.57846587646542
1.00429960146597	15.15870554528795
1.036514033338534	15.74664593191239
1.068728465211098	16.34252195634402
1.100942897083662	16.94657010159137
1.133157328956226	17.55903213584456
1.165371760828789	18.18015852086998
1.197586192701353	18.81020463034054
1.229800624573917	19.44942746042029
1.262015056446481	20.09809565395334
1.294229488319045	20.75648240751093
1.326443920191609	21.42486405990665
1.358658352064173	22.10352890208115
1.390872783936737	22.79276909364675
1.423087215809301	23.49288620422793
1.455301647681865	24.20418994657825
1.487516079554428	24.92698867272399
1.519730511426992	25.66161347630163
1.551944943299556	26.40838818524947
1.58415937517212	27.16765653144256
1.616373807044684	27.93976213787593
1.648588238917248	28.72506234665665
1.680802670789812	29.52392249961829
1.713017102662376	30.33671483705543
1.74523153453494	31.16382770502437
1.777445966407504	32.00564861006201
1.809660398280067	32.86258766013216
1.841874830152631	33.73505447856302
1.874089262025195	34.62347197156615
1.906303693897759	35.52828134044216
1.938518125770323	36.44992217608353
1.970732557642887	37.38885537761787
2.002946989515451	38.3455501826968
2.035161421388014	39.32048639784568
2.067375853260578	40.31416129392706
2.099590285133142	41.32708140896628
2.131804717005705	42.35976987535567
2.164019148878269	43.41276454930487
2.196233580750833	44.48660200743075
2.228448012623396	45.58185162959133
2.26066244449596	46.69909796250035
2.292876876368524	47.8389085004074
2.325091308241087	49.00192029671676
2.357305740113651	50.18874585569474
2.389520171986215	51.40002593522847
2.421734603858778	52.63643157708808
2.453949035731342	53.89862933584797
2.486163467603906	55.1873151500256
2.518377899476469	56.50320497231341
2.550592331349033	57.84702215032409
2.582806763221597	59.21952405434696
2.61502119509416	60.62147776760023
2.647235626966724	62.05370253083824
2.679450058839288	63.51695993965225
2.711664490711851	65.01212238834044
2.743878922584415	66.54004297728265
2.776093354456979	68.10159273114476
2.808307786329542	69.69770463848313
2.840522218202106	71.32927953044555
2.87273665007467	72.99728814871069
2.904951081947234	74.70269679961844
2.937165513819797	76.44655895460447
2.969379945692361	78.22985690031602
3.001594377564925	80.0536915413782
3.033808809437488	81.91915487925243
3.066023241310052	83.82734487970299
3.098237673182616	85.77942708745914
3.130452105055179	87.77660857362862
3.162666536927743	89.82009044821082
3.194880968800307	91.91114015672102
3.22709540067287	94.05101327877958
3.259309832545434	96.24104200549243
3.291524264417998	98.48264255908153
3.323738696290561	100.7771455615133
3.355953128163125	103.1260189417996
3.388167560035689	105.5307067796648
3.420381991908252	107.9927739229061
3.452596423780816	110.5137386001433
3.48481085565338	113.0952251651793
3.517025287525943	115.7388670863751
3.549239719398507	118.4463690401193
3.581454151271071	121.2194582674176
3.613668583143634	124.0599485314845
3.645883015016198	126.9696351038793
3.678097446888762	129.9504545139419
3.710311878761325	133.0043147019117
3.742526310633889	136.1332320049623
3.774740742506453	139.3392570967191
3.806955174379016	142.6244742884456
3.83916960625158	145.9910966792422
3.871384038124144	149.4413053747359
3.903598469996707	152.9774563595109
3.935812901869271	156.6018551966147
3.968027333741835	160.3169336695415
4.000241765614398	164.125209079404
4.032456197486963	168.0292281875585
4.064670629359527	172.0315990026968
4.096885061232091	176.1350680713591
4.129099493104655	180.3423995650201
4.161313924977219	184.6564839462417
4.193528356849783	189.0802549885546
4.225742788722347	193.6167130691908
4.257957220594911	198.2690050373429
4.290171652467476	203.040321461361
4.32238608434004	207.9339149075529
4.354600516212604	212.9532658741275
4.386814948085168	218.1017852066921
4.419029379957732	223.3830866946697
4.451243811830296	228.8007836333825
4.48345824370286	234.3587567519048
4.515672675575424	240.0608601713294
4.547887107447989	245.9110883997891
4.580101539320553	251.9135895819486
4.612315971193117	258.0725890504352
4.644530403065681	264.3924453456034
4.676744834938245	270.8776144312792
4.708959266810809	277.5327421761999
4.741173698683373	284.3625640682732
4.773388130555937	291.3719275076609
4.805602562428501	298.5659034147196
4.837816994301066	305.9496234227046
4.87003142617363	313.5284026645555
4.902245858046194	321.3076713815173
4.934460289918758	329.2930859096998
4.966674721791322	337.4904181721639
4.998889153663886	345.9055926226881
5.03110358553645	354.5447065897283
5.063318017409014	363.4141006696796
5.095532449281579	372.5202291631618
5.127746881154143	381.8697306228948
5.159961313026707	391.4694491851287
5.192175744899271	401.3264357912186
5.224390176771835	411.4479673215675
5.256604608644399	421.8414651121513
5.288819040516963	432.5146180547638
5.321033472389527	443.4752905891995
5.353247904262092	454.731615542764
5.385462336134656	466.2919642674262
5.41767676800722	478.1649250192602
5.449891199879784	490.3593238082817
5.482105631752348	502.8842372382124
5.514320063624912	515.7490893022627
5.546534495497476	528.9633491773226
5.57874892737004	542.5371966248375
5.610963359242604	556.4806093434379
5.643177791115169	570.8042258704478
5.675392222987733	585.5186933479921
5.707606654860297	600.6353767891317
5.739821086732861	616.1655432189077
5.772035518605425	632.1208542721261
5.804249950477989	648.5136771068554
5.836464382350553	665.3562263769917
5.868678814223117	682.3772767388627
5.900893246095682	700.1196749486294
5.933107677968246	718.2101334100169
5.96532210984081	736.9999696818981
5.997536541713374	756.41011945557
6.029750973585938	776.2137762284855
6.061965405458502	797.1168681656609
6.094179837331066	818.7645578460057
6.12639426920363	842.0186376467775
6.158608701076195	867.1693248328186
6.190823132948759	948.1667366086537
6.223037564821323	986.7997639026474
6.255251996693887	1057.965489852222
6.287466428566451	1149.18746949663
6.319680860439015	1230.3708011119
6.351895292311579	1380.220259816864
6.384109724184143	1504.274101925807
6.416324156056707	1646.992328177069
6.448538587929272	1875.734934611631
6.480753019801836	2081.243597137682
6.5129674516744	2302.967119764151
6.545181883546964	2563.256984960906
6.577396315419528	2853.863299695608
6.609610747292092	3182.956294373065
6.641825179164656	3688.245124217161
6.67403961103722	4122.908537324228
6.706254042909785	4679.670231495521
6.738468474782349	5340.893726955224
6.770682906654913	5874.942379739005
6.802897338527477	6698.044048558026
6.835111770400041	7609.435350700049
6.867326202272605	8441.041376034447
6.899540634145169	9668.619524978691
6.931755066017733	10779.12665394222
6.963969497890298	11965.48854775074
6.996183929762862	13604.14543846104
7.028398361635426	15047.65025501242
7.06061279350799	16693.63171890977
7.092827225380554	19020.87945575515
7.125041657253118	20986.16936547379
7.157256089125682	23260.95920090197
7.189470520998246	26280.06198449813
7.22168495287081	29026.1494303646
7.253899384743375	32144.66404702339
7.286113816615939	36051.11018075098
7.318328248488503	39908.55592122265
7.350542680361067	44103.17665406904
7.382757112233631	49398.66225575612
7.414971544106195	54549.40727671143
7.447185975978759	60304.39130477683
7.479400407851323	67440.26958695088
7.511614839723888	74258.91708852038
7.543829271596452	82068.88794937629
7.576043703469016	90117.76197836314
7.60825813534158	100678.645333537
7.640472567214144	111218.7882349622
7.672686999086708	122788.8412170565
7.704901430959272	136205.7572391205
7.737115862831836	150403.3625789204
7.769330294704401	166044.1602472436
7.801544726576965	184665.9125221876
7.833759158449529	202866.9935181609
7.865973590322093	223939.6101507895
7.898188022194657	247065.72598323
7.930402454067221	273066.3418639998
7.962616885939785	301326.8634935754
7.994831317812349	332416.8423901062
8.027045749684913	366329.4418982795
8.059260181557477	404971.6188297825
8.091474613430041	446685.4627925024
8.123689045302605	492603.3740258142
8.155903477175169	546255.7613257706
8.188117909047733	599471.8527585347
8.220332340920297	661062.2798192112
8.252546772792861	728822.770447208
8.284761204665426	804347.2311799966
8.31697563653799	886200.0007620977
8.349190068410554	976935.33559677
8.381404500283118	1076904.74409015
8.413618932155682	1188711.168883157
8.445833364028246	1308834.046616537
8.47804779590081	1442537.045353218
8.510262227773374	1589857.464658399
8.542476659645938	1751159.898216236
8.574691091518503	1931385.966558904
8.606905523391067	2128370.77276431
8.639119955263631	2345424.016442542
8.671334387136195	2584508.478918164
8.703548819008759	2848301.778150991
8.735763250881323	3138446.134167241
8.767977682753887	3458130.979775297
8.800192114626451	3810325.707396607
8.832406546499016	4199243.699768613
8.86462097837158	4625971.264475947
8.896835410244144	5096713.958343426
8.929049842116708	5615285.694409944
8.961264273989272	6186400.973471705
8.993478705861836	6816269.251089692
9.0256931377344	7509326.141622898
9.057907569606964	8272888.608881149
9.090122001479529	9114061.726174943
9.122336433352093	10040172.27156404
9.154550865224657	11061377.42970697
9.186765297097221	12185530.13534589
9.218979728969785	13423847.17625438
9.251194160842349	14787922.49134324
9.283408592714913	16289185.30819789
9.315623024587477	17945793.11513955
9.347837456460041	19768751.28636428
9.380051888332606	21776806.13414996
9.41226632020517	23988715.12520414
9.444480752077734	26424420.61552364
9.476695183950298	29109169.98315377
9.508909615822862	32065172.48467216
9.541124047695426	35321268.3311724
9.57333847956799	38907915.30023124
9.605552911440554	42858298.70376647
9.637767343313119	47210222.60473961
9.669981775185683	52003340.37976188
9.702196207058247	57282913.97776187
9.734410638930811	63098370.57331569
9.766625070803375	69503842.79045984
9.798839502675939	76561534.57334422
9.831053934548503	84331331.30187421
9.863268366421067	92891630.70868431
9.895482798293632	102320641.4933094
9.927697230166196	112706427.5749559
9.95991166203876	124146016.8592369
9.992126093911324	136747310.917267
10.02434052578389	150626312.3689642
10.05655495765645	165914029.9635861
10.08876938952902	182753133.1268155
10.12098382140158	201300875.4608672
10.15319825327414	221730615.8710846
10.18541268514671	244233962.679486
10.21762711701927	269020246.6930298
10.24984154889184	296321869.4133983
10.2820559807644	326393873.0352871
10.31427041263697	359517222.5500148
10.34648484450953	396001505.2657229
10.37869927638209	436188789.5371627
10.41091370825466	480452811.1050322
10.44312814012722	529208646.8199489
10.47534257199979	582911919.071745
10.50755700387235	642064328.1188471
10.53977143574491	707218850.8463535
10.57198586761748	778988455.8243325
10.60420029949004	858032911.9923105
10.63641473136261	945101620.8488888
10.66862916323517	1041005259.088699
10.70084359510773	1146640091.238122
10.7330580269803	1262993475.391542
10.76527245885286	1391152963.751789
10.79748689072543	1532317170.349292
10.82970132259799	1687804354.983803
10.86191575447056	1859068708.218097
10.89413018634312	2047711013.313263
10.92634461821568	2255494423.206468
10.95855905008825	2484361021.866528
10.99077348196081	2736449920.925688
11.02298791383338	3014118717.85409
11.05520234570594	3319960747.093918
11.0874167775785	3656835966.354395
11.11963120945107	4027893070.776424
11.15184564132363	4436600194.529015
11.1840600731962	4886777694.774053
11.21627450506876	5382633119.924812
11.24848893694132	5928802548.923888
11.28070336881389	6530388648.408533
11.31291780068645	7193016150.916236
11.34513223255902	7922878400.934646
11.37734666443158	8726797218.37767
11.40956109630415	9612286943.139486
11.44177552817671	10587624260.75566
11.47398996004927	11661924769.85697
11.50620439192184	12845232703.32505
11.5384188237944	14148605336.14205
11.57063325566697	15584226576.47323
11.60284768753953	17165514857.78561
11.63506211941209	18907250511.57364
11.66727655128466	20825713423.72191
11.69949098315722	22938835406.22386
11.73170541502979	25266371405.21384
11.76391984690235	27830066024.59592
11.79613427877491	30653892064.58749
11.82834871064748	33764240582.66447
11.86056314252004	37190183564.09389
11.89277757439261	40963743062.68981
11.92499200626517	45120190141.59648
11.95720643813774	49698374646.09475
11.9894208700103	54741087063.43919
12.02163530188286	60295465979.74693
12.05384973375543	66413421875.42188
12.08606416562799	73152140883.5504
12.11827859750056	80574608655.46034
12.15049302937312	88750202140.3181
12.18270746124568	97755337499.2028
12.21492189311825	107674184466.4867
12.24713632499081	118599452960.7383
12.27935075686338	130633260842.8667
12.31156518873594	143888084116.8629
12.3437796206085	158487815126.2595
12.37599405248107	174568914755.425
12.40820848435363	192281690328.6187
12.4404229162262	211791700039.6995
12.47263734809876	233281300457.1909
12.50485177997133	256951350891.8268
12.53706621184389	283023090786.7154
12.56928064371645	311740209195.2683
12.60149507558902	343371116370.0703
12.63370950746158	378211461961.1812
12.66592393933415	416586890932.882
12.69813837120671	458856090605.0213
12.73035280307927	505414141852.637
12.76256723495184	556696212453.069
12.7947816668244	613181624282.3033
12.82699609869697	675398333204.104
12.85921053056953	743927871540.4648
12.89142496244209	819410748143.9049
12.92363939431466	902552502278.2489
12.95585382618722	994130232739.3206
12.98806825805979	1094999892911.878
13.02028268993235	1206104285995.988
13.05249712180492	1328481874928.528
13.08471155367748	1463276489963.711
13.11692598555004	1611748019265.924
13.14914041742261	1775284184552.691
13.18135484929517	1955413512792.771
13.21356928116774	2153819617897.452
13.2457837130403	2372356945680.106
13.27799814491286	2613068098019.997
13.31021257678543	2878202928588.582
13.34242700865799	3170239569824.651
13.37464144053056	3491907596855.824
13.40685587240312	3846213537171.736
13.43907030427568	4236468972778.52
13.47128473614825	4666321491819.996
13.50349916802081	5139788779378.877
13.53571359989338	5661296178008.424
13.56792803176594	6235718029932.095
13.60014246363851	6868423255894.358
13.63235689551107	7565325525305.254
13.66457132738363	8332938529556.442
13.6967857592562	9178436864920.113
13.72900019112876	10109723087556.25
13.76121462300133	11135501575859.17
13.79342905487389	12265359885860.56
13.82564348674645	13509858360963.54
13.85785791861902	14880628871300.56
13.89007235049158	16390483348693.09
13.92228678236415	18053533894729.71
13.95450121423671	19885324318975.66
13.98671564610927	21902975597603.89
14.01893007798184	24125345860149.56
14.0511445098544	26573206642718
14.08335894172697	29269437030648.06
14.11557337359953	32239237495489.41
14.1477878054721	35510365429295.05
14.18000223734466	39113394577923.62
14.21221666921722	43082000795015.84
14.24443110108979	47453276792498.45
14.27664553296235	52268078818696.88
14.30885996483492	57571408523790.83
14.34107439670748	63412833559715.51
14.37328882858004	69846950858486.2
14.40550326045261	76933896915511.66
14.43771769232517	84739909848212.38
14.46993212419774	93337948481201.62
14.5021465560703	102808374246128.3
14.53436098794286	113239702267653.2
14.56657541981543	124729428654599.6
14.59878985168799	137384941733543.5
14.63100428356056	151324525735581.7
14.66321871543312	166678466313494.3
14.69543314730569	183590268241685
14.72764757917825	202217996648282.3
14.75986201105081	222735754341693.5
14.79207644292338	245335309026593.4
14.82429087479594	270227885620857.2
14.85650530666851	297646140418612.1
14.88871973854107	327846335563357.6
14.92093417041363	361110734138993.1
14.9531486022862	397750238271157.2
14.98536303415876	438107294900613.3
15.01757746603133	482559096370275.6
15.04979189790389	531521105756631.2
15.08200632977645	585450939872462
15.11422076164902	644852646265346.4
15.14643519352158	710281414144412.1
15.17864962539415	782348763293376.4
15.21086405726671	861728259453099.9
15.24307848913928	949161809590756.8
15.27529292101184	1045466595897145
15.3075073528844	1151542713314189
15.33972178475697	1268381581960592
15.37193621662953	1397075213106882
15.4041506485021	1538826415268614
15.43636508037466	1694960035821508
15.46857951224722	1866935343203860
15.50079394411979	2056359665408422
15.53300837599235	2265003412268482
15.56522280786492	2494816621886213
15.59743723973748	2747947185880461
15.62965167161004	3026760923785826
15.66186610348261	3333863694180442
15.69408053535517	3672125749247227
15.72629496722774	4044708560323483
15.7585093991003	4455094365203004
15.79072383097287	4907118713288248
15.82293826284543	5405006312799918
15.85515269471799	5953410515018237
15.88736712659056	6557456804621626
15.91958155846312	7222790702526516
15.95179599033569	7955630528982427
15.98401042220825	8762825519930409
16.01622485408081	9651919839923026
16.04843928595338	1.063122308970545e+16
16.08065371782594	1.170988796750625e+16
16.11286814969851	1.289799580980947e+16
16.14508258157107	1.420665081104701e+16
16.17729701344363	1.564808380277527e+16
16.2095114453162	1.723576656223385e+16
16.24172587718876	1.898453771858124e+16
16.27394030906133	2.091074143350649e+16
16.30615474093389	2.303238015223349e+16
16.33836917280646	2.53692828525698e+16
16.37058360467902	2.794329036435681e+16
16.40279803655158	3.077845949124442e+16
16.43501246842415	3.390128784249439e+16
16.46722690029671	3.734096147598369e+16
16.49944133216928	4.112962766680722e+16
16.53165576404184	4.5302695350694e+16
16.5638701959144	4.989916605005876e+16
16.59608462778697	5.496199837533736e+16
16.62829905965953	6.053850950833889e+16
16.6605134915321	6.668081741936252e+16
16.69272792340466	7.344632795120379e+16
16.72494235527722	8.089827132187245e+16
16.75715678714979	8.910629306016907e+16
16.78937121902235	9.814710489662818e+16
16.82158565089492	1.081052016927637e+17
16.85380008276748	1.190736511088201e+17
16.88601451464005	1.311549633897137e+17
16.91822894651261	1.444620493983012e+17
16.95044337838517	1.591192758481217e+17
16.98265781025774	1.752636275988793e+17
17.0148722421303	1.930459878756081e+17
17.04708667400287	2.126325483765103e+17
17.07930110587543	2.342063624472516e+17
17.11151553774799	2.579690558370685e+17
17.14372996962056	2.841427110243856e+17
17.17594440149312	3.129719427216363e+17
17.20815883336569	3.447261839563561e+17
17.24037326523825	3.79702204091953e+17
17.27258769711081	4.182268823215448e+17
17.30480212898338	4.606602625526543e+17
17.33701656085594	5.073989182330367e+17
17.36923099272851	5.588796585629572e+17
17.40144542460107	6.155836107293124e+17
17.43365985647364	6.78040716312228e+17
17.4658742883462	7.468346838841828e+17
17.49808872021876	8.226084440859817e+17
17.53030315209133	9.060701581574267e+17
17.56251758396389	9.987378802096905e+17
17.59473201583646	1.100077208487516e+18
17.62694644770902	1.211699173986611e+18
17.65916087958158	1.334647129058952e+18
17.69137531145415	1.47007029229328e+18
17.72358974332671	1.619234490486337e+18
17.75580417519928	1.78353399057224e+18
17.78801860707184	1.964504532106723e+18
17.82023303894441	2.163837682125225e+18
17.85244747081697	2.3833966465488e+18
17.88466190268953	2.625233685933454e+18
17.9168763345621	2.891609298348451e+18
17.94909076643466	3.185013348694346e+18
17.98130519830723	3.508188341952865e+18
18.01351963017979	3.864155057914913e+18
18.04573406205235	4.256240786999738e+18
18.07794849392492	4.688110431083613e+18
18.11016292579748	5.163800760051758e+18
18.14237735767005	5.687758144272734e+18
18.17459178954261	6.264880115685761e+18
18.20680622141517	6.900561145986814e+18
18.23902065328774	7.600743069800291e+18
18.2712350851603	8.371970624170516e+18
18.30344951703287	9.221452623480867e+18
18.33566394890543	1.015712934165418e+19
18.367878380778	1.118774673145772e+19
18.40009281265056	1.232293817421388e+19
18.43230724452312	1.357331452637173e+19
18.46452167639569	1.495056330008811e+19
18.49673610826825	1.646755790409111e+19
18.52895054014082	1.813847798680642e+19
18.56116497201338	1.997894196179472e+19
18.59337940388594	2.200615300502242e+19
18.62559383575851	2.423905985194898e+19
18.65780826763107	2.669853391880163e+19
18.69002269950364	2.940756438752537e+19
18.7222371313762	3.239147309296476e+19
18.75445156324876	3.567815121105138e+19
18.78666599512133	3.929831996082693e+19
18.81888042699389	4.328581776459005e+19
18.85109485886646	4.767791653947956e+19
18.88330929073902	5.251567008553014e+19
18.91552372261159	5.784429782715854e+19
18.94773815448415	6.371360748255822e+19
18.97995258635671	7.017846063013965e+19
19.01216701822928	7.729928550829602e+19
19.04438145010184	8.514264184887643e+19
19.07659588197441	9.378184302877286e+19
19.10881031384697	1.032976413373474e+20
19.14102474571953	1.13778982789637e+20
19.1732391775921	1.253238385180743e+20
19.20545360946466	1.380401205286983e+20
19.23766804133723	1.520466903775902e+20
19.26988247320979	1.674744701888028e+20
19.30209690508235	1.844676664136782e+20
19.33431133695492	2.031851177560025e+20
19.36652576882748	2.238017798340169e+20
19.39874020070005	2.465103606307608e+20
19.43095463257261	2.715231215863198e+20
19.46316906444518	2.990738619186391e+20
19.49538349631774	3.2942010366023e+20
19.5275979281903	3.628454989990832e+20
19.55981236006287	3.996624816276215e+20
19.59202679193543	4.402151869025718e+20
19.624241223808	4.848826690170984e+20
19.65645565568056	5.340824433817778e+20
19.68867008755312	5.882743898320455e+20
19.72088451942569	6.479650510497064e+20
19.75309895129825	7.137123671633299e+20
19.78531338317082	7.861308908544304e+20
19.81752781504338	8.65897532339021e+20
19.84974224691594	9.53757885639366e+20
19.88195667878851	1.050533198568954e+21
19.91417111066107	1.157128048569216e+21
19.94638554253364	1.274538798277345e+21
19.9785999744062	1.403862908737364e+21
20.01081440627877	1.546309197202026e+21
20.04302883815133	1.703209136739976e+21
20.07524327002389	1.876029301359281e+21
20.10745770189646	2.066385074310617e+21
20.13967213376902	2.27605574785114e+21
20.17188656564159	2.507001154066437e+21
20.20410099751415	2.761379984152923e+21
20.23631542938671	3.041569966161891e+21
20.26852986125928	3.350190089595704e+21
20.30074429313184	3.690125086423863e+21
20.33295872500441	4.064552394269811e+21
20.36517315687697	4.476971857243455e+21
20.39738758874953	4.931238439519611e+21
20.4296020206221	5.431598258082339e+21
20.46181645249466	5.982728272342021e+21
20.49403088436723	6.589780000595215e+21
20.52624531623979	7.258427671864952e+21
20.55845974811236	7.994921264325584e+21
20.59067417998492	8.806144925224232e+21
20.62288861185748	9.699681317436525e+21
20.65510304373005	1.068388249792177e+22
20.68731747560261	1.176794798321655e+22
20.71953190747518	1.296201074154918e+22
20.75174633934774	1.427723190662958e+22
20.7839607712203	1.572590510270951e+22
20.81617520309287	1.732157135579143e+22
20.84838963496543	1.907914566418617e+22
20.880604066838	2.101505641150334e+22
20.91281849871056	2.314739892617747e+22
20.94503293058312	2.549610462205016e+22
20.97724736245569	2.808312730055078e+22
21.00946179432825	3.093264835754735e+22
21.04167622620082	3.40713028116446e+22
21.07389065807338	3.752842826586983e+22
21.10610508994595	4.133633913269425e+22
21.13831952181851	4.553062868270395e+22
21.17053395369107	5.015050174150692e+22
21.20274838556364	5.523914114489025e+22
21.2349628174362	6.084411137729172e+22
21.26717724930877	6.701780316674773e+22
21.29939168118133	7.381792324537591e+22
21.33160611305389	8.130803344114907e+22
21.36382054492646	8.955814544478014e+22
21.39603497679902	9.864537450480019e+22
21.42824940867159	1.086546608215477e+23
21.46046384054415	1.19679562976484e+23
21.49267827241671	1.318231328166153e+23
21.52489270428928	1.451988787124937e+23
21.55710713616184	1.599318262256469e+23
21.58932156803441	1.761596869670213e+23
21.62153599990697	1.94034146440271e+23
21.65375043177954	2.137222791836021e+23
21.6859648636521	2.354081151786869e+23
21.71817929552466	2.592943558341104e+23
21.75039372739723	2.856042703128902e+23
21.78260815926979	3.145837817797932e+23
21.81482259114236	3.465037682106681e+23
21.84703702301492	3.81662590985482e+23
21.87925145488748	4.203888867891906e+23
21.91146588676005	4.630446376346235e+23
21.94368031863261	5.100285544803251e+23
21.97589475050518	5.617798051048172e+23
22.00810918237774	6.187821185995951e+23
22.0403236142503	6.815683058147823e+23
22.07253804612287	7.507252404240872e+23
22.10475247799543	8.268993484796343e+23
22.136966909868	9.108026404021309e+23
22.16918134174056	1.00321937791736e+24
22.20139577361313	1.105013396099521e+24
22.23361020548569	1.217136184323155e+24
22.26582463735825	1.340635775053732e+24
22.29803906923082	1.476666542638597e+24
22.33025350110338	1.62649999154364e+24
22.36246793297595	1.791536643818636e+24
22.39468236484851	1.973319128091883e+24
22.42689679672107	2.173546599177739e+24
22.45911122859364	2.394090621284851e+24
22.4913256604662	2.637012661525926e+24
22.52354009233877	2.904583357416094e+24
22.55575452421133	3.199303752195629e+24
22.58796895608389	3.523928614993304e+24
22.62018338795646	3.881492323278237e+24
22.65239781982902	4.275337083853772e+24
22.68461225170159	4.709144194803585e+24
22.71682668357415	5.186968583275545e+24
22.74904111544672	5.713276602199593e+24
22.78125554731928	6.292987566458732e+24
22.81346997919184	6.931520338675493e+24
22.84568441106441	7.634842375523449e+24
22.87789884293697	8.409530637766303e+24
22.91011327480954	9.262823414267929e+24
22.9423277066821	1.020269748175546e+25
22.97454213855466	1.123793819173358e+25
23.00675657042723	1.237822196810691e+25
23.03897100229979	1.363420721294537e+25
23.07118543417236	1.501763413103766e+25
23.10339986604492	1.654143360750334e+25
23.13561429791748	1.821984875186576e+25
23.16782872979005	2.006856865156205e+25
23.20004316166261	2.210487301977509e+25
23.23225759353518	2.434779583789199e+25
23.26447202540774	2.681830191395639e+25
23.29668645728031	2.953948375132652e+25
23.32890088915287	3.253677669104749e+25
23.36111532102543	3.583819688711779e+25
23.393329752898	3.947460337927985e+25
23.42554418477056	4.347998655076911e+25
23.45775861664313	4.789178510038616e+25
23.48997304851569	5.275123709444354e+25
23.52218748038825	5.810376485063964e+25
23.55440191226082	6.399939922647349e+25
23.58661634413338	7.049324785776194e+25
23.61883077600595	7.764601018896266e+25
23.65104520787851	8.552454406277157e+25
23.68325963975107	9.420249173208466e+25
23.71547407162364	1.037609677514379e+26
23.7476885034962	1.142893166695098e+26
23.77990293536877	1.258859490525356e+26
23.81211736724133	1.386592608568229e+26
23.8443317991139	1.527286463786538e+26
23.87654623098646	1.682256148806409e+26
23.90876066285902	1.852950194910517e+26
23.94097509473159	2.040964109610006e+26
23.97318952660415	2.248055292083244e+26
24.00540395847672	2.476159464799665e+26
24.03761839034928	2.727408756978512e+26
24.06983282222184	3.004151641785846e+26
24.10204725409441	3.308974886733862e+26
24.13426168596697	3.644727723672084e+26
24.16647611783954	4.014548738293255e+26
24.1986905497121	4.421894067233296e+26
24.23090498158466	4.870571824394894e+26
24.26311941345723	5.364775163120976e+26
24.29533384532979	5.909125193924455e+26
24.32754827720236	6.508708320683738e+26
24.35976270907492	7.169129441475877e+26
24.39197714094749	7.896561985481129e+26
24.42419157282005	8.69780499354305e+26
24.45640600469261	9.580347940719753e+26
24.48862043656518	1.055244030288001e+27
24.52083486843774	1.162316816293348e+27
24.55304930031031	1.280253989345419e+27
24.58526373218287	1.410157938407207e+27
24.61747816405543	1.553242887979409e+27
24.649692595928	1.710846279265825e+27
24.68190702780056	1.884441276279858e+27
24.71412145967313	2.075650477618805e+27
24.74633589154569	2.286261165592507e+27
24.77855032341825	2.518241984228399e+27
24.81076475529082	2.773761219037054e+27
24.84297918716338	3.055207328912728e+27
24.87519361903595	3.36521101293273e+27
24.90740805090851	3.706669951197411e+27
24.93962248278108	4.082775799177748e+27
24.97183691465364	4.49704409239517e+27
25.0040513465262	4.953347082059823e+27
25.03626577839877	5.455949887657957e+27
25.06848021027133	6.009550390444509e+27
25.1006946421439	6.619323646020757e+27
25.13290907401646	7.290968453620932e+27
25.16512350588902	8.030763362416652e+27
25.19733793776159	8.845623632907916e+27
25.22955236963415	9.743165033318915e+27
25.26176680150672	1.07317776983574e+28
25.29398123337928	1.182070142388738e+28
25.32619566525184	1.302011728372773e+28
25.35841009712441	1.434123342975176e+28
25.39062452899697	1.57963995761181e+28
25.42283896086954	1.739921808525456e+28
25.4550533927421	1.916466970107462e+28
25.48726782461467	2.110925699234386e+28
25.51948225648723	2.325115663145264e+28
25.55169668835979	2.561038869787718e+28
25.58391112023236	2.820900567440135e+28
25.61612555210492	3.107130578250097e+28
25.64833998397749	3.422401822553072e+28
25.68055441585005	3.769663680729258e+28
25.71276884772261	4.152161220093081e+28
25.74498327959518	4.573469955492937e+28
25.77719771146774	5.037527545506263e+28
25.80941214334031	5.548671823486547e+28
25.84162657521287	6.111680667433333e+28
25.87384100708543	6.731816270497033e+28
25.906055438958	7.414875436435734e+28
25.93826987083056	8.167242498156302e+28
25.97048430270313	8.995950865600612e+28
26.00269873457569	9.908745620268304e+28
26.03491316644826	1.091415915882171e+29
26.06712759832082	1.202158945641458e+29
26.09934203019338	1.324138745422859e+29
26.13155646206595	1.458495521658805e+29
26.16377089393851	1.606485116275453e+29
26.19598532581108	1.769490796775297e+29
26.22819975768364	1.949036226433299e+29
26.2604141895562	2.146799634413563e+29
26.29262862142877	2.36462957823843e+29
26.32484305330133	2.604562106244793e+29
26.3570574851739	2.868839889626924e+29
26.38927191704646	3.15993359754531e+29
26.42148634891903	3.480563301997022e+29
26.45370078079159	3.83372655597666e+29
26.48591521266415	4.222723361737428e+29
26.51812964453672	4.651192632830105e+29
26.55034407640928	5.1231363443484e+29
26.58255850828185	5.6429683459495e+29
26.61477294015441	6.215544069936697e+29
26.64698737202697	6.846218177896926e+29
26.67920180389954	7.540884849804426e+29
26.7114162357721	8.306039324570832e+29
26.74363066764467	9.148829505954218e+29
26.77584509951723	1.007713606727235e+30
26.80805953138979	1.109963640042343e+30
26.84027396326236	1.222588576471307e+30
26.87248839513492	1.346641284457408e+30
26.90470282700749	1.483281199425271e+30
26.93691725888005	1.633785900699187e+30
26.96913169075262	1.799561623046397e+30
27.00134612262518	1.982158210328164e+30
27.03356055449774	2.183282435359879e+30
27.06577498637031	2.404814044273306e+30
27.09798941824287	2.648824060775194e+30
27.13020385011544	2.917592886772194e+30
27.162418281988	3.213633370162047e+30
27.19463271386056	3.539711756132894e+30
27.22684714573313	3.898876615808014e+30
27.25906157760569	4.294485068682952e+30
27.29127600947826	4.73023468214979e+30
27.32349044135082	5.210198642179204e+30
27.35570487322338	5.73886322319383e+30
27.38791930509595	6.321170007422657e+30
27.42013373696851	6.962561861075618e+30
27.45234816884108	7.669033957273479e+30
27.48456260071364	8.447190393349316e+30
27.51677703258621	9.304303127288055e+30
27.54899146445877	1.024838526540763e+31
27.58120589633133	1.128826083529968e+31
27.6134203282039	1.243364985488225e+31
27.64563476007646	1.369525827739989e+31
27.67784919194903	1.508487868075403e+31
27.71006362382159	1.66155000846534e+31
27.74227805569415	1.830142974488841e+31
27.77449248756672	2.01584267489247e+31
27.80670691943928	2.220384390142713e+31
27.83892135131185	2.445680525127641e+31
27.87113578318441	2.693837525494628e+31
27.90335021505697	2.967173374459048e+31
27.93556464692954	3.268244302866932e+31
27.9677790788021	3.599864103235989e+31
27.99999351067467	3.965132496449975e+31
28.03220794254723	4.367463308263361e+31
28.0644223744198	4.810617799205226e+31
28.09663680629236	5.298737994993114e+31
28.12885123816492	5.836386499536742e+31
28.16106567003749	6.428588201520721e+31
28.19328010191005	7.080879366348829e+31
28.22549453378262	7.799356763745055e+31
28.25770896565518	8.590735902727643e+31
28.28992339752774	9.462414262687896e+31
28.32213782940031	1.042253945260867e+32
28.35435226127287	1.148008599286306e+32
28.38656669314544	1.264493850785682e+32
28.418781125018	1.392798570141521e+32
28.45099555689056	1.534121910877984e+32
28.48320998876313	1.689784986195324e+32
28.51542442063569	1.861242281112117e+32
28.54763885250826	2.050098462350044e+32
28.57985328438082	2.258116056578432e+32
28.61206771625339	2.487240701671441e+32
28.64428214812595	2.739684156779413e+32
28.67649657999851	3.017595419448659e+32
28.70871101187108	3.323782353010539e+32
28.74092544374364	3.661037105096613e+32
28.77313987561621	4.032513907370437e+32
28.80535430748877	4.44168137344065e+32
28.83756873936133	4.892370211647993e+32
28.8697831712339	5.388779548316845e+32
28.90199760310646	5.93556572768662e+32
28.93421203497903	6.537831067969172e+32
28.96642646685159	7.201204199411272e+32
28.99864089872415	7.931891804272378e+32
29.03085533059672	8.736720169721236e+32
29.06306976246928	9.62321136188327e+32
29.09528419434185	1.059964920305066e+33
29.12749862621441	1.167517396348734e+33
29.15971305808698	1.285981490667349e+33
29.19192748995954	1.416466564289392e+33
29.2241419218321	1.56019118269776e+33
29.25635635370467	1.718499659459999e+33
29.28857078557723	1.89287095227694e+33
29.3207852174498	2.084935505193644e+33
29.35299964932236	2.29648773740988e+33
29.38521408119492	2.529506082625829e+33
29.41742851306749	2.786167836869621e+33
29.44964294494005	3.068871125831524e+33
29.48185737681262	3.380262186063487e+33
29.51407180868518	3.723248033627003e+33
29.54628624055774	4.101035420436626e+33
29.57850067243031	4.517155491660891e+33
29.61071510430287	4.97549875350206e+33
29.64292953617544	5.480348495527613e+33
29.675143968048	6.036423804291329e+33
29.70735839992057	6.648922160377577e+33
29.73957283179313	7.323571226715829e+33
29.77178726366569	8.06667342897716e+33
29.80400169553826	8.885176146725694e+33
29.83621612741082	9.786729659246349e+33
29.86843055928339	1.077976304502713e+34
29.90064499115595	1.187355573663693e+34
29.93285942302851	1.307833252201452e+34
29.96507385490108	1.440535437241363e+34
29.99728828677364	1.586702836442786e+34
30.02950271864621	1.747701303079617e+34
30.06171715051877	1.925035093124591e+34
30.09393158239133	2.120363104585688e+34
30.1261460142639	2.335510387743945e+34
30.15836044613646	2.572487977446166e+34
30.19057487800903	2.833510275867997e+34
30.22278930988159	3.121017435562847e+34
30.25500374175416	3.4376924245329e+34
30.28721817362672	3.786535450148176e+34
30.31943260549928	4.170728191553041e+34
30.35164703737185	4.593916905707696e+34
30.38386146924441	5.06003872950284e+34
30.41607590111698	5.573484968510678e+34
30.44829033298954	6.139003371811994e+34
30.4805047648621	6.761908607974181e+34
30.51271919673467	7.448008176193978e+34
30.54493362860723	8.203766705319794e+34
30.5771480604798	9.036170841727047e+34
30.60936249235236	9.953042945291533e+34
30.64157692422492	1.096293483351979e+35
30.67379135609749	1.207534461678826e+35
30.70600578797005	1.330058601443357e+35
30.73822021984262	1.465015686277729e+35
30.77043465171518	1.613665477070478e+35
30.80264908358775	1.777401598221761e+35
30.83486351546031	1.95774877731795e+35
30.86707794733287	2.156395656957572e+35
30.89929237920544	2.375197394592719e+35
30.931506811078	2.616204740287155e+35
30.96372124295057	2.881662070098609e+35
30.99593567482313	3.174055121766791e+35
31.02815010669569	3.496116262230321e+35
31.06036453856826	3.85085923921971e+35
31.09257897044082	4.241592094279356e+35
31.12479340231339	4.671971220292571e+35
31.15700783418595	5.146016929444378e+35
31.18922226605851	5.668154146201437e+35
31.22143669793108	6.242383614926769e+35
31.25365112980364	6.876846777246159e+35
31.28586556167621	7.574593653755436e+35
31.31807999354877	8.343149945366436e+35
31.35029442542134	9.189266244837979e+35
31.3825088572939	1.012219630747718e+36
31.41472328916646	1.11492402592127e+36
31.44693772103903	1.228050136679078e+36
31.47915215291159	1.352620479904004e+36
31.51136658478416	1.489912995681637e+36
31.54358101665672	1.64108638633452e+36
31.57579544852928	1.807598363735425e+36
31.60800988040185	1.990993439640062e+36
31.64022431227441	2.193040217322411e+36
31.67243874414698	2.415557300236528e+36
31.70465317601954	2.660653878901593e+36
31.7368676078921	2.930616125119185e+36
31.76908203976467	3.227987545485367e+36
31.80129647163723	3.555517840047201e+36
31.8335109035098	3.91628259323717e+36
31.86572533538236	4.313649655314567e+36
31.89793976725493	4.751356772870443e+36
31.93015419912749	5.233455953074495e+36
31.96236863100005	5.764475546888512e+36
31.99458306287262	6.349375439180468e+36
32.02679749474518	6.993640950655071e+36
32.05901192661774	7.703254298749842e+36
32.0912263584903	8.484876401551057e+36
32.12344079036286	9.345806617583641e+36
32.15565522223542	1.029411289918931e+37
32.18786965410798	1.133860913134738e+37
32.22008408598055	1.24890990692943e+37
0
1000	1.0219978922	100000000000000.1
5	0	0	1
5	0	0	0
0.03786664528905326	-13.07038634796164
0.07008107716161713	-12.73294273397742
0.102295509034181	-12.40732415058599
0.1345099409067449	-12.09307488051282
0.1667243727793087	-11.78975627532571
0.1989388046518726	-11.49694628751767
0.2311532365244365	-11.21423899289153
0.2633676683970003	-10.94124410668294
0.2955821002695642	-10.6775864964394
0.3277965321421281	-10.42290569429403
0.360010964014692	-10.17685541092753
0.3922253958872559	-9.939103053201194
0.4244398277598198	-9.709329247162747
0.4566542596323837	-9.487227367874649
0.4888686915049476	-9.27250307728808
0.5210831233775115	-9.064873871182986
0.5532975552500754	-8.864068636014327
0.5855119871226393	-8.669827216343563
0.6177264189952032	-8.481899993391936
0.6499408508677671	-8.300047475126098
0.682155282740331	-8.124039898175585
0.7143697146128949	-7.953656841784148
0.7465841464854588	-7.78868685391179
0.7787985783580227	-7.628927089530096
0.8110130102305866	-7.474182961089527
0.8432274421031505	-7.324267801081684
0.8754418739757144	-7.179002536572693
0.9076563058482783	-7.038215375543501
0.9398707377208422	-6.901741504839134
0.9720851695934061	-6.769422799501085
1.00429960146597	-6.641080371653177
1.036514033338534	-6.516626442127031
1.068728465211098	-6.395892556005475
1.100942897083662	-6.27874420192126
1.133157328956226	-6.16505222360288
1.165371760828789	-6.054692605704176
1.197586192701353	-5.947546266761069
1.229800624573917	-5.843498859258569
1.262015056446481	-5.742440576756461
1.294229488319045	-5.644265967992702
1.326443920191609	-5.548854836030816
1.358658352064173	-5.456150200216087
1.390872783936737	-5.36603853801419
1.423087215809301	-5.278429774747353
1.455301647681865	-5.193237336731381
1.487516079554428	-5.110378014153912
1.519730511426992	-5.02977182820325
1.551944943299556	-4.951341902501932
1.58415937517212	-4.875014338865713
1.616373807044684	-4.800718097380503
1.648588238917248	-4.728369477950256
1.680802670789812	-4.657935669474173
1.713017102662376	-4.589337091695416
1.74523153453494	-4.522512754013706
1.777445966407504	-4.457403972290055
1.809660398280067	-4.393954281367224
1.841874830152631	-4.332109349873261
1.874089262025195	-4.271816897439468
1.906303693897759	-4.213026614424728
1.938518125770323	-4.155690084205402
1.970732557642887	-4.099745058997121
2.002946989515451	-4.045180212973652
2.035161421388014	-3.991935447042504
2.067375853260578	-3.939968899369805
2.099590285133142	-3.889240249366011
2.131804717005705	-3.839710662153237
2.164019148878269	-3.791342733700473
2.196233580750833	-3.744100436932126
2.228448012623396	-3.697949069038641
2.26066244449596	-3.652855200156751
2.292876876368524	-3.608747579085061
2.325091308241087	-3.565681613451297
2.357305740113651	-3.523580681231145
2.389520171986215	-3.482415316149069
2.421734603858778	-3.442157248948363
2.453949035731342	-3.402779321064753
2.486163467603906	-3.364255415981524
2.518377899476469	-3.326560401455781
2.550592331349033	-3.28967007895729
2.582806763221597	-3.253561138239153
2.61502119509416	-3.218205631894659
2.647235626966724	-3.183593565373423
2.679450058839288	-3.149698245011919
2.711664490711851	-3.11649945038187
2.743878922584415	-3.083977662281918
2.776093354456979	-3.052114032482719
2.808307786329542	-3.02089035466825
2.840522218202106	-2.990289036443664
2.87273665007467	-2.9602930722674
2.904951081947234	-2.930886017145888
2.937165513819797	-2.9020616801616
2.969379945692361	-2.873784671716294
3.001594377564925	-2.846049428311607
3.033808809437488	-2.818841472379288
3.066023241310052	-2.792146798039341
3.098237673182616	-2.765951852214914
3.130452105055179	-2.740243516579242
3.162666536927743	-2.715009090290244
3.194880968800307	-2.6902362734708
3.22709540067287	-2.665913151394871
3.259309832545434	-2.64203080952742
3.291524264417998	-2.618572560966042
3.323738696290561	-2.595530204652665
3.355953128163125	-2.572893244086118
3.388167560035689	-2.550651509039716
3.420381991908252	-2.528795143304799
3.452596423780816	-2.507314592961975
3.48481085565338	-2.486200595154254
3.517025287525943	-2.465444167337598
3.549239719398507	-2.445036596985781
3.581454151271071	-2.424970600628311
3.613668583143634	-2.405235524846408
3.645883015016198	-2.38582459748259
3.678097446888762	-2.366730103840112
3.710311878761325	-2.347944558236146
3.742526310633889	-2.329460695825959
3.774740742506453	-2.311271464765046
3.806955174379016	-2.293370018693407
3.83916960625158	-2.275749709526918
3.871384038124144	-2.258404080541599
3.903598469996707	-2.241327465657794
3.935812901869271	-2.224512498483227
3.968027333741835	-2.207953875913731
4.000241765614398	-2.191645849762131
4.032456197486963	-2.175582834728335
4.064670629359527	-2.159759402844765
4.096885061232091	-2.144170278142032
4.129099493104655	-2.128810331524946
4.161313924977219	-2.113674575849423
4.193528356849783	-2.098758161191357
4.225742788722347	-2.084056709584718
4.257957220594911	-2.069564918891059
4.290171652467476	-2.055278671186635
4.32238608434004	-2.041193625624635
4.354600516212604	-2.027305558696275
4.386814948085168	-2.013610360400454
4.419029379957732	-2.000104030559247
4.451243811830296	-1.986782675272911
4.48345824370286	-1.973642503508382
4.515672675575424	-1.960679823815543
4.547887107447989	-1.947891239410097
4.580101539320553	-1.935272831773061
4.612315971193117	-1.922821392625178
4.644530403065681	-1.910533600729888
4.676744834938245	-1.898406220427857
4.708959266810809	-1.886436098960556
4.741173698683373	-1.874620163891781
4.773388130555937	-1.862955420623005
4.805602562428501	-1.851438949998665
4.837816994301066	-1.84006790599768
4.87003142617363	-1.828839631798227
4.902245858046194	-1.817751172265953
4.934460289918758	-1.806800008886749
4.966674721791322	-1.795983568108203
4.998889153663886	-1.785299339546808
5.03110358553645	-1.774744874095009
5.063318017409014	-1.764317782094836
5.095532449281579	-1.754015731575436
5.127746881154143	-1.743836446551955
5.159961313026707	-1.73377770538332
5.192175744899271	-1.723837410073667
5.224390176771835	-1.714013293872573
5.256604608644399	-1.704303361479063
5.288819040516963	-1.694705594151525
5.321033472389527	-1.685218020326941
5.353247904262092	-1.675838714266677
5.385462336134656	-1.666565794748063
5.41767676800722	-1.657397423799979
5.449891199879784	-1.64833180548076
5.482105631752348	-1.639367184696783
5.514320063624912	-1.630495200665996
5.546534495497476	-1.621727884672103
5.57874892737004	-1.61305715007676
5.610963359242604	-1.604481393102693
5.643177791115169	-1.59599901709566
5.675392222987733	-1.587608426313365
5.707606654860297	-1.579308017932329
5.739821086732861	-1.571096171552257
5.772035518605425	-1.562971235128425
5.804249950477989	-1.554931505710845
5.836464382350553	-1.536703963112521
5.868678814223117	-1.527980025783817
5.900893246095682	-1.520479595668406
5.933107677968246	-1.514856193023797
5.96532210984081	-1.512063918092816
5.997536541713374	-1.513521156633916
6.029750973585938	-1.521385519158227
6.061965405458502	-1.539035346463589
6.094179837331066	-1.571956181843685
6.12639426920363	-1.629473944386647
6.158608701076195	-3.087566271346156
6.190823132948759	-3.553033873949904
6.223037564821323	-4.086471265426844
6.255251996693887	-4.692870956006223
6.287466428566451	-5.376916632379002
6.319680860439015	-6.142880211451115
6.351895292311579	-6.994535122872446
6.384109724184143	-7.935087665301181
6.416324156056707	-8.967127292039644
6.448538587929272	-10.09259573236647
6.480753019801836	-10.43122339399398
6.5129674516744	-11.46985224114045
6.545181883546964	-12.46710691861402
6.577396315419528	-12.80838979060624
6.609610747292092	-19.08022576195341
6.641825179164656	-18.29110948288587
6.67403961103722	-19.61934044543617
6.706254042909785	-21.27515942688336
6.738468474782349	-23.12113491617983
6.770682906654913	-25.12684720131248
6.802897338527477	-27.93259851277715
6.835111770400041	-30.1186681812954
6.867326202272605	-32.44224270523013
6.899540634145169	-34.91308522120617
6.931755066017733	-37.54153799727926
6.963969497890298	-40.33856967875199
6.996183929762862	-43.31582443020002
7.028398361635426	-46.48567330679101
7.06061279350799	-49.86126817597992
7.092827225380554	-53.45659850359554
7.125041657253118	-57.28725747825633
7.157256089125682	-61.36762558410958
7.189470520998246	-65.715278566807
7.22168495287081	-70.34819581624751
7.253899384743375	-75.2855353419581
7.286113816615939	-80.54771480186722
7.318328248488503	-86.15649778208851
7.350542680361067	-92.13508571749433
7.382757112233631	-98.50821586499576
7.414971544106195	-105.3022657658989
7.447185975978759	-112.5420833758056
7.479400407851323	-120.2644613736206
7.511614839723888	-128.4981833741679
7.543829271596452	-137.2773697618664
7.576043703469016	-146.6384023141928
7.60825813534158	-156.6200762694118
7.640472567214144	-167.2637624953834
7.672686999086708	-178.6135804543368
7.704901430959272	-190.7165827036357
7.737115862831836	-203.6229517211027
7.769330294704401	-217.3833004646305
7.801544726576965	-232.0607272899136
7.833759158449529	-247.7132873865019
7.865973590322093	-264.405922674098
7.898188022194657	-282.2078908941192
7.930402454067221	-301.1930539494238
7.962616885939785	-321.4401854539088
7.994831317812349	-343.0332987862046
8.027045749684913	-366.0619970276271
8.059260181557477	-390.6218462564623
8.091474613430041	-416.812288310622
8.123689045302605	-444.7471663709491
8.155903477175169	-474.5400201283222
8.188117909047733	-506.3145217432252
8.220332340920297	-540.202569267712
8.252546772792861	-576.3448349618205
8.284761204665426	-614.8913501377511
8.31697563653799	-656.0021289752901
8.349190068410554	-699.8478339147572
8.381404500283118	-746.6104854075655
8.413618932155682	-796.482023317781
8.445833364028246	-849.6740338430916
8.47804779590081	-906.4052327347143
8.510262227773374	-966.9111633780363
8.542476659645938	-1031.443040913655
8.574691091518503	-1100.268795937487
8.606905523391067	-1173.674187703957
8.639119955263631	-1251.963991468478
8.671334387136195	-1335.463264914489
8.703548819008759	-1424.51869893974
8.735763250881323	-1519.498053432501
8.767977682753887	-1620.799836389205
8.800192114626451	-1728.842734802207
8.832406546499016	-1844.07537145636
8.86462097837158	-1966.976221770101
8.896835410244144	-2098.055601145691
8.929049842116708	-2237.857784626025
8.961264273989272	-2386.963267672832
8.993478705861836	-2545.991177468241
9.0256931377344	-2715.601844767808
9.057907569606964	-2896.49766901913
9.090122001479529	-3089.433669033675
9.122336433352093	-3295.209174180199
9.154550865224657	-3514.678648250438
9.186765297097221	-3748.753416581558
9.218979728969785	-3998.405450788579
9.251194160842349	-4264.67140542054
9.283408592714913	-4548.656923315399
9.315623024587477	-4851.541227545088
9.347837456460041	-5174.582019033826
9.380051888332606	-5519.118908403077
9.41226632020517	-5886.586261222879
9.444480752077734	-6278.508239186584
9.476695183950298	-6696.51228559295
9.508909615822862	-7142.334147044964
9.541124047695426	-7617.825081580965
9.57333847956799	-8124.959546557202
9.605552911440554	-8665.843398217694
9.637767343313119	-9242.722637013858
9.669981775185683	-9857.992735003038
9.702196207058247	-10514.20685171395
9.734410638930811	-11214.09347631049
9.766625070803375	-11960.55720738311
9.798839502675939	-12756.69773061361
9.831053934548503	-13605.82101241704
9.863268366421067	-14511.4530284181
9.895482798293632	-15477.35440560684
9.927697230166196	-16507.53603898708
9.95991166203876	-17606.27574757869
9.992126093911324	-18778.13603895309
10.02434052578389	-20027.9813652501
10.05655495765645	-21361.00519370576
10.08876938952902	-22782.741277084
10.12098382140158	-24299.09338124411
10.15319825327414	-25916.35816357738
10.18541268514671	-27641.25132036089
10.21762711701927	-29480.93547426349
10.24984154889184	-31443.04991781896
10.2820559807644	-33535.74233638979
10.31427041263697	-35767.70264236483
10.34648484450953	-38148.19739956536
10.37869927638209	-40687.11505416849
10.41091370825466	-43394.99688082714
10.44312814012722	-46283.0873857615
10.47534257199979	-49363.37939148209
10.50755700387235	-52648.66383754456
10.53977143574491	-56152.5828955853
10.57198586761748	-59889.68661920675
10.60420029949004	-63875.49336396985
10.63641473136261	-68126.55422839662
10.66862916323517	-72660.52014287349
10.70084359510773	-77496.22183191183
10.7330580269803	-82653.73802090497
10.76527245885286	-88154.4853595836
10.79748689072543	-94021.30576716337
10.82970132259799	-100278.561284128
10.86191575447056	-106952.2352364238
10.89413018634312	-114070.040132165
10.92634461821568	-121661.5327389023
10.95855905008825	-129758.2368193307
10.99077348196081	-138393.7724092641
11.02298791383338	-147604.0020312124
11.05520234570594	-157427.1697171478
11.0874167775785	-167904.0663036314
11.11963120945107	-179078.1972431592
11.15184564132363	-190995.9632615698
11.1840600731962	-203706.8530381964
11.21627450506876	-217263.648708892
11.24848893694132	-231722.6450452887
11.28070336881389	-247143.8832204558
11.31291780068645	-263591.3985164957
11.34513223255902	-281133.4927943989
11.37734666443158	-299843.0082870563
11.40956109630415	-319797.6365208655
11.44177552817671	-341080.2393682151
11.47398996004927	-363779.1931329936
11.50620439192184	-387988.7555349415
11.5384188237944	-413809.4571167672
11.57063325566697	-441348.5186993724
11.60284768753953	-470720.2966186506
11.63506211941209	-502046.7559852809
11.66727655128466	-535457.9836777584
11.69949098315722	-571092.7187456484
11.73170541502979	-609098.9349377282
11.76391984690235	-649634.4536099618
11.79613427877491	-692867.5990813567
11.82834871064748	-738977.8976036247
11.86056314252004	-788156.8228471101
11.89277757439261	-840608.590998692
11.92499200626517	-896551.0087732541
11.95720643813774	-956216.3762582109
11.9894208700103	-1019852.458051624
12.02163530188286	-1087723.502357787
12.05384973375543	-1160111.344671691
12.08606416562799	-1237316.576555263
12.11827859750056	-1319659.7938486
12.15049302937312	-1407482.927949347
12.18270746124568	-1501150.665688376
12.21492189311825	-1601051.963697864
12.24713632499081	-1707601.66356016
12.27935075686338	-1821242.212846441
12.31156518873594	-1942445.50887922
12.3437796206085	-2071714.848566575
12.37599405248107	-2209587.024723927
12.40820848435363	-2356634.553568142
12.4404229162262	-2513468.052099889
12.47263734809876	-2680738.773700126
12.50485177997133	-2859141.312469838
12.53706621184389	-3049416.48754288
12.56928064371645	-3252354.419349049
12.60149507558902	-3468797.809006675
12.63370950746158	-3699645.4441314
12.66592393933415	-3945855.921357346
12.69813837120671	-4208451.633285302
12.73035280307927	-4488523.012440089
12.76256723495184	-4787233.059307934
12.7947816668244	-5105822.171713503
12.82699609869697	-5445613.2955905
12.85921053056953	-5808017.418534725
12.89142496244209	-6194539.428951548
12.92363939431466	-6606784.363534586
12.95585382618722	-7046464.078677185
12.98806825805979	-7515404.349284124
13.02028268993235	-8015552.456683351
13.05249712180492	-8548985.273198918
13.08471155367748	-9117917.886394147
13.11692598555004	-9724712.797255591
13.14914041742261	-10371889.73051345
13.18135484929517	-11062136.09783626
13.21356928116774	-11798318.15734769
13.2457837130403	-12583492.91421507
13.27799814491286	-13420920.82137331
13.31021257678543	-14314079.30891808
13.34242700865799	-15266677.23053242
13.37464144053056	-16282670.26301607
13.40685587240312	-17366277.33229263
13.43907030427568	-18521998.13256048
13.47128473614825	-19754631.81134003
13.50349916802081	-21069296.89800477
13.53571359989338	-22471452.55854985
13.56792803176594	-23966921.26326909
13.60014246363851	-25561912.97111114
13.63235689551107	-27263050.90694258
13.66457132738363	-29077399.07093136
13.6967857592562	-31012491.57037262
13.72900019112876	-33076363.90517804
13.76121462300133	-35277586.3354095
13.79342905487389	-37625299.46940843
13.82564348674645	-40129252.22030719
13.85785791861902	-42799842.28853323
13.89007235049158	-45648159.336824
13.92228678236415	-48686031.04667664
13.95450121423671	-51926072.22328466
13.98671564610927	-55381737.18504777
14.01893007798184	-59067375.63128681
14.0511445098544	-62998292.22958022
14.08335894172697	-67190810.16862045
14.11557337359953	-71662338.94049512
14.1477878054721	-76431446.63385792
14.18000223734466	-81517937.03819041
14.21221666921722	-86942931.87774958
14.24443110108979	-92728958.52624403
14.27664553296235	-98900043.5424875
14.30885996483492	-105481812.4473244
14.34107439670748	-112501596.1324546
14.37328882858004	-119988544.3523612
14.40550326045261	-127973746.7690939
14.43771769232517	-136490362.0525449
14.46993212419774	-145573755.5723155
14.5021465560703	-155261646.2529257
14.53436098794286	-165594263.2005774
14.56657541981543	-176614512.7617234
14.59878985168799	-188368156.6823837
14.63100428356056	-200904002.1409619
14.66321871543312	-214274104.4191966
14.69543314730569	-228533983.0624753
14.72764757917825	-243742852.4255658
14.75986201105081	-259963867.5610819
14.79207644292338	-277264386.4717794
14.82429087479594	-295716249.815634
14.85650530666851	-315396079.2237349
14.88871973854107	-336385595.478818
14.92093417041363	-358771957.8528917
14.9531486022862	-382648126.0433608
14.98536303415876	-408113246.1880908
15.01757746603133	-435273062.5711864
15.04979189790389	-464240356.7276916
15.08200632977645	-495135415.7705548
15.11422076164902	-528086531.8846264
15.14643519352158	-563230535.0618457
15.17864962539415	-600713361.2879946
15.21086405726671	-640690658.5512563
15.24307848913928	-683328433.1619177
15.27529292101184	-728803739.1031194
15.3075073528844	-777305413.2483717
15.33972178475697	-829034859.5094466
15.37193621662953	-884206885.1690729
15.4041506485021	-943050592.8713135
15.43636508037466	-1005810331.973643
15.46857951224722	-1072746713.21127
15.50079394411979	-1144137690.885803
15.53300837599235	-1220279717.079341
15.56522280786492	-1301488972.668984
15.59743723973748	-1388102680.277167
15.62965167161004	-1480480504.59245
15.66186610348261	-1579006045.882369
15.69408053535517	-1684088432.899208
15.72629496722774	-1796164021.793051
15.7585093991003	-1915698208.087185
15.79072383097287	-2043187359.239735
15.82293826284543	-2179160875.81479
15.85515269471799	-2324183389.834386
15.88736712659056	-2478857109.408602
15.91958155846312	-2643824319.421877
15.95179599033569	-2819770048.628334
15.98401042220825	-3007424914.243761
16.01622485408081	-3207568155.844235
16.04843928595338	-3421030871.169921
16.08065371782594	-3648699467.270532
16.11286814969851	-3891519341.323705
16.14508258157107	-4150498806.407454
16.17729701344363	-4426713278.547335
16.2095114453162	-4721309742.378815
16.24172587718876	-5035511514.0299
16.27394030906133	-5370623320.956155
16.30615474093389	-5728036719.84072
16.33836917280646	-6109235875.053761
16.37058360467902	-6515803721.66668
16.40279803655158	-6949428538.613209
16.43501246842415	-7411910959.292533
16.46722690029671	-7905171448.729959
16.49944133216928	-8431258278.318317
16.53165576404184	-8992356031.32164
16.5638701959144	-9590794674.371693
16.59608462778697	-10229059232.69281
16.62829905965953	-10909800109.2051
16.6605134915321	-11635844090.36199
16.69272792340466	-12410206084.42185
16.72494235527722	-13236101640.89891
16.75715678714979	-14116960303.17985
16.78937121902235	-15056439849.73844
16.82158565089492	-16058441483.17124
16.85380008276748	-17127126029.91361
16.88601451464005	-18266931218.18787
16.91822894651261	-19482590105.72139
16.95044337838517	-20779150733.83769
16.98265781025774	-22161997089.5225
17.0148722421303	-23636871462.50787
17.04708667400287	-25209898290.2149
17.07930110587543	-26887609589.56956
17.11151553774799	-28676972081.30487
17.14372996962056	-30585416119.34452
17.17594440149312	-32620866545.49575
17.20815883336569	-34791775597.44523
17.24037326523825	-37107158006.80609
17.27258769711081	-39576628432.9224
17.30480212898338	-42210441387.88313
17.33701656085594	-45019533818.53452
17.36923099272851	-48015570522.31013
17.40144542460107	-51210992585.47427
17.43365985647364	-54619069044.89504
17.4658742883462	-58253951987.99416
17.49808872021876	-62130735319.3764
17.53030315209133	-66265517438.56865
17.56251758396389	-70675468088.84042
17.59473201583646	-75378899654.81444
17.62694644770902	-80395343204.91125
17.65916087958158	-85745629594.39642
17.69137531145415	-91451975965.81302
17.72358974332671	-97538078005.98991
17.75580417519928	-104029208342.7673
17.78801860707184	-110952321489.8035
17.82023303894441	-118336165775.8047
17.85244747081697	-126211402722.2433
17.88466190268953	-134610734365.8048
17.9168763345621	-143569039054.0765
17.94909076643466	-153123516278.3962
17.98130519830723	-163313841145.2812
18.01351963017979	-174182329127.8927
18.04573406205235	-185774111781.6573
18.07794849392492	-198137324153.8733
18.11016292579748	-211323304664.6058
18.14237735767005	-225386808291.0488
18.17459178954261	-240386233937.8677
18.20680622141517	-256383866939.6343
18.23902065328774	-273446137701.6118
18.2712350851603	-291643897553.0629
18.30344951703287	-311052712958.8486
18.33566394890543	-331753179315.661
18.367878380778	-353831255567.2662
18.40009281265056	-377378621329.4469
18.43230724452312	-402493057325.2625
18.46452167639569	-429278851632.674
18.49673610826825	-457847232654.6002
18.52895054014082	-488316831011.3821
18.56116497201338	-520814172156.1713
18.59337940388594	-555474201773.7356
18.62559383575851	-592440846144.3745
18.65780826763107	-631867609799.922
18.69002269950364	-673918212953.5505
18.7222371313762	-718767271351.4778
18.75445156324876	-766601021362.9792
18.78666599512133	-817618093336.0731
18.81888042699389	-872030336408.8291
18.85109485886646	-930063698217.0153
18.88330929073902	-991959163144.9252
18.91552372261159	-1057973753016.598
18.94773815448415	-1128381594382.642
18.97995258635671	-1203475056834.776
19.01216701822928	-1283565967074.802
19.04438145010184	-1368986903791.945
19.07659588197441	-1460092578657.077
19.10881031384697	-1557261309327.018
19.14102474571953	-1660896590378.672
19.1732391775921	-1771428768834.576
19.20545360946466	-1889316831186.012
19.23766804133723	-2015050309344.181
19.26988247320979	-2149151313447.038
19.30209690508235	-2292176700527.229
19.33431133695492	-2444720383029.073
19.36652576882748	-2607415804075.016
19.39874020070005	-2780938557151.036
19.43095463257261	-2966009198286.649
19.46316906444518	-3163396236027.002
19.49538349631774	-3373919322933.764
19.5275979281903	-3598452659203.838
19.55981236006287	-3837928622796.746
19.59202679193543	-4093341641142.478
19.624241223808	-4365752320493.341
19.65645565568056	-4656291849909.602
19.68867008755312	-4966166700866.435
19.72088451942569	-5296663630730.55
19.75309895129825	-5649155033845.795
19.78531338317082	-6025104635920.981
19.81752781504338	-6426073573180.054
19.84974224691594	-6853726875002.749
19.88195667878851	-7309840377983.318
19.91417111066107	-7796308100117.966
19.94638554253364	-8315150105741.969
19.9785999744062	-8868520893876.83
20.01081440627877	-9458718344863.371
20.04302883815133	-10088193262161.02
20.07524327002389	-10759559549620.15
20.10745770189646	-11475605065574.8
20.13967213376902	-12239303199509.05
20.17188656564159	-13053825219100.93
20.20410099751415	-13922553438957.45
20.23631542938671	-14849095265726.08
20.26852986125928	-15837298177903.16
20.30074429313184	-16891265702545.09
20.33295872500441	-18015374455101.09
20.36517315687697	-19214292313872.7
20.39738758874953	-20492997802701.46
20.4296020206221	-21856800764848.62
20.46181645249466	-23311364412079
20.49403088436723	-24862728841231.71
20.52624531623979	-26517336115809.6
20.55845974811236	-28282057016743.05
20.59067417998492	-30164219573408.44
20.62288861185748	-32171639493376.83
20.65510304373005	-34312652617325.89
20.68731747560261	-36596149533454.78
20.71953190747518	-39031612496203.04
20.75174633934774	-41629154801178.59
20.7839607712203	-44399562780831.9
20.81617520309287	-47354340594859.16
20.84838963496543	-50505758001394.17
20.880604066838	-53866901307358.51
20.91281849871056	-57451727709545.55
20.94503293058312	-61275123252081.93
20.97724736245569	-65352964640494.98
21.00946179432825	-69702185171686.08
21.04167622620082	-74340845047296.11
21.07389065807338	-79288206370477.22
21.10610508994595	-84564813131758.38
21.13831952181851	-90192576518398.39
21.17053395369107	-96194865901317.28
21.20274838556364	-102596605878571.5
21.2349628174362	-109424379791142.5
21.26717724930877	-116706539715758.2
21.29939168118133	-124473325775581.9
21.33160611305389	-132756988909466.5
21.36382054492646	-141591927382181.7
21.39603497679902	-151014828404664.8
21.42824940867159	-161064820710625
21.46046384054415	-171783637038722.8
21.49267827241671	-183215787426831.8
21.52489270428928	-195408744033072
21.55710713616184	-208413138172905.3
21.58932156803441	-222282971671787.1
21.62153599990697	-237075837544839.9
21.65375043177954	-252853164648102.8
21.6859648636521	-269680468220296.4
21.71817929552466	-287627623886205.4
21.75039372739723	-306769157472961.6
21.78260815926979	-327184554479729
21.81482259114236	-348958590142572.4
21.84703702301492	-372181681465259.3
21.87925145488748	-396950262678100.2
21.91146588676005	-423367185685232
21.94368031863261	-451542146915401.6
21.97589475050518	-481592143663659.9
22.00810918237774	-513641958831244.9
22.0403236142503	-547824679742252.9
22.07253804612287	-584282250641609.8
22.10475247799543	-623166062119235.4
22.136966909868	-664637579758472
22.16918134174056	-708869014615205.4
22.20139577361313	-756044038295275
22.23361020548569	-806358545486614.2
22.26582463735825	-860021470488335.1
22.29803906923082	-917255645892473.2
22.33025350110338	-978298738829720.9
22.36246793297595	-1043404231657883
22.39468236484851	-1112842475930995
22.42689679672107	-1186901815076100
22.45911122859364	-1265889781909267
22.4913256604662	-1350134377092589
22.52354009233877	-1439985391517006
22.55575452421133	-1535816016185728
22.58796895608389	-1638024121432042
22.62018338795646	-1747034144881783
22.65239781982902	-1863298752853652
22.68461225170159	-1987300736052118
22.71682668357415	-2119555014604851
22.74904111544672	-2260610776375186
22.78125554731928	-2411053757498736
22.81346997919184	-2571508674669944
22.84568441106441	-2742641819291092
22.87789884293697	-2925163824258616
22.91011327480954	-3119832614229817
22.9423277066821	-3327456555563532
22.97454213855466	-3548897809075076
23.00675657042723	-3785075912817332
23.03897100229979	-4036971599827856
23.07118543417236	-4305630870636306
23.10339986604492	-4592169336796391
23.13561429791748	-4897776853478398
23.16782872979005	-5223722460358538
23.20004316166261	-5571359651323738
23.23225759353518	-5942131986555676
23.26447202540774	-6337579117172406
23.29668645728031	-6759343136304288
23.32890088915287	-7209175419441992
23.36111532102543	-7688943976491041
23.393329752898	-8200640895333941
23.42554418477056	-8746391123341254
23.45775861664313	-9328460870578166
23.48997304851569	-9949267188433756
23.52218748038825	-1.061138798376331e+16
23.55440191226082	-1.131757273353275e+16
23.58661634413338	-1.207075385674432e+16
23.61883077600595	-1.287405896087178e+16
23.65104520787851	-1.373082378207258e+16
23.68325963975107	-1.464460604877977e+16
23.71547407162364	-1.561920025522696e+16
23.7476885034962	-1.665865341814796e+16
23.77990293536877	-1.776728188208157e+16
23.81211736724133	-1.89496892430667e+16
23.8443317991139	-2.021078546515335e+16
23.87654623098646	-2.155580730180578e+16
23.90876066285902	-2.299033991571462e+16
23.94097509473159	-2.452034024962005e+16
23.97318952660415	-2.615216164972823e+16
24.00540395847672	-2.789258027245028e+16
24.03761839034928	-2.974882321554123e+16
24.06983282222184	-3.172859849138514e+16
24.10204725409441	-3.384012639749724e+16
24.13426168596697	-3.609217912812721e+16
24.16647611783954	-3.849410245781866e+16
24.1986905497121	-4.105587321213622e+16
24.23090498158466	-4.37881295208498e+16
24.26311941345723	-4.670221668554387e+16
24.29533384532979	-4.981023549542703e+16
24.32754827720236	-5.312509204349289e+16
24.35976270907492	-5.666055131922641e+16
24.39197714094749	-6.043129436788626e+16
24.42419157282005	-6.445297925371406e+16
24.45640600469261	-6.874230608023314e+16
24.48862043656518	-7.331708633761109e+16
24.52083486843774	-7.819631677604066e+16
24.55304930031031	-8.340025864324072e+16
24.58526373218287	-8.895052130443731e+16
24.61747816405543	-9.487015230531075e+16
24.649692595928	-1.011837329985849e+17
24.68190702780056	-1.079174806182845e+17
24.71412145967313	-1.150993571469158e+17
24.74633589154569	-1.227591854275633e+17
24.77855032341825	-1.309287730029014e+17
24.81076475529082	-1.396420441950215e+17
24.84297918716338	-1.489351809531196e+17
24.87519361903595	-1.588467731673608e+17
24.90740805090851	-1.694179787965316e+17
24.93962248278108	-1.806926947902374e+17
24.97183691465364	-1.927177391634128e+17
25.0040513465262	-2.055430440583612e+17
25.03626577839877	-2.192209188999347e+17
25.06848021027133	-2.338110417028728e+17
25.1006946421439	-2.493710927957016e+17
25.13290907401646	-2.659666637723634e+17
25.16512350588902	-2.83666669984907e+17
25.19733793776159	-3.025446004313892e+17
25.22955236963415	-3.226788527486143e+17
25.26176680150672	-3.441530341356794e+17
25.29398123337928	-3.670563162358059e+17
25.32619566525184	-3.914838051690428e+17
25.35841009712441	-4.175369363920648e+17
25.39062452899697	-4.453238958857844e+17
25.42283896086954	-4.749600693890064e+17
25.4550533927421	-5.065685215346341e+17
25.48726782461467	-5.402805120806196e+17
25.51948225648723	-5.762360205643977e+17
25.55169668835979	-6.145843571498354e+17
25.58391112023236	-6.554847635452545e+17
25.61612555210492	-6.991070783162492e+17
25.64833998397749	-7.456324381833239e+17
25.68055441585005	-7.952541576300279e+17
25.71276884772261	-8.481780112560207e+17
25.74498327959518	-9.046239997861697e+17
25.77719771146774	-9.648264558900684e+17
25.80941214334031	-1.02903535469685e+18
25.84162657521287	-1.097517353771507e+18
25.87384100708543	-1.17055680972787e+18
25.906055438958	-1.248457019985959e+18
25.93826987083056	-1.331541466321556e+18
25.97048430270313	-1.420155158130024e+18
26.00269873457569	-1.514666065084268e+18
26.03491316644826	-1.615466645137022e+18
26.06712759832082	-1.722975474213474e+18
26.09934203019338	-1.837638984364944e+18
26.13155646206595	-1.959933301919871e+18
26.16377089393851	-2.090366279407566e+18
26.19598532581108	-2.22947952995171e+18
26.22819975768364	-2.3778507198859e+18
26.2604141895562	-2.536095952202416e+18
26.29262862142877	-2.704872288412101e+18
26.32484305330133	-2.884887899661936e+18
26.3570574851739	-3.076869137147965e+18
26.38927191704646	-3.281633757670522e+18
26.42148634891903	-3.500025474022842e+18
26.45370078079159	-3.732950718990322e+18
26.48591521266415	-3.981377317599245e+18
26.51812964453672	-4.246334144294153e+18
26.55034407640928	-4.528930230641277e+18
26.58255850828185	-4.830328886075962e+18
26.61477294015441	-5.151785751148678e+18
26.64698737202697	-5.494635527080015e+18
26.67920180389954	-5.860301876025927e+18
26.7114162357721	-6.250303224759326e+18
26.74363066764467	-6.666259056506677e+18
26.77584509951723	-7.109896653044372e+18
26.80805953138979	-7.583058180378111e+18
26.84027396326236	-8.087708473321098e+18
26.87248839513492	-8.625943100076445e+18
26.90470282700749	-9.199997088430479e+18
26.93691725888005	-9.812254206720393e+18
26.96913169075262	-1.046525686245841e+19
27.00134612262518	-1.116171665971478e+19
27.03356055449774	-1.190452565909579e+19
27.06577498637031	-1.269676838707141e+19
27.09798941824287	-1.354173462150674e+19
27.13020385011544	-1.444293314563292e+19
27.162418281988	-1.540410617944858e+19
27.19463271386056	-1.642924501003049e+19
27.22684714573313	-1.752260654344581e+19
27.25906157760569	-1.868873098158999e+19
27.29127600947826	-1.993246067540339e+19
27.32349044135082	-2.125896023274971e+19
27.35570487322338	-2.267373796444388e+19
27.38791930509595	-2.418266875747902e+19
27.42013373696851	-2.579201821748682e+19
27.45234816884108	-2.750846966446709e+19
27.48456260071364	-2.933915049738001e+19
27.51677703258621	-3.12916626667718e+19
27.54899146445877	-3.337411404265819e+19
27.58120589633133	-3.559515209462342e+19
27.6134203282039	-3.796399982895913e+19
27.64563476007646	-4.049049416539259e+19
27.67784919194903	-4.318512705528257e+19
27.71006362382159	-4.605909044496412e+19
27.74227805569415	-4.912429144979896e+19
27.77449248756672	-5.239349808626261e+19
27.80670691943928	-5.588026958516116e+19
27.83892135131185	-5.959908483421869e+19
27.87113578318441	-6.356538628935403e+19
27.90335021505697	-6.779564409970499e+19
27.93556464692954	-7.23074245002693e+19
27.9677790788021	-7.711946275611271e+19
27.99999351067467	-8.225174096105641e+19
28.03220794254723	-8.772557101387373e+19
28.0644223744198	-9.356368280060764e+19
28.09663680629236	-9.979031985745048e+19
28.12885123816492	-1.064313381422657e+20
28.16106567003749	-1.135143146409198e+20
28.19328010191005	-1.21068661581722e+20
28.22549453378262	-1.291257485700555e+20
28.25770896565518	-1.377190328508805e+20
28.28992339752774	-1.468841982399488e+20
28.32213782940031	-1.566593033005611e+20
28.35435226127287	-1.670849393809753e+20
28.38656669314544	-1.782043643274948e+20
28.418781125018	-1.900637968554549e+20
28.45099555689056	-2.027123965062899e+20
28.48320998876313	-2.162031557532143e+20
28.51542442063569	-2.305913017506829e+20
28.54763885250826	-2.459370640538098e+20
28.57985328438082	-2.623040952671135e+20
28.61206771625339	-2.797603520713996e+20
28.64428214812595	-2.983783197701577e+20
28.67649657999851	-3.182353089675496e+20
28.70871101187108	-3.394138669245233e+20
28.74092544374364	-3.620018030069673e+20
28.77313987561621	-3.860932604239978e+20
28.80535430748877	-4.117870096945822e+20
28.83756873936133	-4.391914285543333e+20
28.8697831712339	-4.684195219640547e+20
28.90199760310646	-4.995927194300397e+20
28.93421203497903	-5.328404769855921e+20
28.96642646685159	-5.683008589424702e+20
28.99864089872415	-6.061211159274024e+20
29.03085533059672	-6.464582487910344e+20
29.06306976246928	-6.894798591030491e+20
29.09528419434185	-7.353645460252367e+20
29.12749862621441	-7.843028466150377e+20
29.15971305808698	-8.364979781413478e+20
29.19192748995954	-8.921666819585654e+20
29.2241419218321	-9.515401235470275e+20
29.25635635370467	-1.014864852464239e+21
29.28857078557723	-1.082403826209521e+21
29.3207852174498	-1.154437502295256e+21
29.35299964932236	-1.2312647914554e+21
29.38521408119492	-1.313205065304231e+21
29.41742851306749	-1.400598431858062e+21
29.44964294494005	-1.493807790873477e+21
29.48185737681262	-1.593220192187074e+21
29.51407180868518	-1.699248442369613e+21
29.54628624055774	-1.812332817802935e+21
29.57850067243031	-1.932942890609659e+21
29.61071510430287	-2.061579473108053e+21
29.64292953617544	-2.19877668254584e+21
29.675143968048	-2.345106035190287e+21
29.70735839992057	-2.501172324475142e+21
29.73957283179313	-2.667624820256555e+21
29.77178726366569	-2.845154729461675e+21
29.80400169553826	-3.03449926129414e+21
29.83621612741082	-3.236444690270169e+21
29.86843055928339	-3.451829624512518e+21
29.90064499115595	-3.681548494673392e+21
29.93285942302851	-3.92655528271959e+21
29.96507385490108	-4.187867520563662e+21
29.99728828677364	-4.466565255776364e+21
30.02950271864621	-4.763813539575437e+21
30.06171715051877	-5.080843291023081e+21
30.09393158239133	-5.418970668916069e+21
30.1261460142639	-5.779598971901098e+21
30.15836044613646	-6.164223087247635e+21
30.19057487800903	-6.574422579909471e+21
30.22278930988159	-7.01212286950069e+21
30.25500374175416	-7.478676854379222e+21
30.28721817362672	-7.976367219897441e+21
30.31943260549928	-8.507167522886557e+21
30.35164703737185	-9.073320528259131e+21
30.38386146924441	-9.677150974747831e+21
30.41607590111698	-1.032116620761847e+22
30.44829033298954	-1.100804042189242e+22
30.4805047648621	-1.17406257646142e+22
30.51271919673467	-1.252196417582337e+22
30.54493362860723	-1.335530001737692e+22
30.5771480604798	-1.424409354203839e+22
30.60936249235236	-1.519203525873886e+22
30.64157692422492	-1.620305549014179e+22
30.67379135609749	-1.7281363640603e+22
30.70600578797005	-1.843143207132021e+22
30.73822021984262	-1.96580362463248e+22
30.77043465171518	-2.096626939642272e+22
30.80264908358775	-2.236156365216122e+22
30.83486351546031	-2.384971257575207e+22
30.86707794733287	-2.543689518005039e+22
30.89929237920544	-2.712970152431851e+22
30.931506811078	-2.89351599737863e+22
30.96372124295057	-3.086079533251262e+22
30.99593567482313	-3.291455293424353e+22
31.02815010669569	-3.510497683777493e+22
31.06036453856826	-3.744115142715848e+22
31.09257897044082	-3.993274407100421e+22
31.12479340231339	-4.258993857999811e+22
31.15700783418595	-4.540920447831629e+22
31.18922226605851	-4.844876961768773e+22
31.22143669793108	-5.167257817792773e+22
31.25365112980364	-5.511121377731414e+22
31.28586556167621	-5.877892306325642e+22
31.31807999354877	-6.269050028160206e+22
31.35029442542134	-6.686243808452787e+22
31.3825088572939	-7.131204002016658e+22
31.41472328916646	-7.605777444158624e+22
31.44693772103903	-8.111934372849208e+22
31.47915215291159	-8.65177636594738e+22
31.51136658478416	-9.227544971680783e+22
31.54358101665672	-9.841630973365916e+22
31.57579544852928	-1.049658429566777e+23
31.60800988040185	-1.119512458167781e+23
31.64022431227441	-1.194015247969435e+23
31.67243874414698	-1.273476168424618e+23
31.70465317601954	-1.358225178019588e+23
31.7368676078921	-1.448614194265569e+23
31.76908203976467	-1.545018554926387e+23
31.80129647163723	-1.64783857653056e+23
31.8335109035098	-1.757501216628227e+23
31.86572533538236	-1.874461846687964e+23
31.89793976725493	-1.999206142991086e+23
31.93015419912749	-2.132252103372531e+23
31.96236863100005	-2.274152198180281e+23
31.99458306287262	-2.4254956643847e+23
32.02679749474518	-2.586910952362302e+23
32.05901192661774	-2.759068335513764e+23
32.0912263584903	-2.942682693552487e+23
32.12344079036286	-3.138516481020275e+23
32.15565522223542	-3.347382893357098e+23
32.18786965410798	-3.570149243671248e+23
32.22008408598055	-3.807740564232376e+23
