0
1000	1.0219978922	100000000000000.1
5	0	0	1
5	0	0	0
0.03786664528905326	480.9059636107822
0.07008107716161713	1447.038406644935
0.102295509034181	2419.163371402168
0.1345099409067449	3397.563863742188
0.1667243727793087	4382.528435474976
0.1989388046518726	5374.351256052686
0.2311532365244365	6373.332196152988
0.2633676683970003	7379.776922794164
0.2955821002695642	8393.997005650399
0.3277965321421281	9416.310034263768
0.360010964014692	10447.0397458769
0.3922253958872559	11486.51616363737
0.4244398277598198	12535.07574495157
0.4566542596323837	13593.06153979139
0.4888686915049476	14660.82335878287
0.5210831233775115	15738.71795093013
0.5532975552500754	16827.10919085234
0.5855119871226393	17926.36827543446
0.6177264189952032	19036.87392981516
0.6499408508677671	20159.01262265788
0.682155282740331	21293.17879067112
0.7143697146128949	22439.77507236639
0.7465841464854588	23599.21255106058
0.7787985783580227	24771.91100715082
0.8110130102305866	25958.29917970731
0.8432274421031505	27158.81503744918
0.8754418739757144	28373.90605918599
0.9076563058482783	29604.02952382486
0.9398707377208422	30849.65281006095
0.9720851695934061	32111.25370588489
1.00429960146597	33389.31844696696
1.036514033338534	34684.34517191963
1.068728465211098	35996.85132722554
1.100942897083662	37327.35780211604
1.133157328956226	38676.39712722604
1.165371760828789	40044.52098209396
1.197586192701353	41432.29186546762
1.229800624573917	42840.27584987444
1.262015056446481	44269.06466139841
1.294229488319045	45719.26005638924
1.326443920191609	47191.47071245599
1.358658352064173	48686.33163355679
1.390872783936737	50204.48634497842
1.423087215809301	51746.59909896831
1.455301647681865	53313.35208423471
1.487516079554428	54905.42449228038
1.519730511426992	56523.54560640934
1.551944943299556	58168.42870613757
1.58415937517212	59840.83091238155
1.616373807044684	61541.50910623347
1.648588238917248	63271.25038718336
1.680802670789812	65030.85947531689
1.713017102662376	66821.15628561279
1.74523153453494	68642.99620840118
1.777445966407504	70497.23278484499
1.809660398280067	72384.76933913399
1.841874830152631	74306.50812797504
1.874089262025195	76263.38066561455
1.906303693897759	78256.35876397145
1.938518125770323	80286.41068779973
1.970732557642887	82354.55163643145
2.002946989515451	84461.81517604606
2.035161421388014	86609.25815234987
2.067375853260578	88797.97587886655
2.099590285133142	91029.0840814331
2.131804717005705	93303.73503746436
2.164019148878269	95623.11345578702
2.196233580750833	97988.40122673343
2.228448012623396	100400.8524946853
2.26066244449596	102861.7548112952
2.292876876368524	105372.35816761
2.325091308241087	107934.0657691289
2.357305740113651	110548.2267481997
2.389520171986215	113216.2524699996
2.421734603858778	115939.6210044923
2.453949035731342	118719.8005379211
2.486163467603906	121558.3239790629
2.518377899476469	124456.7683209115
2.550592331349033	127416.72684488
2.582806763221597	130439.8677724201
2.61502119509416	133527.8807191634
2.647235626966724	136682.5701855243
2.679450058839288	139905.6136998145
2.711664490711851	143198.9328410861
2.743878922584415	146564.4066906476
2.776093354456979	150003.9538107308
2.808307786329542	153519.6292483134
2.840522218202106	157113.4172188664
2.87273665007467	160787.4559262712
2.904951081947234	164543.8738049119
2.937165513819797	168384.9912833462
2.969379945692361	172312.9719949771
3.001594377564925	176330.2408470636
3.033808809437488	180439.203136313
3.066023241310052	184642.277296703
3.098237673182616	188942.0306149994
3.130452105055179	193341.1218460332
3.162666536927743	197842.1966144021
3.194880968800307	202448.0466586091
3.22709540067287	207161.4375807467
3.259309832545434	211985.3037311748
3.291524264417998	216922.7645513668
3.323738696290561	221976.7509354172
3.355953128163125	227150.4962167458
3.388167560035689	232447.1811971456
3.420381991908252	237870.252688171
3.452596423780816	243423.0548156583
3.48481085565338	249109.1654620481
3.517025287525943	254932.1825859608
3.549239719398507	260895.8609923567
3.581454151271071	267004.0051881451
3.613668583143634	273260.6102583532
3.645883015016198	279669.630557369
3.678097446888762	286235.3315809911
3.710311878761325	292961.9158532431
3.742526310633889	299853.8246586266
3.774740742506453	306915.5749128169
3.806955174379016	314151.7576234245
3.83916960625158	321567.2474725523
3.871384038124144	329166.848671887
3.903598469996707	336955.7506302017
3.935812901869271	344938.9421152935
3.968027333741835	353121.9070470444
4.000241765614398	361510.2176341833
4.032456197486963	370109.3420531647
4.064670629359527	378925.1220409878
4.096885061232091	387963.7026053203
4.129099493104655	397231.0310938777
4.161313924977219	406733.5945830264
4.193528356849783	416477.7009990531
4.225742788722347	426470.052545455
4.257957220594911	436536.204101787
4.290171652467476	446924.7998046788
4.32238608434004	457691.3905596859
4.354600516212604	468604.3397912779
4.386814948085168	480031.4057158998
4.419029379957732	491702.6863457806
4.451243811830296	504059.8761368394
4.48345824370286	516964.4491559865
4.515672675575424	530696.5105812368
4.547887107447989	545815.2919907802
4.580101539320553	575795.6589578872
4.612315971193117	598163.335869467
4.644530403065681	632397.0004101751
4.676744834938245	675609.1437403443
4.708959266810809	714978.7300899625
4.741173698683373	773013.9284034808
4.773388130555937	829047.6963819433
4.805602562428501	902199.2180299724
4.837816994301066	979366.6911038182
4.87003142617363	1081628.221058529
4.902245858046194	1244077.805036083
4.934460289918758	1357873.826467836
4.966674721791322	1521963.105492584
4.998889153663886	1670446.00040323
5.03110358553645	1894636.296858352
5.063318017409014	2085411.238121438
5.095532449281579	2356562.786796558
5.127746881154143	2586830.691426842
5.159961313026707	2911145.632529676
5.192175744899271	3213870.915223316
5.224390176771835	3641526.194050315
5.256604608644399	4017908.611074545
5.288819040516963	4539605.9629744
5.321033472389527	5009938.921900791
5.353247904262092	5608509.24851159
5.385462336134656	6216114.369843153
5.41767676800722	6901090.576441019
5.449891199879784	7723772.34935728
5.482105631752348	8558660.123298647
5.514320063624912	9555065.234613467
5.546534495497476	10586379.63520909
5.57874892737004	11789306.82362807
5.610963359242604	13056254.34741994
5.643177791115169	14469329.90426612
5.675392222987733	16094709.47736078
5.707606654860297	17818750.36482477
5.739821086732861	19810190.10374168
5.772035518605425	21887175.68417561
5.804249950477989	24231736.16231634
5.836464382350553	26852076.20479643
5.868678814223117	29707115.79723408
5.900893246095682	32847994.30109902
5.933107677968246	36385340.74486674
5.96532210984081	40215763.76138902
5.997536541713374	44539296.37710907
6.029750973585938	49176176.14927251
6.061965405458502	54324654.53010329
6.094179837331066	60058820.20237266
6.12639426920363	66312095.68118459
6.158608701076195	73214029.0863876
6.190823132948759	80943328.53539592
6.223037564821323	89322800.28242016
6.255251996693887	98576489.02475676
6.287466428566451	108897396.9089822
6.319680860439015	120134969.8828553
6.351895292311579	132535376.9782894
6.384109724184143	146230605.0062687
6.416324156056707	161367858.757254
6.448538587929272	177984014.6035987
6.480753019801836	196304715.013394
6.5129674516744	216600810.3455622
6.545181883546964	238837720.8770712
6.577396315419528	263355424.563479
6.609610747292092	290492096.4268367
6.641825179164656	320243638.6321296
6.67403961103722	353044909.1397976
6.706254042909785	389205273.9599831
6.738468474782349	429108287.9741512
6.770682906654913	472990150.3696304
6.802897338527477	521347006.6347143
6.835111770400041	574737165.7735419
6.867326202272605	633425959.654544
6.899540634145169	698087849.999824
6.931755066017733	769344842.6122122
6.963969497890298	847932379.7730397
6.996183929762862	934394075.3610049
7.028398361635426	1029649262.903654
7.06061279350799	1134604876.943492
7.092827225380554	1250274765.562461
7.125041657253118	1377641943.397046
7.157256089125682	1517942312.063362
7.189470520998246	1672508576.870551
7.22168495287081	1842864531.42247
7.253899384743375	2030398421.982707
7.286113816615939	2237026760.040653
7.318328248488503	2464616432.479175
7.350542680361067	2715424071.489666
7.382757112233631	2991562290.372351
7.414971544106195	3295783078.103153
7.447185975978759	3630877182.572816
7.479400407851323	4000074124.747414
7.511614839723888	4406653312.338717
7.543829271596452	4854526151.670051
7.576043703469016	5347903866.783932
7.60825813534158	5891344823.161395
7.640472567214144	6490054455.934822
7.672686999086708	7149405693.500611
7.704901430959272	7875714360.441009
7.737115862831836	8675763793.115152
7.769330294704401	9557004872.430262
7.801544726576965	10527785239.63126
7.833759158449529	11596991137.83884
7.865973590322093	12774717776.37931
7.898188022194657	14071996725.71048
7.930402454067221	15501013785.2013
7.962616885939785	17074950275.13587
7.994831317812349	18808649430.8525
8.027045749684913	20718297673.05333
8.059260181557477	22821777048.68081
8.091474613430041	25138712709.03679
8.123689045302605	27690875735.7988
8.155903477175169	30501929531.64647
8.188117909047733	33598254323.74392
8.220332340920297	37008803842.35324
8.252546772792861	40765484527.30091
8.284761204665426	44903476957.03883
8.31697563653799	49461260007.42977
8.349190068410554	54481558021.66302
8.381404500283118	60011310782.27634
8.413618932155682	66102208407.36407
8.445833364028246	72811282321.24474
8.47804779590081	80201048996.73038
8.510262227773374	88340698078.05911
8.542476659645938	97306318925.74318
8.574691091518503	107181720692.9057
8.606905523391067	118059219420.935
8.639119955263631	130040649041.3252
8.671334387136195	143237660165.17
8.703548819008759	157773827347.4607
8.735763250881323	173785016490.8329
8.767977682753887	191420892389.977
8.800192114626451	210846297245.0885
8.832406546499016	232242990412.5825
8.86462097837158	255810621439.1547
8.896835410244144	281769687055.0174
8.929049842116708	310362836293.8954
8.961264273989272	341857342338.9609
8.993478705861836	376547596623.245
9.0256931377344	414757951610.6306
9.057907569606964	456845385467.522
9.090122001479529	503203403169.6246
9.122336433352093	554265331410.3456
9.154550865224657	610508472121.2968
9.186765297097221	672458546921.8307
9.218979728969785	740694633364.6195
9.251194160842349	815854651328.4061
9.283408592714913	898640903784.9662
9.315623024587477	989827336797.8732
9.347837456460041	1090266304968.957
9.380051888332606	1200896637209.683
9.41226632020517	1322752439138.209
9.444480752077734	1456972686935.169
9.476695183950298	1604812109448.623
9.508909615822862	1767652319179.978
9.541124047695426	1947015597919.412
9.57333847956799	2144578438131.455
9.605552911440554	2362187517895.697
9.637767343313119	2601876871337.135
9.669981775185683	2865886890609.146
9.702196207058247	3156685421886.458
9.734410638930811	3476990408544.235
9.766625070803375	3829795904847.848
9.798839502675939	4218399610012.313
9.831053934548503	4646433868347.374
9.863268366421067	5117899579319.812
9.895482798293632	5637203549624.194
9.927697230166196	6209199796515.746
9.95991166203876	6839234954488.902
9.992126093911324	7533197741772.7
10.02434052578389	8297574851663.133
10.05655495765645	9139511019341.377
10.08876938952902	10066875846361.41
10.12098382140158	11088337493940.52
10.15319825327414	12213443645050.86
10.18541268514671	13452710752195.6
10.21762711701927	14817722458625.66
10.24984154889184	16321237331909.62
10.2820559807644	17977308978438.89
10.31427041263697	19801416814728.94
10.34648484450953	21810610817277.75
10.37869927638209	24023671044401.61
10.41091370825466	26461283036194.29
10.44312814012722	29146231306860.33
10.47534257199979	32103612205442.72
10.50755700387235	35361068309213.74
10.53977143574491	38949047231123.52
10.57198586761748	42901085940236.3
10.60420029949004	47254124222880.51
10.63641473136261	52048849994704.34
10.66862916323517	57330079608120.96
10.70084359510773	63147176809381.62
10.7330580269803	69554514032896.21
10.76527245885286	76611980864015.97
10.79748689072543	84385543118637.84
10.82970132259799	92947860474772.8
10.86191575447056	102378964849737.9
10.89413018634312	112767008721704.1
10.92634461821568	124209088987653
10.95855905008825	136812154635573.2
10.99077348196081	150694006240149.2
11.02298791383338	165984397176039.1
11.05520234570594	182826246522016.8
11.0874167775785	201376974222038.2
11.11963120945107	221809973571399.2
11.15184564132363	244316231054957.8
11.1840600731962	269106111825397.7
11.21627450506876	296411325897739.4
11.24848893694132	326487093831735.7
11.28070336881389	359614532446452.8
11.31291780068645	396103282136592.3
11.34513223255902	436294401234107.6
11.37734666443158	480563553921097.9
11.40956109630415	529324521032922.1
11.44177552817671	583033068254276.5
11.47398996004927	642191205696099.4
11.50620439192184	707351880216050.6
11.5384188237944	779124143676164.8
11.57063325566697	858178845788484.8
11.60284768753953	945254904297951.9
11.63506211941209	1041166211654072
11.66727655128466	1146809242171811
11.69949098315722	1263171431449793
11.73170541502979	1391340405797979
11.76391984690235	1532514147361933
11.79613427877491	1688012192581937
11.82834871064748	1859287964894717
11.86056314252004	2047942359857355
11.89277757439261	2255738708399102
11.92499200626517	2484619258202732
11.95720643813774	2736723327663494
11.9894208700103	3014407301553657
12.02163530188286	3320266655861452
12.05384973375543	3657160216926286
12.08606416562799	4028236882440275
12.11827859750056	4436965052877606
12.15049302937312	4887165051054962
12.18270746124568	5383044828841028
12.21492189311825	5929239298235691
12.24713632499081	6530853652666833
12.27935075686338	7193511084033442
12.31156518873594	7923405341284863
12.3437796206085	8727358621802169
12.37599405248107	9612885337147002
12.40820848435363	1.058826234740496e+16
12.4404229162262	1.16626063232825e+16
12.47263734809876	1.284595895738886e+16
12.50485177997133	1.4149380820483e+16
12.53706621184389	1.558505474251489e+16
12.56928064371645	1.716639968092056e+16
12.60149507558902	1.890819614433629e+16
12.63370950746158	2.082672434144449e+16
12.66592393933415	2.293991634714383e+16
12.69813837120671	2.52675237089709e+16
12.73035280307927	2.783130205692702e+16
12.76256723495184	3.065521444775866e+16
12.7947816668244	3.376565533955393e+16
12.82699609869697	3.719169729183686e+16
12.85921053056953	4.096536269875962e+16
12.89142496244209	4.512192308829434e+16
12.92363939431466	4.970022879617556e+16
12.95585382618722	5.474307208506081e+16
12.98806825805979	6.029758710810374e+16
13.02028268993235	6.641569045822278e+16
13.05249712180492	7.315456640871546e+16
13.08471155367748	8.057720139663926e+16
13.11692598555004	8.875297273265731e+16
13.14914041742261	9.775829704430538e+16
13.18135484929517	1.07677344511907e+17
13.21356928116774	1.18602825577375e+17
13.2457837130403	1.30636857467233e+17
13.27799814491286	1.438919186441004e+17
13.31021257678543	1.584919000963936e+17
13.34242700865799	1.74573263294198e+17
13.37464144053056	1.922863156424436e+17
13.40685587240312	2.117966153338512e+17
13.43907030427568	2.332865187531841e+17
13.47128473614825	2.569568848820215e+17
13.50349916802081	2.830289526378442e+17
13.53571359989338	3.11746408697271e+17
13.56792803176594	3.43377665120942e+17
13.60014246363851	3.782183680792652e+17
13.63235689551107	4.165941611183984e+17
13.66457132738363	4.58863728795419e+17
13.6967857592562	5.054221491343626e+17
13.72900019112876	5.567045862241965e+17
13.76121462300133	6.131903574857516e+17
13.79342905487389	6.754074136123561e+17
13.82564348674645	7.439372730589331e+17
13.85785791861902	8.19420457198486e+17
13.89007235049158	9.025624769447139e+17
13.92228678236415	9.941404267920471e+17
13.95450121423671	1.095010247907092e+18
13.98671564610927	1.206114728151142e+18
14.01893007798184	1.328492313811611e+18
14.0511445098544	1.463286815382803e+18
14.08335894172697	1.611758098132014e+18
14.11557337359953	1.775293857351035e+18
14.1477878054721	1.955422588354812e+18
14.18000223734466	2.1538278724502e+18
14.21221666921722	2.372364112389919e+18
14.24443110108979	2.613073864383848e+18
14.27664553296235	2.878206928657499e+18
14.30885996483492	3.170241376979321e+18
14.34107439670748	3.491906713692207e+18
14.37328882858004	3.846209386709745e+18
14.40550326045261	4.236460886912914e+18
14.43771769232517	4.666308698573674e+18
14.46993212419774	5.139770390069394e+18
14.5021465560703	5.661271163512706e+18
14.53436098794286	6.235685214238793e+18
14.56657541981543	6.868381286704687e+18
14.59878985168799	7.565272852581757e+18
14.63100428356056	8.332873379998245e+18
14.66321871543312	9.178357210527869e+18
14.69543314730569	1.010962661281406e+19
14.72764757917825	1.11353856396191e+19
14.75986201105081	1.226522147850466e+19
14.79207644292338	1.350969405649677e+19
14.82429087479594	1.488043473617945e+19
14.85650530666851	1.639025502563354e+19
14.88871973854107	1.805326631826451e+19
14.92093417041363	1.988501178159808e+19
14.9531486022862	2.1902611627695e+19
14.98536303415876	2.412492312290166e+19
15.01757746603133	2.657271683241008e+19
15.04979189790389	2.926887074677588e+19
15.08200632977645	3.223858410479927e+19
15.11422076164902	3.55096129110769e+19
15.14643519352158	3.911252934946932e+19
15.17864962539415	4.308100751689847e+19
15.21086405726671	4.745213814802739e+19
15.24307848913928	5.226677527217359e+19
15.27529292101184	5.756991804240234e+19
15.3075073528844	6.341113130522506e+19
15.33972178475697	6.984500884185168e+19
15.37193621662953	7.693168361007727e+19
15.4041506485021	8.473738975574819e+19
15.43636508037466	9.333508164631967e+19
15.46857951224722	1.028051157119306e+20
15.50079394411979	1.132360014664297e+20
15.53300837599235	1.247252287275404e+20
15.56522280786492	1.373801787670173e+20
15.59743723973748	1.513191279049369e+20
15.62965167161004	1.666723529380264e+20
15.66186610348261	1.835833487055337e+20
15.69408053535517	2.022101692111488e+20
15.72629496722774	2.227269048036267e+20
15.7585093991003	2.45325309234984e+20
15.79072383097287	2.702165917992676e+20
15.82293826284543	2.976333913078072e+20
15.85515269471799	3.278319503310202e+20
15.88736712659056	3.61094510053004e+20
15.91958155846312	3.977319480992e+20
15.95179599033569	4.380866840037617e+20
15.98401042220825	4.825358794544414e+20
16.01622485408081	5.31494963253138e+20
16.04843928595338	5.854215138899094e+20
16.08065371782594	6.448195360687456e+20
16.11286814969851	7.102441711126527e+20
16.14508258157107	7.823068852906147e+20
16.17729701344363	8.616811845450683e+20
16.2095114453162	9.491089090473287e+20
16.24172587718876	1.045407166282356e+21
16.27394030906133	1.151475967916818e+21
16.30615474093389	1.268306640937765e+21
16.33836917280646	1.396991092652792e+21
16.37058360467902	1.538732015504641e+21
16.40279803655158	1.694854127288089e+21
16.43501246842415	1.866816551766676e+21
16.46722690029671	2.056226455524717e+21
16.49944133216928	2.264854068207275e+21
16.53165576404184	2.494649226868587e+21
16.5638701959144	2.747759598815501e+21
16.59608462778697	3.026550753327694e+21
16.62829905965953	3.3336282698596e+21
16.6605134915321	3.671862089093481e+21
16.69272792340466	4.044413335260845e+21
16.72494235527722	4.454763858848917e+21
16.75715678714979	4.906748777461468e+21
16.78937121902235	5.404592317884847e+21
16.82158565089492	5.952947294690606e+21
16.85380008276748	6.556938595839747e+21
16.88601451464005	7.222211070579205e+21
16.91822894651261	7.954982300731884e+21
16.95044337838517	8.762100692336168e+21
16.98265781025774	9.651109486945104e+21
17.0148722421303	1.063031725687829e+22
17.04708667400287	1.170887555455613e+22
17.07930110587543	1.289686443993872e+22
17.11151553774799	1.420538668554595e+22
17.14372996962056	1.564667153905525e+22
17.17594440149312	1.72341890136342e+22
17.20815883336569	1.898277577382502e+22
17.24037326523825	2.090877379346216e+22
17.27258769711081	2.303018308160018e+22
17.30480212898338	2.536682990345217e+22
17.33701656085594	2.794055206888575e+22
17.36923099272851	3.077540301939916e+22
17.40144542460107	3.389787662155108e+22
17.43365985647364	3.733715476717507e+22
17.4658742883462	4.112538009445754e+22
17.49808872021876	4.529795637889923e+22
17.53030315209133	4.989387939480335e+22
17.56251758396389	5.499674268535782e+22
17.59473201583646	6.057711874717816e+22
17.62694644770902	6.672372100978516e+22
17.65916087958158	7.349400295929912e+22
17.69137531145415	8.095124776158692e+22
17.72358974332671	8.916515973240686e+22
17.75580417519928	9.821251590240824e+22
17.78801860707184	1.081778836952382e+23
17.82023303894441	1.191544113443659e+23
17.85244747081697	1.312446985881186e+23
17.88466190268953	1.445617557537898e+23
17.9168763345621	1.592300599175833e+23
17.94909076643466	1.753867186263715e+23
17.98130519830723	1.931827512804348e+23
18.01351963017979	2.127845009452439e+23
18.04573406205235	2.343751889029823e+23
18.07794849392492	2.581566275886066e+23
18.11016292579748	2.843511067988577e+23
18.14237735767005	3.132034713683382e+23
18.17459178954261	3.449834100223102e+23
18.20680622141517	3.799879760126787e+23
18.23902065328774	4.18544363925584e+23
18.2712350851603	4.610129677014408e+23
18.30344951703287	5.077907497759773e+23
18.33566394890543	5.593149512101088e+23
18.367878380778	6.160671786867353e+23
18.40009281265056	6.785779064012672e+23
18.43230724452312	7.474314342664711e+23
18.46452167639569	8.232713496265479e+23
18.49673610826825	9.068065430640303e+23
18.52895054014082	9.988178341145402e+23
18.56116497201338	1.100165270387875e+24
18.59337940388594	1.211796166029876e+24
18.62559383575851	1.334753956745482e+24
18.65780826763107	1.470187953100643e+24
18.69002269950364	1.619364082812045e+24
18.7222371313762	1.783676724330156e+24
18.75445156324876	1.964661739844521e+24
18.78666599512133	2.164010831426148e+24
18.81888042699389	2.383587354023704e+24
18.85109485886646	2.625443731889798e+24
18.88330929073902	2.891840643680788e+24
18.91552372261159	3.185268153121047e+24
18.94773815448415	3.508468984122563e+24
18.97995258635671	3.864464157779373e+24
19.01216701822928	4.256581229985292e+24
19.04438145010184	4.688485395276185e+24
19.07659588197441	5.164213746839877e+24
19.10881031384697	5.688213006558427e+24
19.14102474571953	6.265381100677073e+24
19.1732391775921	6.901112930171184e+24
19.20545360946466	7.601350804164651e+24
19.23766804133723	8.372639981013308e+24
19.26988247320979	9.222189851084923e+24
19.30209690508235	1.015794132154337e+25
19.33431133695492	1.11886410427282e+25
19.36652576882748	1.232392316471178e+25
19.39874020070005	1.357439938977509e+25
19.43095463257261	1.495175816102027e+25
19.46316906444518	1.646887391754045e+25
19.49538349631774	1.813992743527772e+25
19.5275979281903	1.998053837360705e+25
19.55981236006287	2.200791127988638e+25
19.59202679193543	2.424099640021149e+25
19.624241223808	2.670066681185619e+25
19.65645565568056	2.940991348395683e+25
19.68867008755312	3.239406043800193e+25
19.72088451942569	3.568100086805316e+25
19.75309895129825	3.930145856549715e+25
19.78531338317082	4.328927457001483e+25
19.81752781504338	4.768172378394382e+25
19.84974224691594	5.25198633905379e+25
19.88195667878851	5.784891625781794e+25
19.91417111066107	6.371869420922768e+25
19.94638554253364	7.018406303885592e+25
19.9785999744062	7.730545589582497e+25
20.01081440627877	8.514943784182758e+25
20.04302883815133	9.378932801250338e+25
20.07524327002389	1.033058855720594e+26
20.10745770189646	1.137880624150803e+26
20.13967213376902	1.253338386311743e+26
20.17188656564159	1.380511345024248e+26
20.20410099751415	1.520588209304359e+26
20.23631542938671	1.674878305084883e+26
20.26852986125928	1.844823812182054e+26
20.30074429313184	2.032013243018375e+26
20.33295872500441	2.23819629541891e+26
20.36517315687697	2.465300197038448e+26
20.39738758874953	2.715447736312352e+26
20.4296020206221	2.990977089614338e+26
20.46181645249466	3.294463681503464e+26
20.49403088436723	3.628744260230083e+26
20.52624531623979	3.99694341095541e+26
20.55845974811236	4.40250276095629e+26
20.59067417998492	4.849213151227372e+26
20.62288861185748	5.341250071763823e+26
20.65510304373005	5.883212683445868e+26
20.68731747560261	6.480166817130036e+26
20.71953190747518	7.137692314389435e+26
20.75174633934774	7.861935194658724e+26
20.7839607712203	8.659665094920837e+26
20.81617520309287	9.538338548141529e+26
20.84838963496543	1.050616868419465e+27
20.880604066838	1.157220199732681e+27
20.91281849871056	1.274640290353743e+27
20.94503293058312	1.403974688402713e+27
20.97724736245569	1.546432307221325e+27
21.00946179432825	1.703344726355747e+27
21.04167622620082	1.876178634662421e+27
21.07389065807338	2.06654954434978e+27
21.10610508994595	2.276236889392306e+27
21.13831952181851	2.507200656236206e+27
21.17053395369107	2.761599707879693e+27
21.20274838556364	3.041811962118142e+27
21.2349628174362	3.350456613752635e+27
21.26717724930877	3.69041862632926e+27
21.29939168118133	4.064875686887373e+27
21.33160611305389	4.47732791799509e+27
21.36382054492646	4.931630589664455e+27
21.39603497679902	5.43203015491988e+27
21.42824940867159	5.983203944011479e+27
21.46046384054415	6.590303884250165e+27
21.49267827241671	7.259004652815236e+27
21.52489270428928	7.995556723525748e+27
21.55710713616184	8.806844789941423e+27
21.58932156803441	9.700452114026939e+27
21.62153599990697	1.068473141392674e+28
21.65375043177954	1.176888293570861e+28
21.6859648636521	1.296304044872255e+28
21.71817929552466	1.427836596962588e+28
21.75039372739723	1.572715409842419e+28
21.78260815926979	1.732294692822475e+28
21.81482259114236	1.908066063906157e+28
21.84703702301492	2.101672491071016e+28
21.87925145488748	2.314923649844148e+28
21.91146588676005	2.549812837256226e+28
21.94368031863261	2.808535573907588e+28
21.97589475050518	3.093510312707404e+28
22.00810918237774	3.407400630909899e+28
22.0403236142503	3.753140472559325e+28
22.07253804612287	4.133961836708637e+28
22.10475247799543	4.553424016584784e+28
22.136966909868	5.015448101017306e+28
22.16918134174056	5.524352073355733e+28
22.20139577361313	6.084893567004803e+28
22.23361020548569	6.702311721178814e+28
22.26582463735825	7.382377468251013e+28
22.29803906923082	8.131447823953434e+28
22.33025350110338	8.956524380913662e+28
22.36246793297595	9.865319144726765e+28
22.39468236484851	1.086632699995136e+29
22.42689679672107	1.196890451936064e+29
22.45911122859364	1.318335749032299e+29
22.4913256604662	1.452103798904457e+29
22.52354009233877	1.599444929734862e+29
22.55575452421133	1.761736363877472e+29
22.58796895608389	1.940495094264363e+29
22.62018338795646	2.137391991512592e+29
22.65239781982902	2.354267485973594e+29
22.68461225170159	2.593148780213766e+29
22.71682668357415	2.856268719501537e+29
22.74904111544672	3.146086726336738e+29
22.78125554731928	3.465311819454765e+29
22.81346997919184	3.816927826894584e+29
22.84568441106441	4.204221367623785e+29
22.87789884293697	4.630812573879165e+29
22.91011327480954	5.100688852095416e+29
22.9423277066821	5.618242193276358e+29
22.97454213855466	6.18831033730082e+29
23.00675657042723	6.816221775077382e+29
23.03897100229979	7.507845685735002e+29
23.07118543417236	8.269646872861304e+29
23.10339986604492	9.108745992732072e+29
23.13561429791748	1.003298622950348e+30
23.16782872979005	1.105100670000469e+30
23.20004316166261	1.217232298997337e+30
23.23225759353518	1.340741620880116e+30
23.26447202540774	1.476783119674635e+30
23.29668645728031	1.626628382663146e+30
23.32890088915287	1.791678033921709e+30
23.36111532102543	1.973474848993472e+30
23.393329752898	2.173718096009615e+30
23.42554418477056	2.394279492687262e+30
23.45775861664313	2.637220684561788e+30
23.48997304851569	2.904812476078574e+30
23.52218748038825	3.199556179413744e+30
23.55440191226082	3.524206117231291e+30
23.58661634413338	3.881798229957533e+30
23.61883077600595	4.275674217395436e+30
23.65104520787851	4.709515243528704e+30
23.68325963975107	5.187376285603511e+30
23.71547407162364	5.713726739896712e+30
23.7476885034962	6.293482897585134e+30
23.77990293536877	6.932065225534969e+30
23.81211736724133	7.635444666480153e+30
23.8443317991139	8.410192288921383e+30
23.87654623098646	9.263543967257441e+30
23.90876066285902	1.020350062244423e+31
23.94097509473159	1.123882200247337e+31
23.97318952660415	1.237919749439634e+31
24.00540395847672	1.363527996515519e+31
24.03761839034928	1.50188237674514e+31
24.06983282222184	1.654273486080989e+31
24.10204725409441	1.822128175582199e+31
24.13426168596697	2.007014729430593e+31
24.16647611783954	2.210661094582539e+31
24.1986905497121	2.434970941359403e+31
24.23090498158466	2.682040972262928e+31
24.26311941345723	2.954180491709719e+31
24.29533384532979	3.253933262679881e+31
24.32754827720236	3.584101210064885e+31
24.35976270907492	3.947770339016601e+31
24.39197714094749	4.348340042750556e+31
24.42419157282005	4.789554510766312e+31
24.45640600469261	5.27553773098394e+31
24.48862043656518	5.81083227872533e+31
24.52083486843774	6.400442096450747e+31
24.55304930031031	7.049877989325799e+31
24.58526373218287	7.765210106187398e+31
24.61747816405543	8.553125101739274e+31
24.649692595928	9.420987827786083e+31
24.68190702780056	1.037691017144246e+32
24.71412145967313	1.142982742511811e+32
24.74633589154569	1.258958138757149e+32
24.77855032341825	1.386701239806376e+32
24.81076475529082	1.527406089033251e+32
24.84297918716338	1.682387892088588e+32
24.87519361903595	1.853095782417985e+32
24.90740805090851	2.041123893648289e+32
24.93962248278108	2.248231240160833e+32
24.97183691465364	2.47635322769019e+32
25.0040513465262	2.727622137981463e+32
25.03626577839877	3.004386638630506e+32
25.06848021027133	3.30923363773101e+32
25.1006946421439	3.645012688331895e+32
25.13290907401646	4.014862322612348e+32
25.16512350588902	4.422239590723223e+32
25.19733793776159	4.870952366418778e+32
25.22955236963415	5.365194824050703e+32
25.26176680150672	5.909586609642906e+32
25.29398123337928	6.509216509973682e+32
25.32619566525184	7.169689191485762e+32
25.35841009712441	7.897178276387676e+32
25.39062452899697	8.698483586302691e+32
25.42283896086954	9.581095303466824e+32
25.4550533927421	1.055326319435729e+33
25.48726782461467	1.16240742976795e+33
25.51948225648723	1.280353778531045e+33
25.55169668835979	1.410267825442989e+33
25.58391112023236	1.553363887754494e+33
25.61612555210492	1.710979529736709e+33
25.64833998397749	1.884588006773508e+33
25.68055441585005	2.075812064384914e+33
25.71276884772261	2.286439092340923e+33
25.74498327959518	2.518437890901165e+33
25.77719771146774	2.773976963124368e+33
25.80941214334031	3.05544487685909e+33
25.84162657521287	3.365472549808426e+33
25.87384100708543	3.706957380097468e+33
25.906055438958	4.083094240916303e+33
25.93826987083056	4.49739393958571e+33
25.97048430270313	4.953731990881805e+33
26.00269873457569	5.456376406997419e+33
26.03491316644826	6.01001774928245e+33
26.06712759832082	6.619837643600793e+33
26.09934203019338	7.291532956687838e+33
26.13155646206595	8.031387854536992e+33
26.16377089393851	8.846310557863076e+33
26.19598532581108	9.743921356537337e+33
26.22819975768364	1.073261265911729e+34
26.2604141895562	1.182162071896787e+34
26.29262862142877	1.302112829666731e+34
26.32484305330133	1.434233159277618e+34
26.3570574851739	1.57976249495158e+34
26.38927191704646	1.740057007069118e+34
26.42148634891903	1.916615713462245e+34
26.45370078079159	2.1110896604089e+34
26.48591521266415	2.325296328087722e+34
26.51812964453672	2.5612376091527e+34
26.55034407640928	2.821120097553845e+34
26.58255850828185	3.10737045946318e+34
26.61477294015441	3.422667384635244e+34
26.64698737202697	3.769956035687427e+34
26.67920180389954	4.152483281846247e+34
26.7114162357721	4.573824704254871e+34
26.74363066764467	5.037918047965239e+34
26.77584509951723	5.549102839934231e+34
26.80805953138979	6.112153584724059e+34
26.84027396326236	6.732337792269189e+34
26.87248839513492	7.415449630252196e+34
26.90470282700749	8.167875182441741e+34
26.93691725888005	8.996647277203933e+34
26.96913169075262	9.909512318990993e+34
27.00134612262518	1.091500301394864e+35
27.03356055449774	1.20225181858675e+35
27.06577498637031	1.324241078266247e+35
27.09798941824287	1.458608164256098e+35
27.13020385011544	1.606609130225091e+35
27.162418281988	1.769627391864471e+35
27.19463271386056	1.949186571593405e+35
27.22684714573313	2.14696510320841e+35
27.25906157760569	2.364811678495989e+35
27.29127600947826	2.604762407711051e+35
27.32349044135082	2.869059800286248e+35
27.35570487322338	3.160169740289104e+35
27.38791930509595	3.480835084187178e+35
27.42013373696851	3.834023284583838e+35
27.45234816884108	4.223049523925857e+35
27.48456260071364	4.651559628349099e+35
27.51677703258621	5.12353292126313e+35
27.54899146445877	5.643402510864479e+35
27.58120589633133	6.216017793558471e+35
27.6134203282039	6.846750754218199e+35
27.64563476007646	7.541469012722125e+35
27.67784919194903	8.306679433087534e+35
27.71006362382159	9.149574532700452e+35
27.74227805569415	1.007791800999044e+36
27.77449248756672	1.110049513359455e+36
27.80670691943928	1.222682916266587e+36
27.83892135131185	1.346745837916161e+36
27.87113578318441	1.483396176455614e+36
27.90335021505697	1.633912197017166e+36
27.93556464692954	1.799699559733466e+36
27.9677790788021	1.982311903047984e+36
27.99999351067467	2.183451396964666e+36
28.03220794254723	2.405000003618897e+36
28.0644223744198	2.649030404009553e+36
28.09663680629236	2.917818742111218e+36
28.12885123816492	3.213881666078091e+36
28.16106567003749	3.539985038443371e+36
28.19328010191005	3.899178127256119e+36
28.22549453378262	4.294816665965658e+36
28.25770896565518	4.730599657848284e+36
28.28992339752774	5.210599635190285e+36
28.32213782940031	5.739306008716986e+36
28.35435226127287	6.321657068164426e+36
28.38656669314544	6.963098048898257e+36
28.418781125018	7.669613017050027e+36
28.45099555689056	8.447841234571099e+36
28.48320998876313	9.30502059019145e+36
28.51542442063569	1.024917576626458e+37
28.54763885250826	1.128913381696435e+37
28.57985328438082	1.243461237544888e+37
28.61206771625339	1.369632196166365e+37
28.64428214812595	1.508605798996495e+37
28.67649657999851	1.661682477257073e+37
28.70871101187108	1.83031128027347e+37
28.74092544374364	2.015985919469415e+37
28.77313987561621	2.220554508006776e+37
28.80535430748877	2.445870466708912e+37
28.83756873936133	2.693940757389307e+37
28.8697831712339	2.96739332936333e+37
28.90199760310646	3.26849281038362e+37
28.93421203497903	3.600144206370451e+37
28.96642646685159	3.965404628040801e+37
28.99864089872415	4.367789892244097e+37
29.03085533059672	4.810979092937937e+37
29.06306976246928	5.299148384505781e+37
29.09528419434185	5.836804034712029e+37
29.12749862621441	6.429063997660936e+37
29.15971305808698	7.081405202509401e+37
29.19192748995954	7.799956831767523e+37
29.2241419218321	8.591364029232313e+37
29.25635635370467	9.463115120031926e+37
29.28857078557723	1.042331625295299e+38
29.3207852174498	1.148142429837822e+38
29.35299964932236	1.264586818300517e+38
29.38521408119492	1.392902269679115e+38
29.41742851306749	1.534236315756944e+38
29.44964294494005	1.689904553186748e+38
29.48185737681262	1.861381497228414e+38
29.51407180868518	2.05025159292728e+38
29.54628624055774	2.258286062671121e+38
29.57850067243031	2.48742746682387e+38
29.61071510430287	2.739826487000228e+38
29.64292953617544	3.017843878586713e+38
29.675143968048	3.323854830893887e+38
29.70735839992057	3.661281202980805e+38
29.73957283179313	4.032806190156374e+38
29.77178726366569	4.44201905586587e+38
29.80400169553826	4.892668282598233e+38
29.83621612741082	5.389153536689903e+38
29.86843055928339	5.935994933241669e+38
29.90064499115595	6.538337452689617e+38
29.93285942302851	7.201660175938219e+38
29.96507385490108	7.93243393033043e+38
29.99728828677364	8.737338907673355e+38
30.02950271864621	9.623941391377572e+38
30.06171715051877	1.060033498479037e+39
30.09393158239133	1.167596113188511e+39
30.1261460142639	1.286069985377817e+39
30.15836044613646	1.416568749544273e+39
30.19057487800903	1.560295742455675e+39
30.22278930988159	1.718617980669238e+39
30.25500374175416	1.893006185842758e+39
30.28721817362672	2.085201189597355e+39
30.31943260549928	2.296629720957201e+39
30.35164703737185	2.529672134597357e+39
30.38386146924441	2.78636282965766e+39
30.41607590111698	3.068975262727785e+39
30.44829033298954	3.380483380935677e+39
30.4805047648621	3.723498988726244e+39
30.51271919673467	4.101323243956071e+39
30.54493362860723	4.517404048161434e+39
30.5771480604798	4.975829314108591e+39
30.60936249235236	5.480704495923162e+39
30.64157692422492	6.03685002281184e+39
30.67379135609749	6.649343539999082e+39
30.70600578797005	7.324058459009806e+39
30.73822021984262	8.067219522403386e+39
30.77043465171518	8.885790122850468e+39
30.80264908358775	9.787380303926802e+39
30.83486351546031	1.078050481014148e+40
30.86707794733287	1.187421736682055e+40
30.89929237920544	1.307918079724066e+40
30.931506811078	1.440623921225926e+40
30.96372124295057	1.586804813948211e+40
30.99593567482313	1.747804610936143e+40
31.02815010669569	1.925163992732427e+40
31.06036453856826	2.120493879477361e+40
31.09257897044082	2.335659821456302e+40
31.12479340231339	2.572635154327647e+40
31.15700783418595	2.833684078124342e+40
31.18922226605851	3.121092835065442e+40
31.22143669793108	3.437898731263805e+40
31.25365112980364	3.786711311531429e+40
31.28586556167621	4.170951185634135e+40
31.31807999354877	4.594164114186332e+40
31.35029442542134	5.060302201756908e+40
31.3825088572939	5.573749693646761e+40
31.41472328916646	6.139312350108916e+40
31.44693772103903	6.76224160732414e+40
31.47915215291159	7.448376596649894e+40
31.51136658478416	8.204078604957355e+40
31.54358101665672	9.036542572380705e+40
31.57579544852928	9.953399543010935e+40
31.60800988040185	1.096318103193134e+41
31.64022431227441	1.206806906293829e+41
31.67243874414698	1.330172389351219e+41
31.70465317601954	1.465113051974539e+41
31.7368676078921	1.613756783052218e+41
31.76908203976467	1.777302075298047e+41
31.80129647163723	1.957907341984368e+41
31.8335109035098	2.156549336182494e+41
31.86572533538236	2.375346917951271e+41
31.89793976725493	2.616218518996693e+41
31.93015419912749	2.881940522375159e+41
31.96236863100005	3.174331673599451e+41
31.99458306287262	3.496409665851075e+41
32.02679749474518	3.851100142228145e+41
32.05901192661774	4.242060507544205e+41
32.0912263584903	4.672459526875749e+41
32.12344079036286	5.146560507193729e+41
32.15565522223542	5.668751314135019e+41
32.18786965410798	6.244071855103589e+41
32.22008408598055	6.87762878811273e+41
0
1000	1.0219978922	100000000000000.1
5	0	0	1
5	0	0	0
0.03786664528905326	-28789.48276244045
0.07008107716161713	-28046.21268231703
0.102295509034181	-27328.989002457
0.1345099409067449	-26636.80793733558
0.1667243727793087	-25968.70329810863
0.1989388046518726	-25323.74546195526
0.2311532365244365	-24701.04032005834
0.2633676683970003	-24099.72821179286
0.2955821002695642	-23518.9828517694
0.3277965321421281	-22958.01025554376
0.360010964014692	-22416.04766904545
0.3922253958872559	-21892.36250609239
0.4244398277598198	-21386.25129773964
0.4566542596323837	-20897.03865665595
0.4888686915049476	-20424.07625922203
0.5210831233775115	-19966.74184759814
0.5532975552500754	-19524.43825361161
0.5855119871226393	-19096.59244595989
0.6177264189952032	-18682.65460191123
0.6499408508677671	-18282.09720440647
0.682155282740331	-17894.41416522325
0.7143697146128949	-17519.11997464585
0.7465841464854588	-17155.7488778984
0.7787985783580227	-16803.85407843706
0.8110130102305866	-16463.00696805125
0.8432274421031505	-16132.79638360687
0.8754418739757144	-15812.82789015714
0.9076563058482783	-15502.7230900603
0.9398707377208422	-15202.1189576676
0.9720851695934061	-14910.66719908416
1.00429960146597	-14627.9737869806
1.036514033338534	-14353.84537459669
1.068728465211098	-14087.91091475719
1.100942897083662	-13829.87412603733
1.133157328956226	-13579.45052241254
1.165371760828789	-13336.36694151597
1.197586192701353	-13100.36108859469
1.229800624573917	-12871.18109612744
1.262015056446481	-12648.58509898999
1.294229488319045	-12432.34082499006
1.326443920191609	-12222.18352237978
1.358658352064173	-12017.9876827363
1.390872783936737	-11819.50325568179
1.423087215809301	-11626.53183825289
1.455301647681865	-11438.88273894886
1.487516079554428	-11256.37267570014
1.519730511426992	-11078.8254832
1.551944943299556	-10906.07182971755
1.58415937517212	-10737.94894343831
1.616373807044684	-10574.3003483158
1.648588238917248	-10414.94168235728
1.680802670789812	-10259.80067420097
1.713017102662376	-10108.70203641682
1.74523153453494	-9961.511428076525
1.777445966407504	-9818.099588578085
1.809660398280067	-9678.342144959002
1.841874830152631	-9542.119424238315
1.874089262025195	-9409.316271076834
1.906303693897759	-9279.821870957932
1.938518125770323	-9153.52957901929
1.970732557642887	-9030.302285196465
2.002946989515451	-8910.115042661519
2.035161421388014	-8792.835474165522
2.067375853260578	-8678.371372752026
2.099590285133142	-8566.633926285946
2.131804717005705	-8457.537595134652
2.164019148878269	-8350.999991319817
2.196233580750833	-8246.941759813712
2.228448012623396	-8145.286462482745
2.26066244449596	-8045.960465048161
2.292876876368524	-7948.806826071463
2.325091308241087	-7853.947589148115
2.357305740113651	-7761.213982798085
2.389520171986215	-7670.541103137951
2.421734603858778	-7581.866682897537
2.453949035731342	-7495.130901272953
2.486163467603906	-7410.276232726089
2.518377899476469	-7327.247319729324
2.550592331349033	-7245.990861396976
2.582806763221597	-7166.455513420275
2.61502119509416	-7088.579717451878
2.647235626966724	-7012.341458998171
2.679450058839288	-6937.681941268821
2.711664490711851	-6864.556625743287
2.743878922584415	-6792.922518458196
2.776093354456979	-6722.738103366605
2.808307786329542	-6653.963278331712
2.840522218202106	-6586.559293469991
2.87273665007467	-6520.488691530204
2.904951081947234	-6455.715249951941
2.937165513819797	-6392.2253323125
2.969379945692361	-6329.940987723379
3.001594377564925	-6268.849961746487
3.033808809437488	-6208.920365370252
3.066023241310052	-6150.121348547104
3.098237673182616	-6092.423058596165
3.130452105055179	-6035.796600438747
3.162666536927743	-5980.213998568648
3.194880968800307	-5925.648160665029
3.22709540067287	-5872.072842759983
3.259309832545434	-5819.468409255474
3.291524264417998	-5767.798104750656
3.323738696290561	-5717.043865187306
3.355953128163125	-5667.182570450112
3.388167560035689	-5618.191819092171
3.420381991908252	-5570.049901338295
3.452596423780816	-5522.735773250657
3.48481085565338	-5476.229031999939
3.517025287525943	-5430.509892188068
3.549239719398507	-5385.559163171664
3.581454151271071	-5341.360802016518
3.613668583143634	-5297.891342972775
3.645883015016198	-5255.13586934971
3.678097446888762	-5213.077388372713
3.710311878761325	-5171.699411704657
3.742526310633889	-5130.985937437362
3.774740742506453	-5090.921432827529
3.806955174379016	-5051.490817742253
3.83916960625158	-5012.679448780962
3.871384038124144	-4974.473104042388
3.903598469996707	-4936.826542633638
3.935812901869271	-4899.791168230834
3.968027333741835	-4863.323446378723
4.000241765614398	-4827.410696758877
4.032456197486963	-4792.040459645194
4.064670629359527	-4757.200459044144
4.096885061232091	-4722.878557604866
4.129099493104655	-4689.062699838543
4.161313924977219	-4655.740838517725
4.193528356849783	-4622.900836486016
4.225742788722347	-4547.233393975407
4.257957220594911	-4512.10067569376
4.290171652467476	-4482.249563395188
4.32238608434004	-4460.241084192667
4.354600516212604	-4449.712630663445
4.386814948085168	-4455.905601965331
4.419029379957732	-4486.508784126912
4.451243811830296	-4553.048151020087
4.48345824370286	-4673.255828166688
4.515672675575424	-4875.258629134929
4.547887107447989	-7326.700746212375
4.580101539320553	-8224.20727341549
4.612315971193117	-9270.442039211861
4.644530403065681	-10479.97011561673
4.676744834938245	-11867.16859190411
4.708959266810809	-13445.7596215207
4.741173698683373	-15228.33293454607
4.773388130555937	-17225.88441077857
4.805602562428501	-19447.39732782328
4.837816994301066	-21899.49024311577
4.87003142617363	-31105.10127921299
4.902245858046194	-31398.12415238664
4.934460289918758	-33067.96138061427
4.966674721791322	-35360.07389071965
4.998889153663886	-38063.91599413475
5.03110358553645	-41103.56435527335
5.063318017409014	-44449.82634706058
5.095532449281579	-48093.41918296668
5.127746881154143	-52034.8567261307
5.159961313026707	-56280.04463129864
5.192175744899271	-61419.88097028399
5.224390176771835	-66223.07264756814
5.256604608644399	-71328.27347764408
5.288819040516963	-76756.94738166546
5.321033472389527	-82531.82840014169
5.353247904262092	-88677.02489505117
5.385462336134656	-95218.12783227474
5.41767676800722	-102182.3238939254
5.449891199879784	-109598.5141395393
5.482105631752348	-117497.4389163449
5.514320063624912	-125913.4423276223
5.546534495497476	-134877.9532976898
5.57874892737004	-144429.6698404467
5.610963359242604	-154608.0958277802
5.643177791115169	-165455.3242973687
5.675392222987733	-177016.2155079785
5.707606654860297	-189338.5865213631
5.739821086732861	-202473.4131680526
5.772035518605425	-216475.045302676
5.804249950477989	-231401.4363079188
5.836464382350553	-247307.2319166072
5.868678814223117	-264273.1580045705
5.900893246095682	-282362.5045866788
5.933107677968246	-301650.2352170656
5.96532210984081	-322216.2817251724
5.997536541713374	-344145.878307679
6.029750973585938	-367529.9178090076
6.061965405458502	-392465.3317169538
6.094179837331066	-419055.495499105
6.12639426920363	-447410.6610122551
6.158608701076195	-477642.0736749952
6.190823132948759	-509888.2627678314
6.223037564821323	-544276.8224271428
6.255251996693887	-580950.4305818123
6.287466428566451	-620061.2470746762
6.319680860439015	-661771.547138118
6.351895292311579	-706254.3970716803
6.384109724184143	-753694.3749648145
6.416324156056707	-804288.3394967325
6.448538587929272	-858246.250047053
6.480753019801836	-915786.6230738431
6.5129674516744	-977159.4860213232
6.545181883546964	-1042614.326773455
6.577396315419528	-1112422.853528236
6.609610747292092	-1186874.846840478
6.641825179164656	-1266279.364265957
6.67403961103722	-1350966.025255444
6.706254042909785	-1441286.381666638
6.738468474782349	-1537615.379619717
6.770682906654913	-1640352.918803976
6.802897338527477	-1749920.729807255
6.835111770400041	-1866783.590063101
6.867326202272605	-1991422.055411759
6.899540634145169	-2124353.615294757
6.931755066017733	-2266130.190088653
6.963969497890298	-2417340.424108501
6.996183929762862	-2578612.131308064
7.028398361635426	-2750614.903862536
7.06061279350799	-2934062.894497902
7.092827225380554	-3129717.784155387
7.125041657253118	-3338387.577591343
7.157256089125682	-3560947.725414336
7.189470520998246	-3798318.1179949
7.22168495287081	-4051484.380618639
7.253899384743375	-4321497.724922594
7.286113816615939	-4609479.315100374
7.318328248488503	-4916624.924783492
7.350542680361067	-5244209.903965021
7.382757112233631	-5593594.476621286
7.414971544106195	-5966229.391063086
7.447185975978759	-6363657.853981973
7.479400407851323	-6787538.574707367
7.511614839723888	-7239627.713878634
7.543829271596452	-7721802.53027003
7.576043703469016	-8236065.207638293
7.60825813534158	-8784551.169780102
7.640472567214144	-9369537.949065387
7.672686999086708	-9993454.645300291
7.704901430959272	-10658892.0142277
7.737115862831836	-11368613.22758953
7.769330294704401	-12125561.44504281
7.801544726576965	-12932887.90463355
7.833759158449529	-13793941.22384085
7.865973590322093	-14712296.89893918
7.898188022194657	-15691768.36882932
7.930402454067221	-16736422.85131019
7.962616885939785	-17850598.23336373
7.994831317812349	-19038921.08561601
8.027045749684913	-20306325.87581072
8.059260181557477	-21658075.46110729
8.091474613430041	-23099779.16965063
8.123689045302605	-24637431.43332717
8.155903477175169	-26277413.69136814
8.188117909047733	-28026535.95946367
8.220332340920297	-29892061.45253378
8.252546772792861	-31881736.74621114
8.284761204665426	-34003823.94567918
8.31697563653799	-36267134.99546799
8.349190068410554	-38681068.27271459
8.381404500283118	-41255647.61586789
8.413618932155682	-44001560.26689696
8.445833364028246	-46930216.22058955
8.47804779590081	-50053773.17249329
8.510262227773374	-53385201.70796992
8.542476659645938	-56938335.59590103
8.574691091518503	-60727929.23447142
8.606905523391067	-64769718.92006572
8.639119955263631	-69080488.19372866
8.671334387136195	-73678137.53656822
8.703548819008759	-78581758.70353892
8.735763250881323	-83811710.3842227
8.767977682753887	-89389717.45224343
8.800192114626451	-95338939.13818708
8.832406546499016	-101684079.6444993
8.86462097837158	-108451487.2260411
8.896835410244144	-115669263.6024366
8.929049842116708	-123367380.651903
8.961264273989272	-131577804.871154
8.993478705861836	-140334630.1182277
9.0256931377344	-149674219.189483
9.057907569606964	-159635351.2440521
9.090122001479529	-170259397.3592672
9.122336433352093	-181590470.5634729
9.154550865224657	-193675623.2784276
9.186765297097221	-206565039.245802
9.218979728969785	-220312241.9167311
9.251194160842349	-234974316.7097378
9.283408592714913	-250612148.0599989
9.315623024587477	-267290672.2443207
9.347837456460041	-285079147.0317154
9.380051888332606	-304051435.737156
9.41226632020517	-324286328.332126
9.444480752077734	-345867847.0590674
9.476695183950298	-368885609.4663298
9.508909615822862	-393435197.1188658
9.541124047695426	-419618552.5029075
9.57333847956799	-447544402.3446162
9.605552911440554	-477328709.100652
9.637767343313119	-509095152.4954025
9.669981775185683	-542975643.104589
9.702196207058247	-579110866.5989752
9.734410638930811	-617650882.2408526
9.766625070803375	-658755724.5880061
9.798839502675939	-702596082.0769804
9.831053934548503	-749354002.4046724
9.863268366421067	-799223648.4848902
9.895482798293632	-852412104.7136767
9.927697230166196	-909140236.8915149
9.95991166203876	-969643609.3732345
9.992126093911324	-1034173463.254191
10.02434052578389	-1102997756.152418
10.05655495765645	-1176402289.135443
10.08876938952902	-1254691872.196881
10.12098382140158	-1338191603.954126
10.15319825327414	-1427248218.237028
10.18541268514671	-1522231523.905908
10.21762711701927	-1623535940.489365
10.24984154889184	-1731582136.018242
10.2820559807644	-1846818773.857316
10.31427041263697	-1969724375.788131
10.34648484450953	-2100809305.589637
10.37869927638209	-2240617902.511052
10.41091370825466	-2389730720.405783
10.44312814012722	-2548766952.411081
10.47534257199979	-2718386998.780252
10.50755700387235	-2899295209.205105
10.53977143574491	-3092242807.63943
10.57198586761748	-3298031011.76861
10.60420029949004	-3517514360.079254
10.63641473136261	-3751604260.344499
10.66862916323517	-4001272770.77871
10.70084359510773	-4267556650.667616
10.7330580269803	-4551561644.337359
10.76527245885286	-4854467086.659868
10.79748689072543	-5177530796.890426
10.82970132259799	-5522094301.781336
10.86191575447056	-5889588406.292452
10.89413018634312	-6281539135.030789
10.92634461821568	-6699574069.091558
10.95855905008825	-7145429104.614199
10.99077348196081	-7620955657.643312
11.02298791383338	-8128128366.279764
11.05520234570594	-8669053269.243214
11.0874167775785	-9245976565.089729
11.11963120945107	-9861293936.222265
11.15184564132363	-10517560496.99801
11.1840600731962	-11217501403.87882
11.21627450506876	-11964023171.68485
11.24848893694132	-12760225742.94093
11.28070336881389	-13609415360.43532
11.31291780068645	-14515118292.97281
11.34513223255902	-15481095492.35659
11.37734666443158	-16511358189.67463
11.40956109630415	-17610184565.83628
11.44177552817671	-18782137513.42476
11.47398996004927	-20032083584.17596
11.50620439192184	-21365213197.40651
11.5384188237944	-22787062193.30743
11.57063325566697	-24303534820.60311
11.60284768753953	-25920928254.03196
11.63506211941209	-27645958739.99159
11.66727655128466	-29485789499.93663
11.69949098315722	-31448060454.6587
11.73170541502979	-33540919962.99763
11.76391984690235	-35773058654.66743
11.79613427877491	-38153745518.22384
11.82834871064748	-40692866390.67607
11.86056314252004	-43400965008.57082
11.89277757439261	-46289286791.01403
11.92499200626517	-49369825536.44063
11.95720643813774	-52655373223.57089
11.9894208700103	-56159573144.37958
12.02163530188286	-59896976536.95906
12.05384973375543	-63883103023.57904
12.08606416562799	-68134505052.7923
12.11827859750056	-72668836633.71893
12.15049302937312	-77504926644.57896
12.18270746124568	-82662857019.88614
12.21492189311825	-88164046140.97647
12.24713632499081	-94031337776.15178
12.27935075686338	-100289095936.3097
12.31156518873594	-106963306060.8883
12.3437796206085	-114081682901.7627
12.37599405248107	-121673785622.9323
12.40820848435363	-129771140542.042
12.4404229162262	-138407372043.88
12.47263734809876	-147618342206.1248
12.50485177997133	-157442299717.1521
12.53706621184389	-167920038704.2747
12.56928064371645	-179095068131.9518
12.60149507558902	-191013792469.9386
12.63370950746158	-203725704402.6115
12.66592393933415	-217283590326.9612
12.69813837120671	-231743749562.7094
12.73035280307927	-247166228132.7058
12.76256723495184	-263615068104.9103
12.7947816668244	-281158573528.0258
12.82699609869697	-299869594065.061
12.85921053056953	-319825827502.6178
12.89142496244209	-341110142392.0961
12.92363939431466	-363810922159.0718
12.95585382618722	-388022432130.9547
12.98806825805979	-413845210953.8834
13.02028268993235	-441386488094.861
13.05249712180492	-470760629110.2947
13.08471155367748	-502089610550.6641
13.11692598555004	-535503526469.9065
13.14914041742261	-571141128642.9052
13.18135484929517	-609150402734.2509
13.21356928116774	-649689182810.8962
13.2457837130403	-692925806747.0525
13.27799814491286	-739039815263.3514
13.31021257678543	-788222697451.8375
13.34242700865799	-840678685950.6458
13.37464144053056	-896625605019.7732
13.40685587240312	-956295775059.4839
13.43907030427568	-1019936977324.206
13.47128473614825	-1087813482837.792
13.50349916802081	-1160207149782.816
13.53571359989338	-1237418593920.829
13.56792803176594	-1319768436900.007
13.60014246363851	-1407598637656.196
13.63235689551107	-1501273912379.992
13.66457132738363	-1601183249020.768
13.6967857592562	-1707741522561.218
13.72900019112876	-1821391217791.856
13.76121462300133	-1942604266735.509
13.79342905487389	-2071884008352.04
13.82564348674645	-2209767278660.679
13.85785791861902	-2356826639959.474
13.89007235049158	-2513672758395.312
13.92228678236415	-2680956939777.485
13.95450121423671	-2859373834114.396
13.98671564610927	-3049664320171.2
14.01893007798184	-3252618581976.393
14.0511445098544	-3469079390072.667
14.08335894172697	-3699945601133.783
14.11557337359953	-3946175890480.267
14.1477878054721	-4208792732992.513
14.18000223734466	-4488886648952.806
14.21221666921722	-4787620732445.116
14.24443110108979	-5106235481126.873
14.27664553296235	-5446053947403.774
14.30885996483492	-5808487232430.828
14.34107439670748	-6195040345728.785
14.37328882858004	-6607318454758.401
14.40550326045261	-7047033550401.765
14.43771769232517	-7516011556029.358
14.46993212419774	-8016199909673.859
14.5021465560703	-8549675650794.786
14.53436098794286	-9118654045205.004
14.56657541981543	-9725497784036.775
14.59878985168799	-10372726794787.67
14.63100428356056	-11063028705398.17
14.66321871543312	-11799270004655.89
14.69543314730569	-12584507945332.12
14.72764757917825	-13422003239468.74
14.75986201105081	-14315233598532.8
14.79207644292338	-15267908174664.22
14.82429087479594	-16283982962984.26
14.85650530666851	-17367677228921.68
14.88871973854107	-18523491028780.62
14.92093417041363	-19756223896280.41
14.9531486022862	-21070994772696.51
14.98536303415876	-22473263263336.56
15.01757746603133	-23968852308632.51
15.04979189790389	-25563972363984.9
15.08200632977645	-27265247188770.34
15.11422076164902	-29079741351599.58
15.14643519352158	-31014989566041.27
15.17864962539415	-33079027978654.01
15.21086405726671	-35280427539108.77
15.24307848913928	-37628329591322.52
15.27529292101184	-40132483832931.71
15.3075073528844	-42803288801075.94
15.33972178475697	-45651835052476.55
15.37193621662953	-48689951217134.97
15.4041506485021	-51930253116892.22
15.43636508037466	-55386196152813.79
15.46857951224722	-59072131178939.98
15.50079394411979	-63003364093010.27
15.53300837599235	-67196219400557.11
15.56522280786492	-71668107992533.31
15.59743723973748	-76437599451883.36
15.62965167161004	-81524499161738.47
15.66186610348261	-86949930547612.77
15.69408053535517	-92736422792751.34
15.72629496722774	-98908004390899.77
15.7585093991003	-105490302924974.7
15.79072383097287	-112510651485980.4
15.82293826284543	-119998202173559
15.85515269471799	-127984047152546.8
15.88736712659056	-136501347760640.6
15.91958155846312	-145585472213291.8
15.95179599033569	-155274142470272.1
15.98401042220825	-165607590876671.9
16.01622485408081	-176628727228336.7
16.04843928595338	-188383316955517.9
16.08065371782594	-200920171165026.6
16.11286814969851	-214291349336913.3
16.14508258157107	-228552375441020.8
16.17729701344363	-243762468648194.5
16.2095114453162	-259984789074304.1
16.24172587718876	-277286700142354
16.27394030906133	-295740048291305.3
16.30615474093389	-315421461319437.9
16.33836917280646	-336412666582418.1
16.37058360467902	-358800830367349.7
16.40279803655158	-382678919852037.2
16.43501246842415	-408146089152563.5
16.46722690029671	-435308091062155.9
16.49944133216928	-464277716191406.8
16.53165576404184	-495175261332630.6
16.5638701959144	-528129028994283.3
16.59608462778697	-563275860178894.9
16.62829905965953	-600761702617414.4
16.6605134915321	-640742216819232
16.69272792340466	-683383422454742.1
16.72494235527722	-728862387754499.1
16.75715678714979	-777367964787544.9
16.78937121902235	-829101573672028.6
16.82158565089492	-884278038976902.2
16.85380008276748	-943126481781596.9
16.88601451464005	-1005891271106211
16.91822894651261	-1072833038657125
16.95044337838517	-1144229761103945
16.98265781025774	-1220377914381678
17.0148722421303	-1301593704811461
17.04708667400287	-1388214382151881
17.07930110587543	-1480599640033600
17.11151553774799	-1579133109594429
17.14372996962056	-1684223952505648
17.17594440149312	-1796308560032631
17.20815883336569	-1915852365149396
17.24037326523825	-2043351775257512
17.27258769711081	-2179336233525756
17.30480212898338	-2324370417411543
17.33701656085594	-2479056583495974
17.36923099272851	-2644037068376358
17.40144542460107	-2819996956069558
17.43365985647364	-3007666921710053
17.4658742883462	-3207826268697405
17.49808872021876	-3421306161252565
17.53030315209133	-3648993077958668
17.56251758396389	-3891832490512117
17.59473201583646	-4150832795823394
17.62694644770902	-4427069494774298
17.65916087958158	-4721689664558261
17.69137531145415	-5035916719769132
17.72358974332671	-5371055492859777
17.75580417519928	-5728497651827031
17.78801860707184	-6109727481399843
17.82023303894441	-6516328036299064
17.85244747081697	-6949987756216963
17.88466190268953	-7412507391916175
17.9168763345621	-7905807573402575
17.94909076643466	-8431936736632658
17.98130519830723	-8993079640608870
18.01351963017979	-9591566439438096
18.04573406205235	-1.022988235830651e+16
18.07794849392492	-1.091067801355554e+16
18.11016292579748	-1.163678041878554e+16
18.14237735767005	-1.241120472502838e+16
18.17459178954261	-1.323716674055271e+16
18.20680622141517	-1.411809628471966e+16
18.23902065328774	-1.505765143035799e+16
18.2712350851603	-1.605973369396461e+16
18.30344951703287	-1.712850423681e+16
18.33566394890543	-1.826840114421998e+16
18.367878380778	-1.948415785479128e+16
18.40009281265056	-2.078082281612556e+16
18.43230724452312	-2.216378044833535e+16
18.46452167639569	-2.363877350329098e+16
18.49673610826825	-2.521192691124773e+16
18.52895054014082	-2.688977321476362e+16
18.56116497201338	-2.867927969517971e+16
18.59337940388594	-3.0587877304356e+16
18.62559383575851	-3.262349152181096e+16
18.65780826763107	-3.479457526538993e+16
18.69002269950364	-3.711014399213041e+16
18.7222371313762	-3.957981313744655e+16
18.75445156324876	-4.221383803387545e+16
18.78666599512133	-4.502315651056517e+16
18.81888042699389	-4.801943430359806e+16
18.85109485886646	-5.121511350035373e+16
18.88330929073902	-5.462346420545884e+16
18.91552372261159	-5.825863964508457e+16
18.94773815448415	-6.2135734938434e+16
18.97995258635671	-6.627084978044017e+16
19.01216701822928	-7.068115529598602e+16
19.04438145010184	-7.538496534351563e+16
19.07659588197441	-8.040181256253182e+16
19.10881031384697	-8.575252948475904e+16
19.14102474571953	-9.145933504049571e+16
19.1732391775921	-9.754592682330142e+16
19.20545360946466	-1.040375794946007e+17
19.23766804133723	-1.109612497370816e+17
19.26988247320979	-1.183456881927222e+17
19.30209690508235	-1.262215588502456e+17
19.33431133695492	-1.34621566377788e+17
19.36652576882748	-1.435805919381669e+17
19.39874020070005	-1.531358380003746e+17
19.43095463257261	-1.633269828697788e+17
19.46316906444518	-1.741963454235977e+17
19.49538349631774	-1.857890608468363e+17
19.5275979281903	-1.98153268054918e+17
19.55981236006287	-2.11340309583385e+17
19.59202679193543	-2.254049447274892e+17
19.624241223808	-2.404055801627372e+17
19.65645565568056	-2.564044982520895e+17
19.68867008755312	-2.734681417333024e+17
19.72088451942569	-2.916673659628162e+17
19.75309895129825	-3.11077743199405e+17
19.78531338317082	-3.31779875318306e+17
19.81752781504338	-3.538597282257535e+17
19.84974224691594	-3.774089888336793e+17
19.88195667878851	-4.025254457909197e+17
19.91417111066107	-4.29313395552035e+17
19.94638554253364	-4.578840754698291e+17
19.9785999744062	-4.883561257101206e+17
20.01081440627877	-5.208560818924641e+17
20.04302883815133	-5.555189005880518e+17
20.07524327002389	-5.924885196452765e+17
20.10745770189646	-6.3191845594762e+17
20.13967213376902	-6.739724428817978e+17
20.17188656564159	-7.188251102430559e+17
20.20410099751415	-7.666627093878903e+17
20.23631542938671	-8.176838866455052e+17
20.26852986125928	-8.721005081994657e+17
20.30074429313184	-9.301385398649683e+17
20.33295872500441	-9.920389852389864e+17
20.36517315687697	-1.058058887143082e+18
20.39738758874953	-1.128472394046342e+18
20.4296020206221	-1.203571899066982e+18
20.46181645249466	-1.283669253999334e+18
20.49403088436723	-1.369097064283107e+18
20.52624531623979	-1.460210070152429e+18
20.55845974811236	-1.557386619699943e+18
20.59067417998492	-1.661030239973017e+18
20.62288861185748	-1.771571312625757e+18
20.65510304373005	-1.889468861358252e+18
20.68731747560261	-2.015212456949299e+18
20.71953190747518	-2.149324251747249e+18
20.75174633934774	-2.292361146935686e+18
20.7839607712203	-2.444917105302908e+18
20.81617520309287	-2.607625617676438e+18
20.84838963496543	-2.781162333492707e+18
20.880604066838	-2.966247866414691e+18
20.91281849871056	-3.163650786610583e+18
20.94503293058312	-3.374190811921626e+18
20.97724736245569	-3.598742223215501e+18
21.00946179432825	-3.83823745793931e+18
21.04167622620082	-4.09367102995e+18
21.07389065807338	-4.366103630880858e+18
21.10610508994595	-4.656666541078681e+18
21.13831952181851	-4.966566327261355e+18
21.17053395369107	-5.297089852803696e+18
21.20274838556364	-5.649609621455912e+18
21.2349628174362	-6.025589476684902e+18
21.26717724930877	-6.426590680305397e+18
21.29939168118133	-6.854278394713167e+18
21.33160611305389	-7.310428601200388e+18
21.36382054492646	-7.796935469307966e+18
21.39603497679902	-8.315819225888809e+18
21.42824940867159	-8.869234543290268e+18
21.46046384054415	-9.459479486660176e+18
21.49267827241671	-1.008900505669231e+19
21.52489270428928	-1.07604253674359e+19
21.55710713616184	-1.147652850143335e+19
21.58932156803441	-1.224028808725754e+19
21.62153599990697	-1.305487564637541e+19
21.65375043177954	-1.39236737671926e+19
21.6859648636521	-1.485029014523921e+19
21.71817929552466	-1.583857256773021e+19
21.75039372739723	-1.689262489035556e+19
21.78260815926979	-1.801682407771937e+19
21.81482259114236	-1.921583837601837e+19
21.84703702301492	-2.04946466864148e+19
21.87925145488748	-2.185855914706004e+19
21.91146588676005	-2.331324297202203e+19
21.94368031863261	-2.486472944570499e+19
21.97589475050518	-2.65194698638723e+19
22.00810918237774	-2.828433277409635e+19
22.0403236142503	-3.016664680167491e+19
22.07253804612287	-3.217422830594219e+19
22.10475247799543	-3.431541400711768e+19
22.136966909868	-3.659909378207898e+19
22.16918134174056	-3.903475300033334e+19
22.20139577361313	-4.163250437593013e+19
22.23361020548569	-4.440313530406439e+19
22.26582463735825	-4.7358151256271e+19
22.29803906923082	-5.050982225068061e+19
22.33025350110338	-5.387123601029846e+19
22.36246793297595	-5.745635084214395e+19
22.39468236484851	-6.128005393408239e+19
22.42689679672107	-6.53582222151565e+19
22.45911122859364	-6.970779465778065e+19
22.4913256604662	-7.434682756483462e+19
22.52354009233877	-7.929458692242579e+19
22.55575452421133	-8.457161824088166e+19
22.58796895608389	-9.019983391294847e+19
22.62018338795646	-9.620260631398349e+19
22.65239781982902	-1.02604861465979e+20
22.68461225170159	-1.094331848328316e+20
22.71682668357415	-1.167159311353592e+20
22.74904111544672	-1.244833420965009e+20
22.78125554731928	-1.327676720243322e+20
22.81346997919184	-1.416033217576163e+20
22.84568441106441	-1.510269815410422e+20
22.87789884293697	-1.610777834713512e+20
22.91011327480954	-1.717974599528279e+20
22.9423277066821	-1.832305301129772e+20
22.97454213855466	-1.9542446767409e+20
23.00675657042723	-2.084299081232514e+20
23.03897100229979	-2.223008567173268e+20
23.07118543417236	-2.370949127347915e+20
23.10339986604492	-2.528735086456756e+20
23.13561429791748	-2.697021651833806e+20
23.16782872979005	-2.876507633477393e+20
23.20004316166261	-3.067938343481102e+20
23.23225759353518	-3.272108817432593e+20
23.26447202540774	-3.489866702476353e+20
23.29668645728031	-3.72211631398122e+20
23.32890088915287	-3.96982207399102e+20
23.36111532102543	-4.234012588439401e+20
23.393329752898	-4.515784921651181e+20
23.42554418477056	-4.81630916411122e+20
23.45775861664313	-5.136833367755451e+20
23.48997304851569	-5.478692077745717e+20
23.52218748038825	-5.843291828487294e+20
23.55440191226082	-6.232162381679981e+20
23.58661634413338	-6.646911126036796e+20
23.61883077600595	-7.089262258384208e+20
23.65104520787851	-7.56104793179013e+20
23.68325963975107	-8.064234086597274e+20
23.71547407162364	-8.600906658799363e+20
23.7476885034962	-9.173294547606606e+20
23.77990293536877	-9.783774650839461e+20
23.81211736724133	-1.043488201007983e+21
23.8443317991139	-1.112932036365838e+21
23.87654623098646	-1.186997335237949e+21
23.90876066285902	-1.265991661051369e+21
23.94097509473159	-1.350243035651807e+21
23.97318952660415	-1.440101314123183e+21
24.00540395847672	-1.535939634285032e+21
24.03761839034928	-1.63815596615662e+21
24.06983282222184	-1.747174764535725e+21
24.10204725409441	-1.863448731554619e+21
24.13426168596697	-1.987460696533008e+21
24.16647611783954	-2.11972562093412e+21
24.1986905497121	-2.260792739539298e+21
24.23090498158466	-2.41124782980781e+21
24.26311941345723	-2.571715661358613e+21
24.29533384532979	-2.742862579148735e+21
24.32754827720236	-2.92539927320301e+21
24.35976270907492	-3.120083729767403e+21
24.39197714094749	-3.327724378861017e+21
24.42419157282005	-3.549183451297542e+21
24.45640600469261	-3.785380559115779e+21
24.48862043656518	-4.037296514287399e+21
24.52083486843774	-4.305977411333775e+21
24.55304930031031	-4.592538932860471e+21
24.58526373218287	-4.898171037831621e+21
24.61747816405543	-5.224142867672345e+21
24.649692595928	-5.571808024688186e+21
24.68190702780056	-5.942610192840568e+21
24.71412145967313	-6.338089132512477e+21
24.74633589154569	-6.759887074058111e+21
24.77855032341825	-7.209755536397679e+21
24.81076475529082	-7.68956259797054e+21
24.84297918716338	-8.201300799123481e+21
24.87519361903595	-8.747094939140816e+21
24.90740805090851	-9.32921152040921e+21
24.93962248278108	-9.950067796745958e+21
24.97183691465364	-1.06122419208024e+22
25.0040513465262	-1.13184828080783e+22
25.03626577839877	-1.207172496204018e+22
25.06848021027133	-1.287509471879594e+22
25.1006946421439	-1.373192846701963e+22
25.13290907401646	-1.464578423830747e+22
25.16512350588902	-1.562045710538758e+22
25.19733793776159	-1.665999382644791e+22
25.22955236963415	-1.776871140011602e+22
25.26176680150672	-1.895121379263145e+22
25.29398123337928	-2.02124113632695e+22
25.32619566525184	-2.155754125480635e+22
25.35841009712441	-2.299218914098934e+22
25.39062452899697	-2.452231242131386e+22
25.42283896086954	-2.615426495943969e+22
25.4550533927421	-2.789482346797434e+22
25.48726782461467	-2.97512160356918e+22
25.51948225648723	-3.173115063074915e+22
25.55169668835979	-3.384284927968031e+22
25.58391112023236	-3.609508083184434e+22
25.61612555210492	-3.849719769413446e+22
25.64833998397749	-4.105917466076187e+22
25.68055441585005	-4.379165032037305e+22
25.71276884772261	-4.670597120080111e+22
25.74498327959518	-4.98142387947658e+22
25.77719771146774	-5.312935948249274e+22
25.80941214334031	-5.666508833010253e+22
25.84162657521287	-6.043638526032046e+22
25.87384100708543	-6.445819011715783e+22
25.906055438958	-6.874785289435945e+22
25.93826987083056	-7.332299850710954e+22
25.97048430270313	-7.82026207096972e+22
26.00269873457569	-8.340698122393573e+22
26.03491316644826	-8.89576909054437e+22
26.06712759832082	-9.487779902327191e+22
26.09934203019338	-1.011918888534349e+23
26.13155646206595	-1.079261885068582e+23
26.16377089393851	-1.15108645199944e+23
26.19598532581108	-1.227690918651658e+23
26.22819975768364	-1.309393381593499e+23
26.2604141895562	-1.396533096124764e+23
26.29262862142877	-1.489471804081742e+23
26.32484305330133	-1.588596609333043e+23
26.3570574851739	-1.694316779829731e+23
26.38927191704646	-1.807072995175761e+23
26.42148634891903	-1.927333143040511e+23
26.45370078079159	-2.055596424473208e+23
26.48591521266415	-2.19239579033603e+23
26.51812964453672	-2.338299113288636e+23
26.55034407640928	-2.493912257918721e+23
26.58255850828185	-2.659881408703116e+23
26.61477294015441	-2.836895753252367e+23
26.64698737202697	-3.02569034412112e+23
26.67920180389954	-3.227049151066327e+23
26.7114162357721	-3.441808316427502e+23
26.74363066764467	-3.670859627146429e+23
26.77584509951723	-3.915154146654387e+23
26.80805953138979	-4.17570644699606e+23
26.84027396326236	-4.45359840860858e+23
26.87248839513492	-4.74998397747416e+23
26.90470282700749	-5.066093893533809e+23
26.93691725888005	-5.40324080102844e+23
26.96913169075262	-5.762824698805454e+23
27.00134612262518	-6.146338753144019e+23
27.03356055449774	-6.555375497098579e+23
27.06577498637031	-6.991633441860943e+23
27.09798941824287	-7.456925081902679e+23
27.13020385011544	-7.95318086307012e+23
27.162418281988	-8.482462085765178e+23
27.19463271386056	-9.046966357018821e+23
27.22684714573313	-9.649037163532111e+23
27.25906157760569	-1.029117236414142e+24
27.29127600947826	-1.097601999892743e+24
27.32349044135082	-1.170657296400942e+24
27.35570487322338	-1.248560005572992e+24
27.38791930509595	-1.331650520591572e+24
27.42013373696851	-1.420270401337137e+24
27.45234816884108	-1.514789096952035e+24
27.48456260071364	-1.615597972975597e+24
27.51677703258621	-1.723115641182002e+24
27.54899146445877	-1.837788570890893e+24
27.58120589633133	-1.960092943226738e+24
27.6134203282039	-2.090536628621348e+24
27.64563476007646	-2.229661295836749e+24
27.67784919194903	-2.378044661297822e+24
27.71006362382159	-2.5363028880916e+24
27.74227805569415	-2.705093326864841e+24
27.77449248756672	-2.885116504197083e+24
27.80670691943928	-3.077120144471361e+24
27.83892135131185	-3.28190154365636e+24
27.87113578318441	-3.500311058124744e+24
27.90335021505697	-3.733255635976408e+24
27.93556464692954	-3.981702583407541e+24
27.9677790788021	-4.246683581773989e+24
27.99999351067467	-4.529298972043694e+24
28.03220794254723	-4.830722324442192e+24
28.0644223744198	-5.15220573230787e+24
28.09663680629236	-5.495083356145659e+24
28.12885123816492	-5.86077936140484e+24
28.16106567003749	-6.250812306593709e+24
28.19328010191005	-6.666801812036139e+24
28.22549453378262	-7.110475286745285e+24
28.25770896565518	-7.583675103750521e+24
28.28992339752774	-8.088366254336391e+24
28.32213782940031	-8.626644514289594e+24
28.35435226127287	-9.200745158840622e+24
28.38656669314544	-9.813055762468413e+24
28.418781125018	-1.046611327383685e+25
28.45099555689056	-1.1162632351964e+25
28.48320998876313	-1.190550584015788e+25
28.51542442063569	-1.269781956435598e+25
28.54763885250826	-1.354286587387846e+25
28.57985328438082	-1.444415983970247e+25
28.61206771625339	-1.540546699978145e+25
28.64428214812595	-1.643101568433141e+25
28.67649657999851	-1.752363713723876e+25
28.70871101187108	-1.869020228537967e+25
28.74092544374364	-1.993402321619145e+25
28.77313987561621	-2.126062104670082e+25
28.80535430748877	-2.267550452347468e+25
28.83756873936133	-2.418454904126228e+25
28.8697831712339	-2.579402103199959e+25
28.90199760310646	-2.751060398180409e+25
28.93421203497903	-2.934142618217733e+25
28.96642646685159	-3.129409032971967e+25
28.99864089872415	-3.337670509675322e+25
29.03085533059672	-3.559791112800413e+25
29.06306976246928	-3.796694801965382e+25
29.09528419434185	-4.049364621912372e+25
29.12749862621441	-4.318849824127398e+25
29.15971305808698	-4.606269486413598e+25
29.19192748995954	-4.912817158924038e+25
29.2241419218321	-5.239765819080477e+25
29.25635635370467	-5.588473155833726e+25
29.28857078557723	-5.960387205044083e+25
29.3207852174498	-6.357052359158742e+25
29.35299964932236	-6.780106606289723e+25
29.38521408119492	-7.2313235236023e+25
29.41742851306749	-7.712569980129476e+25
29.44964294494005	-8.22584524101242e+25
29.48185737681262	-8.773282482461447e+25
29.51407180868518	-9.357159199423893e+25
29.54628624055774	-9.979912971535418e+25
29.57850067243031	-1.064419743340059e+26
29.61071510430287	-1.134619638186419e+26
29.64292953617544	-1.210754154105597e+26
29.675143968048	-1.291348966885189e+26
29.70735839992057	-1.377289208631153e+26
29.73957283179313	-1.468948286661411e+26
29.77178726366569	-1.566707001601652e+26
29.80400169553826	-1.670971383609904e+26
29.83621612741082	-1.782174437768658e+26
29.86843055928339	-1.900777963613567e+26
29.90064499115595	-2.027274481846158e+26
29.93285942302851	-2.162189283841117e+26
29.96507385490108	-2.306082615158456e+26
29.99728828677364	-2.459546450769072e+26
30.02950271864621	-2.623228900215421e+26
30.06171715051877	-2.797804893796015e+26
30.09393158239133	-2.98399966411325e+26
30.1261460142639	-3.182587029992055e+26
30.15836044613646	-3.394393396354685e+26
30.19057487800903	-3.620306138668446e+26
30.22278930988159	-3.861503536503576e+26
30.25500374175416	-4.118116371029305e+26
30.28721817362672	-4.392206895823872e+26
30.31943260549928	-4.684545501988857e+26
30.35164703737185	-4.99630124712322e+26
30.38386146924441	-5.328804366937144e+26
30.41607590111698	-5.683435639057573e+26
30.44829033298954	-6.06166774995679e+26
30.4805047648621	-6.465071420119812e+26
30.51271919673467	-6.895321941861028e+26
30.54493362860723	-7.354206160920071e+26
30.5771480604798	-7.843629938407086e+26
30.60936249235236	-8.365626139388328e+26
30.64157692422492	-8.922330462121354e+26
30.67379135609749	-9.516107484061616e+26
30.70600578797005	-1.014940211612797e+27
30.73822021984262	-1.082484907475002e+27
30.77043465171518	-1.154528351250295e+27
30.80264908358775	-1.231309410583138e+27
30.83486351546031	-1.31328884610934e+27
30.86707794733287	-1.400690150454097e+27
30.89929237920544	-1.493905723861122e+27
30.931506811078	-1.593323973795895e+27
30.96372124295057	-1.699377532223261e+27
30.99593567482313	-1.812464113563414e+27
31.02815010669569	-1.933076043003412e+27
31.06036453856826	-2.061714220302065e+27
31.09257897044082	-2.198912902140343e+27
31.12479340231339	-2.345241925039338e+27
31.15700783418595	-2.501309076544878e+27
31.18922226605851	-2.667762624579608e+27
31.22143669793108	-2.845294015523067e+27
31.25365112980364	-3.034640752287573e+27
31.28586556167621	-3.236609951602773e+27
31.31807999354877	-3.452001531817112e+27
31.35029442542134	-3.681726835122953e+27
31.3825088572939	-3.926739028516956e+27
31.41472328916646	-4.188053989055653e+27
31.44693772103903	-4.466753534564762e+27
31.47915215291159	-4.763986961119242e+27
31.51136658478416	-5.080964097911919e+27
31.54358101665672	-5.418880231221561e+27
31.57579544852928	-5.762990373637464e+27
31.60800988040185	-6.16526400082749e+27
31.64022431227441	-6.57527163003161e+27
31.67243874414698	-7.012769078175988e+27
31.70465317601954	-7.479435911219996e+27
31.7368676078921	-7.977183811590783e+27
31.76908203976467	-8.508071559977013e+27
31.80129647163723	-9.074300677747847e+27
31.8335109035098	-9.678221389811616e+27
31.86572533538236	-1.032234133818199e+28
31.89793976725493	-1.10093355838487e+28
31.93015419912749	-1.174205753338063e+28
31.96236863100005	-1.252355070152786e+28
31.99458306287262	-1.335706130740088e+28
32.02679749474518	-1.424605173469701e+28
32.05901192661774	-1.519421490175232e+28
32.0912263584903	-1.620548959608611e+28
32.12344079036286	-1.728407683450417e+28
32.15565522223542	-1.843445731528895e+28
32.18786965410798	-1.966141003415564e+28
32.22008408598055	-2.097003214085529e+28
