0
1000	1.0219978922	100000000000000.1
5	0	0	1
5	0	0	0
0.03786664528905326	66.34309050304003
0.07008107716161713	202.2229792568301
0.102295509034181	342.4771716281634
0.1345099409067449	487.2488877417563
0.1667243727793087	636.6860394683318
0.1989388046518726	790.941383610976
0.2311532365244365	950.172680138085
0.2633676683970003	1114.542855626703
0.2955821002695642	1284.220172085451
0.3277965321421281	1459.37840133185
0.360010964014692	1640.197005104614
0.3922253958872559	1826.861321097456
0.4244398277598198	2019.562755107095
0.4566542596323837	2218.498979494556
0.4888686915049476	2423.874138165362
0.5210831233775115	2635.89905828109
0.5532975552500754	2854.791468921674
0.5855119871226393	3080.776226925159
0.6177264189952032	3314.085550139039
0.6499408508677671	3554.959258325018
0.682155282740331	3803.645021967043
0.7143697146128949	4060.398619240649
0.7465841464854588	4325.484201410137
0.7787985783580227	4599.174566928948
0.8110130102305866	4881.751444527576
0.8432274421031505	5173.505785582696
0.8754418739757144	5474.738066071021
0.9076563058482783	5785.758598421048
0.9398707377208422	6106.887853586537
0.9720851695934061	6438.456793675775
1.00429960146597	6780.807202588054
1.036514033338534	7134.292058283817
1.068728465211098	7499.275939430976
1.100942897083662	7876.135312324409
1.133157328956226	8265.258965791483
1.165371760828789	8667.048455047492
1.197586192701353	9081.918469335158
1.229800624573917	9510.297219433258
1.262015056446481	9952.627004339591
1.294229488319045	10409.36457994447
1.326443920191609	10880.98161266562
1.358658352064173	11367.96527729385
1.390872783936737	11870.81865969682
1.423087215809301	12390.06134428908
1.455301647681865	12926.22993687364
1.487516079554428	13479.87849652602
1.519730511426992	14051.57941394538
1.551944943299556	14641.9236225478
1.58415937517212	15251.52155399157
1.616373807044684	15881.00351240352
1.648588238917248	16531.0205069877
1.680802670789812	17202.2448397371
1.713017102662376	17895.37080194465
1.74523153453494	18611.11549025162
1.777445966407504	19350.21935352852
1.809660398280067	20113.44723392228
1.841874830152631	20901.58888239725
1.874089262025195	21715.45993882884
1.906303693897759	22555.9028356941
1.938518125770323	23423.78742685379
1.970732557642887	24320.01218166234
2.002946989515451	25245.50490440732
2.035161421388014	26201.22378561443
2.067375853260578	27188.15842980393
2.099590285133142	28207.33081268525
2.131804717005705	29259.79637904865
2.164019148878269	30346.64516312482
2.196233580750833	31469.00270229444
2.228448012623396	32628.03159812024
2.26066244449596	33824.93251590984
2.292876876368524	35060.94517718162
2.325091308241087	36337.35020151718
2.357305740113651	37655.46994673993
2.389520171986215	39016.67005091954
2.421734603858778	40422.36102875079
2.453949035731342	41873.99944448792
2.486163467603906	43373.08953862713
2.518377899476469	44921.18484736133
2.550592331349033	46519.88974372859
2.582806763221597	48170.86115017735
2.61502119509416	49875.810115277
2.647235626966724	51636.5040825188
2.679450058839288	53454.76771947806
2.711664490711851	55332.4860781868
2.743878922584415	57271.60551638522
2.776093354456979	59274.13625589
2.808307786329542	61342.15440030531
2.840522218202106	63477.80387917296
2.87273665007467	65683.29886207727
2.904951081947234	67960.92594533782
2.937165513819797	70313.04693210901
2.969379945692361	72742.10024883602
3.001594377564925	75250.6049396188
3.033808809437488	77841.16202045752
3.066023241310052	80516.4578013087
3.098237673182616	83279.26652881588
3.130452105055179	86132.45341874278
3.162666536927743	89078.97716533908
3.194880968800307	92121.89364416308
3.22709540067287	95264.35856750185
3.259309832545434	98509.63106023693
3.291524264417998	101861.0770597355
3.323738696290561	105322.1723786336
3.355953128163125	108896.5069195794
3.388167560035689	112587.7881168458
3.420381991908252	116399.8444787195
3.452596423780816	120336.6301858104
3.48481085565338	124402.22874574
3.517025287525943	128600.8573469532
3.549239719398507	132936.8712070808
3.581454151271071	137414.7681661717
3.613668583143634	142039.1933557876
3.645883015016198	146814.9439752694
3.678097446888762	151746.974222325
3.710311878761325	156840.4005454926
3.742526310633889	162100.5068502232
3.774740742506453	167532.7502737247
3.806955174379016	173142.7659890442
3.83916960625158	178936.3744186722
3.871384038124144	184919.5860461149
3.903598469996707	191098.6083275621
3.935812901869271	197479.8518596531
3.968027333741835	204069.9371901671
4.000241765614398	210875.7015386453
4.032456197486963	217904.206113051
4.064670629359527	225162.742931677
4.096885061232091	232658.8432902204
4.129099493104655	240400.2846546007
4.161313924977219	248395.0992426004
4.193528356849783	256651.5822285468
4.225742788722347	265178.3002478719
4.257957220594911	273984.1006537587
4.290171652467476	283078.1202374554
4.32238608434004	292469.7950300913
4.354600516212604	302168.8697451462
4.386814948085168	312185.4088519849
4.419029379957732	322529.8050956565
4.451243811830296	333212.7927017315
4.48345824370286	344245.4565802476
4.515672675575424	355639.2448053045
4.547887107447989	367405.9802205357
4.580101539320553	379557.8726240988
4.612315971193117	392107.5317084324
4.644530403065681	405067.9799547027
4.676744834938245	418452.6660758794
4.708959266810809	432275.4793336109
4.741173698683373	446550.7633779734
4.773388130555937	461293.3315809719
4.805602562428501	476518.4826608611
4.837816994301066	492242.0155943717
4.87003142617363	508480.2467979381
4.902245858046194	525250.0270421723
4.934460289918758	542568.7587344679
4.966674721791322	560454.4139211571
4.998889153663886	578925.5531210306
5.03110358553645	598001.3443997243
5.063318017409014	617701.5833871571
5.095532449281579	638046.7138794081
5.127746881154143	659057.8489359833
5.159961313026707	680756.7928600601
5.192175744899271	703166.0637282175
5.224390176771835	726308.9168028509
5.256604608644399	750209.3692636268
5.288819040516963	774892.2233675959
5.321033472389527	800383.0946242642
5.353247904262092	826708.4364869611
5.385462336134656	853895.5686850465
5.41767676800722	881972.705307847
5.449891199879784	910968.9839701822
5.482105631752348	940914.4967555437
5.514320063624912	971840.3204558205
5.546534495497476	1003778.549139802
5.57874892737004	1036762.328036733
5.610963359242604	1070825.887475282
5.643177791115169	1106004.578188261
5.675392222987733	1142334.908413139
5.707606654860297	1179854.581628194
5.739821086732861	1218602.535643624
5.772035518605425	1258618.982968306
5.804249950477989	1299945.452951365
5.836464382350553	1342624.833941773
5.868678814223117	1386701.419207595
5.900893246095682	1432220.951562701
5.933107677968246	1479230.671432029
5.96532210984081	1527779.366281606
5.997536541713374	1577917.420133368
6.029750973585938	1629696.867097263
6.061965405458502	1683171.444872943
6.094179837331066	1738396.649780875
6.12639426920363	1795429.795801367
6.158608701076195	1854330.073004908
6.190823132948759	1915158.608867086
6.223037564821323	1977978.532987322
6.255251996693887	2042855.041066116
6.287466428566451	2109855.463542163
6.319680860439015	2179049.33520215
6.351895292311579	2250508.466989742
6.384109724184143	2324307.021436683
6.416324156056707	2400521.588276051
6.448538587929272	2479231.265681245
6.480753019801836	2560517.740594501
6.5129674516744	2644465.374426899
6.545181883546964	2731161.29157119
6.577396315419528	2820695.467280976
6.609610747292092	2913160.82251038
6.641825179164656	3008653.321856781
6.67403961103722	3107272.070583809
6.706254042909785	3209119.418497223
6.738468474782349	3314301.066882019
6.770682906654913	3422926.176786827
6.802897338527477	3535107.483672402
6.835111770400041	3650961.413590041
6.867326202272605	3770608.20438061
6.899540634145169	3894172.030334861
6.931755066017733	4021781.13075413
6.963969497890298	4153567.943704017
6.996183929762862	4289669.243208112
7.028398361635426	4430226.28067942
7.06061279350799	4575384.932403051
7.092827225380554	4725295.850285091
7.125041657253118	4880114.618390851
7.157256089125682	5040001.914776683
7.189470520998246	5205123.677257733
7.22168495287081	5375651.276788728
7.253899384743375	5551761.695004455
7.286113816615939	5733637.707036915
7.318328248488503	5921468.072522573
7.350542680361067	6115447.730532631
7.382757112233631	6315778.002383753
7.414971544106195	6522666.800498103
7.447185975978759	6736328.843931386
7.479400407851323	6956985.880834215
7.511614839723888	7184866.921464579
7.543829271596452	7420208.470781662
7.576043703469016	7663254.778088148
7.60825813534158	7914258.089004468
7.640472567214144	8173478.907270603
7.672686999086708	8441186.265426321
7.704901430959272	8717658.003800718
7.737115862831836	9003181.058548255
7.769330294704401	9298051.760493292
7.801544726576965	9602576.141283521
7.833759158449529	9917070.252288479
7.865973590322093	10241860.49224223
7.898188022194657	10577283.94453257
7.930402454067221	10923688.72957887
7.962616885939785	11281434.36476734
7.994831317812349	11650892.13716796
8.027045749684913	12032445.48973115
8.059260181557477	12426490.41878358
8.091474613430041	12833435.88556344
8.123689045302605	13253704.23941736
8.155903477175169	13687731.65761028
8.188117909047733	14135968.59752239
8.220332340920297	14598880.26329605
8.252546772792861	15076947.09020409
8.284761204665426	15570665.24165789
8.31697563653799	16080547.12555014
8.349190068410554	16607121.92546572
8.381404500283118	17150936.14933785
8.413618932155682	17712554.19773708
8.445833364028246	18292558.94848814
8.47804779590081	18891552.36325047
8.510262227773374	19510156.11021733
8.542476659645938	20149012.21062956
8.574691091518503	20808783.70537538
8.606905523391067	21490155.34181075
8.639119955263631	22193834.28538138
8.671334387136195	22920550.85330971
8.703548819008759	23671059.27436398
8.735763250881323	24446138.46737649
8.767977682753887	25246592.85319337
8.800192114626451	26073253.18751657
8.832406546499016	26926977.42670584
8.86462097837158	27808651.61389762
8.896835410244144	28719190.8002932
8.929049842116708	29659539.99517341
8.961264273989272	30630675.14651859
8.993478705861836	31633604.15369177
9.0256931377344	32669367.91317933
9.057907569606964	33739041.40042257
9.090122001479529	34843734.78341803
9.122336433352093	35984594.57583076
9.154550865224657	37162804.82793649
9.186765297097221	38379588.35370079
9.218979728969785	39636208.0010683
9.251194160842349	40933967.96183689
9.283408592714913	42274215.12630473
9.315623024587477	43658340.48005641
9.347837456460041	45087780.54827415
9.380051888332606	46564018.8860363
9.41226632020517	48088587.61917827
9.444480752077734	49663069.03306181
9.476695183950298	51289097.21565236
9.508909615822862	52968359.75348809
9.541124047695426	54702599.48161225
9.57333847956799	56493616.2955322
9.605552911440554	58343269.01614957
9.637767343313119	60253477.32041645
9.669981775185683	62226223.73338019
9.702196207058247	64263555.68638479
9.734410638930811	66367587.6407811
9.766625070803375	68540503.28353451
9.798839502675939	70784557.7929716
9.831053934548503	73102080.18027729
9.863268366421067	75495475.7044706
9.895482798293632	77967228.37139022
9.927697230166196	80519903.51074219
9.95991166203876	83156150.43764818
9.992126093911324	85878705.20282649
10.02434052578389	88690393.43324737
10.05655495765645	91594133.26331715
10.08876938952902	94592938.36416815
10.12098382140158	97689921.071445
10.15319825327414	100888295.6148488
10.18541268514671	104191381.4551304
10.21762711701927	107602606.7284579
10.24984154889184	111125511.8042942
10.2820559807644	114763752.9603193
10.31427041263697	118521106.176438
10.34648484450953	122401471.0546115
10.37869927638209	126408874.8653333
10.41091370825466	130547476.7274245
10.44312814012722	134821571.9256839
10.47534257199979	139235596.3649706
10.50755700387235	143794131.1829501
10.53977143574491	148501907.4929177
10.57198586761748	153363811.302284
10.60420029949004	158384888.5810153
10.63641473136261	163570350.4982497
10.66862916323517	168925578.8319542
10.70084359510773	174456131.5531412
10.7330580269803	180167748.5949686
10.76527245885286	186066357.8102109
10.79748689072543	192158081.1228814
10.82970132259799	198449240.8823387
10.86191575447056	204946366.4250034
10.89413018634312	211656200.8504227
10.92634461821568	218585708.020594
10.95855905008825	225742079.7863256
10.99077348196081	233132743.4525224
11.02298791383338	240765369.4853422
11.05520234570594	248647879.4746169
11.0874167775785	256788454.3543534
11.11963120945107	265195542.893234
11.15184564132363	273877870.463806
11.1840600731962	282844448.097726
11.21627450506876	292104581.8396863
11.24848893694132	301667882.4015898
11.28070336881389	311544275.1420976
11.31291780068645	321744010.3645064
11.34513223255902	332277673.9562749
11.37734666443158	343156198.3755406
11.40956109630415	354390873.9975353
11.44177552817671	365993360.8322208
11.47398996004927	377975700.6254616
11.50620439192184	390350329.3575227
11.5384188237944	403130090.1490293
11.57063325566697	416328246.5907617
11.60284768753953	429958496.5096508
11.63506211941209	444034986.1836528
11.66727655128466	458572325.0263557
11.69949098315722	473585600.7467722
11.73170541502979	489090395.0095541
11.76391984690235	505102799.6068103
11.79613427877491	521639433.1582527
11.82834871064748	538717458.3596543
11.86056314252004	556354599.7949381
11.89277757439261	574569162.3325617
11.92499200626517	593380050.1214069
11.95720643813774	612806786.2133516
11.9894208700103	632869532.8234619
12.02163530188286	653589112.2561593
12.05384973375543	674987028.5163944
12.08606416562799	697085489.6258703
12.11827859750056	719907430.6748164
12.15049302937312	743476537.6227721
12.18270746124568	767817271.882261
12.21492189311825	792954895.7069532
12.24713632499081	818915498.4084507
12.27935075686338	845726023.4358176
12.31156518873594	873414296.3364774
12.3437796206085	902009053.6378977
12.37599405248107	931539972.6697028
12.40820848435363	962037702.3659204
12.4404229162262	993533895.0734744
12.47263734809876	1026061239.403305
12.50485177997133	1059653494.156991
12.53706621184389	1094345523.362788
12.56928064371645	1130173332.459567
12.60149507558902	1167174105.665941
12.63370950746158	1205386244.572141
12.66592393933415	1244849407.995209
12.69813837120671	1285604553.139836
12.73035280307927	1327693978.104603
12.76256723495184	1371161365.783421
12.7947816668244	1416051829.201083
12.82699609869697	1462411958.33394
12.85921053056953	1510289868.466049
12.89142496244209	1559735250.12199
12.92363939431466	1610799420.641861
12.95585382618722	1663535377.440343
12.98806825805979	1717997853.010149
13.02028268993235	1774243371.730504
13.05249712180492	1832330308.52365
13.08471155367748	1892318949.445876
13.11692598555004	1954271554.254425
13.14914041742261	2018252421.024149
13.18135484929517	2084327952.878287
13.21356928116774	2152566726.91111
13.2457837130403	2223039565.355011
13.27799814491286	2295819609.085861
13.31021257678543	2370982393.53377
13.34242700865799	2448605927.077206
13.37464144053056	2528770772.006375
13.40685587240312	2611560128.13432
13.43907030427568	2697059919.146075
13.47128473614825	2785358881.775688
13.50349916802081	2876548657.902683
13.53571359989338	2970723889.664433
13.56792803176594	3067982317.679145
13.60014246363851	3168424882.488545
13.63235689551107	3272155829.319023
13.66457132738363	3379282816.272959
13.6967857592562	3489917026.065184
13.72900019112876	3604173281.411766
13.76121462300133	3722170164.201625
13.79342905487389	3844030138.567981
13.82564348674645	3969879677.986483
13.85785791861902	4099849396.540122
13.89007235049158	4234074184.475884
13.92228678236415	4372693348.202903
13.95450121423671	4515850754.871859
13.98671564610927	4663694981.689618
14.01893007798184	4816379470.121276
14.0511445098544	4974062685.140156
14.08335894172697	5136908279.693221
14.11557337359953	5305085264.547689
14.1477878054721	5478768183.702055
14.18000223734466	5658137295.538499
14.21221666921722	5843378759.903765
14.24443110108979	6034684831.318133
14.27664553296235	6232254058.5069
14.30885996483492	6436291490.469347
14.34107439670748	6647008889.286502
14.37328882858004	6864624949.902726
14.40550326045261	7089365527.099186
14.43771769232517	7321463869.899722
14.46993212419774	7561160863.649948
14.5021465560703	7808705280.022041
14.53436098794286	8064354035.206764
14.56657541981543	8328372456.550737
14.59878985168799	8601034557.935953
14.63100428356056	8882623324.161396
14.66321871543312	9173431004.643986
14.69543314730569	9473759416.732325
14.72764757917825	9783920258.949648
14.75986201105081	10104235434.49213
14.79207644292338	10435037385.3206
14.82429087479594	10776669437.18714
14.85650530666851	11129486155.9588
14.88871973854107	11493853715.60669
14.92093417041363	11870150278.24378
14.9531486022862	12258766386.59978
14.98536303415876	12660105369.35785
15.01757746603133	13074583759.74216
15.04979189790389	13502631727.82688
15.08200632977645	13944693526.99117
15.11422076164902	14401227954.98883
15.14643519352158	14872708830.11876
15.17864962539415	15359625482.97832
15.21086405726671	15862483264.32123
15.24307848913928	16381804069.53847
15.27529292101184	16918126880.31334
15.3075073528844	17472008324.00721
15.33972178475697	18044023251.35957
15.37193621662953	18634765333.10274
15.4041506485021	19244847676.10825
15.43636508037466	19874903459.70247
15.46857951224722	20525586592.81989
15.50079394411979	21197572392.66568
15.53300837599235	21891558285.60199
15.56522280786492	22608264530.97466
15.59743723973748	23348434968.64215
15.62965167161004	24112837790.97528
15.66186610348261	24902266340.13364
15.69408053535517	25717539931.43975
15.72629496722774	26559504703.71254
15.7585093991003	27429034497.44204
15.79072383097287	28327031761.70887
15.82293826284543	29254428490.80136
15.85515269471799	30212187191.49081
15.88736712659056	31201301881.97779
15.91958155846312	32222799123.54258
15.95179599033569	33277739085.9716
15.98401042220825	34367216647.8587
16.01622485408081	35492362532.93996
16.04843928595338	36654344483.61915
16.08065371782594	37854368472.92041
16.11286814969851	39093679956.12099
16.14508258157107	40373565163.34976
16.17729701344363	41695352434.51694
16.2095114453162	43060413597.94038
16.24172587718876	44470165394.11127
16.27394030906133	45926070946.0651
16.30615474093389	47429641277.89815
16.33836917280646	48982436882.99901
16.37058360467902	50586069343.61108
16.40279803655158	52242203003.43571
16.43501246842415	53952556694.9773
16.46722690029671	55718905523.44975
16.49944133216928	57543082709.0843
16.53165576404184	59426981489.75226
16.5638701959144	61372557085.87403
16.59608462778697	63381828729.66163
16.62829905965953	65456881760.7975
16.6605134915321	67599869790.71473
16.69272792340466	69813016937.74663
16.72494235527722	72098620135.4391
16.75715678714979	74459051516.44475
16.78937121902235	76896760874.45732
16.82158565089492	79414278206.75482
16.85380008276748	82014216339.96724
16.88601451464005	84699273641.82446
16.91822894651261	87472236821.6842
16.95044337838517	90335983822.7253
16.98265781025774	93293486808.8584
17.0148722421303	96347815249.39925
17.04708667400287	99502139104.74414
17.07930110587543	102759732116.336
17.11151553774799	106123975204.3519
17.14372996962056	109598359976.6004
17.17594440149312	113186492352.3241
17.20815883336569	116892096304.6329
17.24037326523825	120719017725.4471
17.27258769711081	124671228416.9976
17.30480212898338	128752830213.9808
17.33701656085594	132968059240.6853
17.36923099272851	137321290307.4795
17.40144542460107	141817041451.2538
17.43365985647364	146459978624.478
17.4658742883462	151254920537.8202
17.49808872021876	156206843661.2661
17.53030315209133	161320887388.9805
17.56251758396389	166602359373.2841
17.59473201583646	172056741033.2262
17.62694644770902	177689693243.518
17.65916087958158	183507062209.7128
17.69137531145415	189514885535.7475
17.72358974332671	195719398490.0902
17.75580417519928	202127040477.0742
17.78801860707184	208744461720.0868
17.82023303894441	215578530163.5316
17.85244747081697	222636338600.7991
17.88466190268953	229925212035.5552
17.9168763345621	237452715284.0569
17.94909076643466	245226660826.3472
17.98130519830723	253255116914.5125
18.01351963017979	261546415946.3443
18.04573406205235	270109163113.1978
18.07794849392492	278952245330.9643
18.11016292579748	288084840463.3824
18.14237735767005	297516426847.3899
18.17459178954261	307256793130.2568
18.20680622141517	317316048428.8107
18.23902065328774	327704632821.2476
18.2712350851603	338433328182.47
18.30344951703287	349513269374.0878
18.33566394890543	360955955800.8389
18.367878380778	372773263345.3351
18.40009281265056	384977456693.4924
18.43230724452312	397581202063.5743
18.46452167639569	410597580351.8634
18.49673610826825	424040100708.7881
18.52895054014082	437922714559.47
18.56116497201338	452259830083.3457
18.59337940388594	467066327167.7407
18.62559383575851	482357572851.0792
18.65780826763107	498149437271.7158
18.69002269950364	514458310138.785
18.7222371313762	531301117742.4471
18.75445156324876	548695340520.9056
18.78666599512133	566659031202.6104
18.81888042699389	585210833542.3967
18.85109485886646	604370001671.0746
18.88330929073902	624156420078.3807
18.91552372261159	644590624250.2769
18.94773815448415	665693821981.8573
18.97995258635671	687487915387.9305
19.01216701822928	709995523634.3514
19.04438145010184	733240006413.4182
19.07659588197441	757245488187.8995
19.10881031384697	782036883228.7378
19.14102474571953	807639921472.5697
19.1732391775921	834081175225.598
19.20545360946466	861388086741.8826
19.23766804133723	889588996704.5087
19.26988247320979	918713173639.0177
19.30209690508235	948790844290.0852
19.33431133695492	979853224992.426
19.36652576882748	1011932554068.904
19.39874020070005	1045062125289.257
19.43095463257261	1079276322424.336
19.46316906444518	1114610654931.367
19.49538349631774	1151101794807.768
19.5275979281903	1188787614651.406
19.55981236006287	1227707226966.822
19.59202679193543	1267901024758.506
19.624241223808	1309410723452.925
19.65645565568056	1352279404193.175
19.68867008755312	1396551558550.96
19.72088451942569	1442273134702.573
19.75309895129825	1489491585116.315
19.78531338317082	1538255915801.379
19.81752781504338	1588616737169.164
19.84974224691594	1640626316559.333
19.88195667878851	1694338632486.043
19.91417111066107	1749809430659.693
19.94638554253364	1807096281842.999
19.9785999744062	1866258641601.063
20.01081440627877	1927357912007.912
20.04302883815133	1990457505372.685
20.07524327002389	2055622910052.653
20.10745770189646	2122921758420.696
20.13967213376902	2192423897057.764
20.17188656564159	2264201459243.835
20.20410099751415	2338328939821.586
20.23631542938671	2414883272511.415
20.26852986125928	2493943909757.427
20.30074429313184	2575592905187.841
20.33295872500441	2659914998774.481
20.36517315687697	2746997704780.769
20.39738758874953	2836931402589.044
20.4296020206221	2929809430500.904
20.46181645249466	3025728182609.299
20.49403088436723	3124787208841.381
20.52624531623979	3227089318277.02
20.55845974811236	3332740685849.614
20.59067417998492	3441850962540.72
20.62288861185748	3554533389181.368
20.65510304373005	3670904913980.006
20.68731747560261	3791086313897.723
20.71953190747518	3915202319997.061
20.75174633934774	4043381746895.202
20.7839607712203	4175757626454.46
20.81617520309287	4312467345850.315
20.84838963496543	4453652790159.135
20.880604066838	4599460489614.827
20.91281849871056	4750041771685.427
20.94503293058312	4905552918129.14
20.97724736245569	5066155327192.704
21.00946179432825	5232015681118.371
21.04167622620082	5403306119136.91
21.07389065807338	5580204416122.42
21.10610508994595	5762894167097.145
21.13831952181851	5951564977776.117
21.17053395369107	6146412661351.142
21.20274838556364	6347639441715.398
21.2349628174362	6555454163343.23
21.26717724930877	6770072508040.028
21.29939168118133	6991717218788.422
21.33160611305389	7220618330923.643
21.36382054492646	7457013410876.257
21.39603497679902	7701147802731.783
21.42824940867159	7953274882861.727
21.46046384054415	8213656322892.33
21.49267827241671	8482562361280.675
21.52489270428928	8760272083782.806
21.55710713616184	9047073713105.438
21.58932156803441	9343264908037.066
21.62153599990697	9649153072376.354
21.65375043177954	9965055673971.25
21.6859648636521	10291300574204.81
21.71817929552466	10628226368266.87
21.75039372739723	10976182736567.97
21.78260815926979	11335530807654.67
21.81482259114236	11706643533009.83
21.84703702301492	12089906074120.9
21.87925145488748	12485716202221.17
21.91146588676005	12894484711119.47
21.94368031863261	13316635843542.8
21.97589475050518	13752607731438.91
22.00810918237774	14202852850692.49
22.0403236142503	14667838490730.63
22.07253804612287	15148047239499.27
22.10475247799543	15643977484318.88
22.136966909868	16156143929139.68
22.16918134174056	16685078128725.63
22.20139577361313	17231329040333.99
22.23361020548569	17795463593450.03
22.26582463735825	18378067278178.09
22.29803906923082	18979744752893
22.33025350110338	19601120471789.78
22.36246793297595	20242839332972.39
22.39468236484851	20905567347765.31
22.42689679672107	21589992331935.1
22.45911122859364	22296824619541.3
22.4913256604662	23026797800161.2
22.52354009233877	23780669480246.38
22.55575452421133	24559222069407.21
22.58796895608389	25363263592438.49
22.62018338795646	26193628527933.17
22.65239781982902	27051178674345.43
22.68461225170159	27936804044411.34
22.71682668357415	28851423788854.14
22.74904111544672	29795987150322.06
22.78125554731928	30771474448568.82
22.81346997919184	31778898097876.55
22.84568441106441	32819303657795.16
22.87789884293697	33893770918276.47
22.91011327480954	35003415020342.51
22.9423277066821	36149387613431.59
22.97454213855466	37332878050644.88
23.00675657042723	38555114623117.55
23.03897100229979	39817365834802.7
23.07118543417236	41120941718996.27
23.10339986604492	42467195197953.45
23.13561429791748	43857523487024.38
23.16782872979005	45293369544754.87
23.20004316166261	46776223570470.14
23.23225759353518	48307624550876.23
23.26447202540774	49889161857299.85
23.29668645728031	51522476895229.03
23.32890088915287	53209264807837.64
23.36111532102543	54951276235304.38
23.393329752898	56750319131711.27
23.42554418477056	58608260641435.48
23.45775861664313	60527029036964.32
23.48997304851569	62508615720166.21
23.52218748038825	64555077289059.56
23.55440191226082	66668537672265.39
23.58661634413338	68851190333325.34
23.61883077600595	71105300547190.67
23.65104520787851	73433207751249.61
23.68325963975107	75837327973308.55
23.71547407162364	78320156339073.3
23.7476885034962	80884269661714.62
23.77990293536877	83532329116228.64
23.81211736724133	86267083001331.06
23.8443317991139	89091369591781.14
23.87654623098646	92008120084104.58
23.90876066285902	95020361638716.91
23.94097509473159	98131220521686.83
23.97318952660415	101343925349322.9
24.00540395847672	104661810439001.3
24.03761839034928	108088319269682.7
24.06983282222184	111627008055748.9
24.10204725409441	115281549437803
24.13426168596697	119055736294336.5
24.16647611783954	122953485678166.1
24.1986905497121	126978842881745.4
24.23090498158466	131135985635591.2
24.26311941345723	135429228444128.7
24.29533384532979	139863027063509.9
24.32754827720236	144441983126013.6
24.35976270907492	149170848915872.7
24.39197714094749	154054532301416.9
24.42419157282005	159098101828703.1
24.45640600469261	164306791981935.2
24.48862043656518	169686008616035.1
24.52083486843774	175241334567152.1
24.55304930031031	180978535446782.7
24.58526373218287	186903565625626.8
24.61747816405543	193022574413312.4
24.649692595928	199341912440492.1
24.68190702780056	205868138249811.5
24.71412145967313	212608025102713.8
24.74633589154569	219568568009058.2
24.77855032341825	226756990986885.6
24.81076475529082	234180754559887.7
24.84297918716338	241847563500290.2
24.87519361903595	249765374825254.8
24.90740805090851	257942406055049.7
24.93962248278108	266387143741642
24.97183691465364	275108352276425.9
25.0040513465262	284115082986333.4
25.03626577839877	293416683527806.6
25.06848021027133	303022807588176.9
25.1006946421439	312943424904812.3
25.13290907401646	323188831612156.8
25.16512350588902	333769660927586.3
25.19733793776159	344696894187051.9
25.22955236963415	355981872242113.7
25.26176680150672	367636307229966.2
25.29398123337928	379672294728914.6
25.32619566525184	392102326311724.9
25.35841009712441	404939302509999.6
25.39062452899697	418196546203001.7
25.42283896086954	431887816444765.7
25.4550533927421	446027322743918.4
25.48726782461467	460629739810970.4
25.51948225648723	475710222788519.2
25.55169668835979	491284422979922.2
25.58391112023236	507368504092973.9
25.61612555210492	523979159015469.3
25.64833998397749	541133627139759.5
25.68055441585005	558849712254759.2
25.71276884772261	577145801023485
25.74498327959518	596040882065666.4
25.77719771146774	615554565664985.2
25.80941214334031	635707104121687.6
25.84162657521287	656519412771270.8
25.87384100708543	678013091691509
25.906055438958	700210448119981.5
25.93826987083056	723134519605601.1
25.97048430270313	746809097918149.6
26.00269873457569	771258753740447
26.03491316644826	796508862168990.5
26.06712759832082	822585629049377
26.09934203019338	849516118174119
26.13155646206595	877328279370616.1
26.16377089393851	906050977508765
26.19598532581108	935714022458489
26.22819975768364	966348200027559.6
26.2604141895562	997985303912795.2
26.29262862142877	1030658168696922
26.32484305330133	1064400703925911
26.3570574851739	1099247929301773
26.38927191704646	1135236011027874
26.42148634891903	1172402299343698
26.45370078079159	1210785367288806
26.48591521266415	1250425050735651
26.51812964453672	1291362489733103
26.55034407640928	1333640171203630
26.58255850828185	1377301973038084
26.61477294015441	1422393209634248
26.64698737202697	1468960678926113
26.67920180389954	1517052710953195
26.7114162357721	1566719218019465
26.74363066764467	1618011746494590
26.77584509951723	1670983530311458
26.80805953138979	1725689546214348
26.84027396326236	1782186570816731
26.87248839513492	1840533239526408
26.90470282700749	1900790107400115
26.93691725888005	1963019711990137
26.96913169075262	2027286638249026
27.00134612262518	2093657585558400
27.03356055449774	2162201436952890
27.06577498637031	2232989330609866
27.09798941824287	2306094733679886
27.13020385011544	2381593518534488
27.162418281988	2459564041509696
27.19463271386056	2540087224227888
27.22684714573313	2623246637581662
27.25906157760569	2709128588467946
27.29127600947826	2797822209360802
27.32349044135082	2889419550816964
27.35570487322338	2984015677010683
27.38791930509595	3081708764394678
27.42013373696851	3182600203592864
27.45234816884108	3286794704627571
27.48456260071364	3394400405592458
27.51677703258621	3505528984882689
27.54899146445877	3620295777100364
27.58120589633133	3738819892753242
27.6134203282039	3861224341873351
27.64563476007646	3987636161681794
27.67784919194903	4118186548433692
27.71006362382159	4253010993579850
27.74227805569415	4392249424385226
27.77449248756672	4536046349151776
27.80670691943928	4684551007195118
27.83892135131185	4837917523732397
27.87113578318441	4996305069839525
27.90335021505697	5159878027645597
27.93556464692954	5328806160936887
27.9677790788021	5503264791343547
27.99999351067467	5683434980297428
28.03220794254723	5869503716944493
28.0644223744198	6061664112210727
28.09663680629236	6260115599220117
28.12885123816492	6465064140276311
28.16106567003749	6676722440617780
28.19328010191005	6895310169173292
28.22549453378262	7121054186543097
28.25770896565518	7354188780444480
28.28992339752774	7594955908866402
28.32213782940031	7843605451182869
28.35435226127287	8100395467488717
28.38656669314544	8365592466424539
28.418781125018	8639471681772075
28.45099555689056	8922317358102282
28.48320998876313	9214423045775768
28.51542442063569	9516091905603810
28.54763885250826	9827637023478436
28.57985328438082	1.014938173530867e+16
28.61206771625339	1.048165996259038e+16
28.64428214812595	1.082481655896469e+16
28.67649657999851	1.117920766812009e+16
28.70871101187108	1.154520109341536e+16
28.74092544374364	1.192317667959899e+16
28.77313987561621	1.231352670702895e+16
28.80535430748877	1.271665629879662e+16
28.83756873936133	1.313298384118006e+16
28.8697831712339	1.356294141786379e+16
28.90199760310646	1.400697525837158e+16
28.93421203497903	1.44655462011822e+16
28.96642646685159	1.493913017200496e+16
28.99864089872415	1.542821867771762e+16
29.03085533059672	1.593331931646995e+16
29.06306976246928	1.64549563044888e+16
29.09528419434185	1.699367102013442e+16
29.12749862621441	1.755002256575989e+16
29.15971305808698	1.812458834797459e+16
29.19192748995954	1.871796467689695e+16
29.2241419218321	1.933076738503048e+16
29.25635635370467	1.996363246639671e+16
29.28857078557723	2.061721673659955e+16
29.3207852174498	2.12921985144905e+16
29.35299964932236	2.198927832615729e+16
29.38521408119492	2.270917963195586e+16
29.41742851306749	2.345264957734608e+16
29.44964294494005	2.422045976831112e+16
29.48185737681262	2.501340707215806e+16
29.51407180868518	2.5832314444539e+16
29.54628624055774	2.667803178354385e+16
29.57850067243031	2.755143681176299e+16
29.61071510430287	2.845343598721829e+16
29.64292953617544	2.938496544411805e+16
29.675143968048	3.034699196442092e+16
29.70735839992057	3.134051398118983e+16
29.73957283179313	3.236656261481298e+16
29.77178726366569	3.342620274313456e+16
29.80400169553826	3.452053410662906e+16
29.83621612741082	3.565069244974854e+16
29.86843055928339	3.681785069965011e+16
29.90064499115595	3.802322018349656e+16
29.93285942302851	3.926805188562261e+16
29.96507385490108	4.055363774584962e+16
29.99728828677364	4.188131200031059e+16
30.02950271864621	4.325245256617455e+16
30.06171715051877	4.466848247169647e+16
30.09393158239133	4.613087133309105e+16
30.1261460142639	4.764113687975026e+16
30.15836044613646	4.920084652940915e+16
30.19057487800903	5.081161901486351e+16
30.22278930988159	5.247512606394679e+16
30.25500374175416	5.419309413452395e+16
30.28721817362672	5.596730620625642e+16
30.31943260549928	5.779960363105899e+16
30.35164703737185	5.969188804411262e+16
30.38386146924441	6.164612333745593e+16
30.41607590111698	6.366433769817556e+16
30.44829033298954	6.574862571334633e+16
30.4805047648621	6.790115054385683e+16
30.51271919673467	7.012414616942344e+16
30.54493362860723	7.24199197070897e+16
30.5771480604798	7.47908538056351e+16
30.60936249235236	7.72394091183809e+16
30.64157692422492	7.976812685693734e+16
30.67379135609749	8.237963142856544e+16
30.70600578797005	8.507663315987189e+16
30.73822021984262	8.786193110969878e+16
30.77043465171518	9.073841597407413e+16
30.80264908358775	9.370907308627006e+16
30.83486351546031	9.677698551511118e+16
30.86707794733287	9.994533726465968e+16
30.89929237920544	1.032174165787138e+17
30.931506811078	1.065966193534441e+17
30.96372124295057	1.100864526617809e+17
30.99593567482313	1.136905383931606e+17
31.02815010669569	1.174126170124731e+17
31.06036453856826	1.212565514420204e+17
31.09257897044082	1.252263310706053e+17
31.12479340231339	1.293260758938419e+17
31.15700783418595	1.335600407900304e+17
31.18922226605851	1.379326199360269e+17
31.22143669793108	1.424483513676547e+17
31.25365112980364	1.471119216894362e+17
31.28586556167621	1.519281709384927e+17
31.31807999354877	1.569020976077277e+17
31.35029442542134	1.620388638334072e+17
31.3825088572939	1.673438007525853e+17
31.41472328916646	1.728224140359752e+17
31.44693772103903	1.784803896018618e+17
31.47915215291159	1.843235995171843e+17
31.51136658478416	1.903581080917297e+17
31.54358101665672	1.965901781718864e+17
31.57579544852928	2.030262776404008e+17
31.60800988040185	2.096730861290043e+17
31.64022431227441	2.165375019507091e+17
31.67243874414698	2.236266492591242e+17
31.70465317601954	2.309478854421089e+17
31.7368676078921	2.385088087575092e+17
31.76908203976467	2.46317266218899e+17
31.80129647163723	2.543813617394311e+17
31.8335109035098	2.627094645423459e+17
31.86572533538236	2.713102178467867e+17
31.89793976725493	2.80192547838059e+17
31.93015419912749	2.893656729314663e+17
31.96236863100005	2.988391133394456e+17
31.99458306287262	3.086227009520171e+17
32.02679749474518	3.187265895405219e+17
32.05901192661774	3.29161265295609e+17
32.0912263584903	3.399375577100716e+17
32.12344079036286	3.510666508180635e+17
32.15565522223542	3.625600948021492e+17
32.18786965410798	3.744298179805468e+17
32.22008408598055	3.866881391866164e+17
0
1000	1.0219978922	100000000000000.1
5	0	0	1
5	0	0	0
0.03786664528905326	-3997.269262429415
0.07008107716161713	-3995.120015294326
0.102295509034181	-3993.039139962355
0.1345099409067449	-3991.024545289118
0.1667243727793087	-3989.074189977077
0.1989388046518726	-3987.186083139711
0.2311532365244365	-3985.358284629465
0.2633676683970003	-3983.588905156164
0.2955821002695642	-3981.876106219718
0.3277965321421281	-3980.218099879789
0.360010964014692	-3978.613148382322
0.3922253958872559	-3977.059563661536
0.4244398277598198	-3975.555706733902
0.4566542596323837	-3974.099986999467
0.4888686915049476	-3972.69086146408
0.5210831233775115	-3971.326833894827
0.5532975552500754	-3970.006453920054
0.5855119871226393	-3968.728316083609
0.6177264189952032	-3967.491058862549
0.6499408508677671	-3966.293363656164
0.682155282740331	-3965.133953753535
0.7143697146128949	-3964.011593285833
0.7465841464854588	-3962.925086169118
0.7787985783580227	-3961.873275042524
0.8110130102305866	-3960.855040206222
0.8432274421031505	-3959.869298562991
0.8754418739757144	-3958.915002566633
0.9076563058482783	-3957.991139180306
0.9398707377208422	-3957.096728847143
0.9720851695934061	-3956.230824475334
1.00429960146597	-3955.392171457946
1.036514033338534	-3954.580602574791
1.068728465211098	-3953.794907947659
1.100942897083662	-3953.034255471601
1.133157328956226	-3952.297839927107
1.165371760828789	-3951.584882237903
1.197586192701353	-3950.894628732302
1.229800624573917	-3950.226350410349
1.262015056446481	-3949.579342218528
1.294229488319045	-3948.952922333714
1.326443920191609	-3948.346186042776
1.358658352064173	-3947.759015625837
1.390872783936737	-3947.190538304661
1.423087215809301	-3946.640154576902
1.455301647681865	-3946.10728420773
1.487516079554428	-3945.59136570524
1.519730511426992	-3945.091855797538
1.551944943299556	-3944.60822891341
1.58415937517212	-3944.139976667586
1.616373807044684	-3943.686607352285
1.648588238917248	-3943.247467745169
1.680802670789812	-3942.822474309122
1.713017102662376	-3942.410996711621
1.74523153453494	-3942.012602367077
1.777445966407504	-3941.626872538377
1.809660398280067	-3941.253401963723
1.841874830152631	-3940.891798484219
1.874089262025195	-3940.541682673718
1.906303693897759	-3940.202687471685
1.938518125770323	-3939.874457820104
1.970732557642887	-3939.556521632578
2.002946989515451	-3939.24881928627
2.035161421388014	-3938.950895149102
2.067375853260578	-3938.662436724954
2.099590285133142	-3938.383141492843
2.131804717005705	-3938.112716640205
2.164019148878269	-3937.850878796522
2.196233580750833	-3937.597353768327
2.228448012623396	-3937.351876276203
2.26066244449596	-3937.114189694619
2.292876876368524	-3936.883952605504
2.325091308241087	-3936.661122276596
2.357305740113651	-3936.445369143447
2.389520171986215	-3936.236467274362
2.421734603858778	-3936.034197934368
2.453949035731342	-3935.838349393783
2.486163467603906	-3935.648716737091
2.518377899476469	-3935.465101672642
2.550592331349033	-3935.287312343609
2.582806763221597	-3935.115163141048
2.61502119509416	-3934.948407020077
2.647235626966724	-3934.787013261545
2.679450058839288	-3934.630743373297
2.711664490711851	-3934.479433910074
2.743878922584415	-3934.332926624818
2.776093354456979	-3934.191068331093
2.808307786329542	-3934.053710765488
2.840522218202106	-3933.920710450589
2.87273665007467	-3933.791928558981
2.904951081947234	-3933.667230778425
2.937165513819797	-3933.546438283286
2.969379945692361	-3933.429528942053
3.001594377564925	-3933.316330107287
3.033808809437488	-3933.206723485984
3.066023241310052	-3933.100594543119
3.098237673182616	-3932.997832402424
3.130452105055179	-3932.898329747215
3.162666536927743	-3932.801982721637
3.194880968800307	-3932.708690832422
3.22709540067287	-3932.618356851766
3.259309832545434	-3932.530851299287
3.291524264417998	-3932.446158205209
3.323738696290561	-3932.364152555806
3.355953128163125	-3932.284748709443
3.388167560035689	-3932.207863742927
3.420381991908252	-3932.133417379939
3.452596423780816	-3932.06133191945
3.48481085565338	-3931.991532164302
3.517025287525943	-3931.923945350369
3.549239719398507	-3931.858501076382
3.581454151271071	-3931.79510557193
3.613668583143634	-3931.733747300224
3.645883015016198	-3931.674335722125
3.678097446888762	-3931.616808820434
3.710311878761325	-3931.561106545348
3.742526310633889	-3931.507170762739
3.774740742506453	-3931.454945202398
3.806955174379016	-3931.404375406431
3.83916960625158	-3931.355408678112
3.871384038124144	-3931.307994031024
3.903598469996707	-3931.262063546165
3.935812901869271	-3931.217608882271
3.968027333741835	-3931.174564458918
4.000241765614398	-3931.132885358925
4.032456197486963	-3931.092528089367
4.064670629359527	-3931.053450544264
4.096885061232091	-3931.015611967105
4.129099493104655	-3930.978972913569
4.161313924977219	-3930.943495214436
4.193528356849783	-3930.909141938909
4.225742788722347	-3930.875863887185
4.257957220594911	-3930.84365502482
4.290171652467476	-3930.812467845046
4.32238608434004	-3930.78226981172
4.354600516212604	-3930.753029420036
4.386814948085168	-3930.724716169513
4.419029379957732	-3930.697300536936
4.451243811830296	-3930.670753949315
4.48345824370286	-3930.645048757113
4.515672675575424	-3930.620158207676
4.547887107447989	-3930.596046658426
4.580101539320553	-3930.572709741852
4.612315971193117	-3930.550113041392
4.644530403065681	-3930.528232987091
4.676744834938245	-3930.507046755949
4.708959266810809	-3930.48653225239
4.741173698683373	-3930.466668088625
4.773388130555937	-3930.447433565127
4.805602562428501	-3930.428808651229
4.837816994301066	-3930.410773965868
4.87003142617363	-3930.393303686504
4.902245858046194	-3930.376394651088
4.934460289918758	-3930.36002192504
4.966674721791322	-3930.344168432624
4.998889153663886	-3930.328817639153
5.03110358553645	-3930.313953536863
5.063318017409014	-3930.299560630707
5.095532449281579	-3930.285623924189
5.127746881154143	-3930.272128905297
5.159961313026707	-3930.259061532625
5.192175744899271	-3930.246403097325
5.224390176771835	-3930.234151309585
5.256604608644399	-3930.222288103774
5.288819040516963	-3930.210801108443
5.321033472389527	-3930.199678344078
5.353247904262092	-3930.188908212932
5.385462336134656	-3930.17847948862
5.41767676800722	-3930.168381305954
5.449891199879784	-3930.158603150753
5.482105631752348	-3930.149134849709
5.514320063624912	-3930.139962847591
5.546534495497476	-3930.131085485916
5.57874892737004	-3930.122489675411
5.610963359242604	-3930.11416645259
5.643177791115169	-3930.106107137946
5.675392222987733	-3930.098303328492
5.707606654860297	-3930.09074689036
5.739821086732861	-3930.083429951301
5.772035518605425	-3930.076344893387
5.804249950477989	-3930.069484345659
5.836464382350553	-3930.062838486625
5.868678814223117	-3930.05640611495
5.900893246095682	-3930.050177746718
5.933107677968246	-3930.044146887469
5.96532210984081	-3930.038307248479
5.997536541713374	-3930.032652741376
6.029750973585938	-3930.027177472748
6.061965405458502	-3930.021875738739
6.094179837331066	-3930.016742019763
6.12639426920363	-3930.011770975126
6.158608701076195	-3930.006955488578
6.190823132948759	-3930.002294689793
6.223037564821323	-3929.997781707067
6.255251996693887	-3929.993411834782
6.287466428566451	-3929.989180516367
6.319680860439015	-3929.985083340416
6.351895292311579	-3929.981116036781
6.384109724184143	-3929.977274472676
6.416324156056707	-3929.973554648785
6.448538587929272	-3929.969952695444
6.480753019801836	-3929.966463456375
6.5129674516744	-3929.963086301102
6.545181883546964	-3929.959816250534
6.577396315419528	-3929.956649895141
6.609610747292092	-3929.953583933355
6.641825179164656	-3929.95061516882
6.67403961103722	-3929.947740507509
6.706254042909785	-3929.944956954901
6.738468474782349	-3929.94226161321
6.770682906654913	-3929.939651678589
6.802897338527477	-3929.937123414925
6.835111770400041	-3929.934676365407
6.867326202272605	-3929.932306922296
6.899540634145169	-3929.930012615128
6.931755066017733	-3929.92779105168
6.963969497890298	-3929.925639915938
6.996183929762862	-3929.92355696603
7.028398361635426	-3929.921540032213
7.06061279350799	-3929.919587014791
7.092827225380554	-3929.917695882174
7.125041657253118	-3929.915863927207
7.157256089125682	-3929.914090818967
7.189470520998246	-3929.912373943309
7.22168495287081	-3929.910711510211
7.253899384743375	-3929.909101786282
7.286113816615939	-3929.907543093396
7.318328248488503	-3929.906033807142
7.350542680361067	-3929.904572355352
7.382757112233631	-3929.903157216637
7.414971544106195	-3929.901786918918
7.447185975978759	-3929.900459500654
7.479400407851323	-3929.899174722055
7.511614839723888	-3929.897930688959
7.543829271596452	-3929.896726104326
7.576043703469016	-3929.895559712213
7.60825813534158	-3929.89443029664
7.640472567214144	-3929.893336680584
7.672686999086708	-3929.892277724879
7.704901430959272	-3929.891252327138
7.737115862831836	-3929.890259420732
7.769330294704401	-3929.889297584356
7.801544726576965	-3929.888366644254
7.833759158449529	-3929.887465227941
7.865973590322093	-3929.886592395604
7.898188022194657	-3929.885747237181
7.930402454067221	-3929.884928871634
7.962616885939785	-3929.884136446056
7.994831317812349	-3929.883369135056
8.027045749684913	-3929.882626139851
8.059260181557477	-3929.881906687565
8.091474613430041	-3929.881209748342
8.123689045302605	-3929.880535196267
8.155903477175169	-3929.879882036879
8.188117909047733	-3929.879249589193
8.220332340920297	-3929.878637193779
8.252546772792861	-3929.878044212233
8.284761204665426	-3929.877470026588
8.31697563653799	-3929.876914038742
8.349190068410554	-3929.876375669925
8.381404500283118	-3929.875854360105
8.413618932155682	-3929.875349363055
8.445833364028246	-3929.874860587558
8.47804779590081	-3929.874387313029
8.510262227773374	-3929.873929046013
8.542476659645938	-3929.873485308735
8.574691091518503	-3929.873055638576
8.606905523391067	-3929.872639587779
8.639119955263631	-3929.872236722955
8.671334387136195	-3929.871846624752
8.703548819008759	-3929.871468887356
8.735763250881323	-3929.871102970068
8.767977682753887	-3929.870748806797
8.800192114626451	-3929.870405875406
8.832406546499016	-3929.870073818349
8.86462097837158	-3929.869752289413
8.896835410244144	-3929.869440953411
8.929049842116708	-3929.869139485905
8.961264273989272	-3929.86884757286
8.993478705861836	-3929.868564910389
9.0256931377344	-3929.868291204486
9.057907569606964	-3929.868026063341
9.090122001479529	-3929.867769439072
9.122336433352093	-3929.867520953329
9.154550865224657	-3929.867280347064
9.186765297097221	-3929.867047369391
9.218979728969785	-3929.866821777454
9.251194160842349	-3929.866603336141
9.283408592714913	-3929.866391817928
9.315623024587477	-3929.866187002613
9.347837456460041	-3929.865988677169
9.380051888332606	-3929.865796557685
9.41226632020517	-3929.865610609472
9.444480752077734	-3929.865430558377
9.476695183950298	-3929.865256216691
9.508909615822862	-3929.865087402633
9.541124047695426	-3929.864923940221
9.57333847956799	-3929.86476565911
9.605552911440554	-3929.86461239443
9.637767343313119	-3929.864463986628
9.669981775185683	-3929.864320281321
9.702196207058247	-3929.864181072827
9.734410638930811	-3929.864046335992
9.766625070803375	-3929.863915872155
9.798839502675939	-3929.863789545322
9.831053934548503	-3929.863667223778
9.863268366421067	-3929.863548780004
9.895482798293632	-3929.863434090549
9.927697230166196	-3929.863323035966
9.95991166203876	-3929.86321550065
9.992126093911324	-3929.863111372741
10.02434052578389	-3929.863010503175
10.05655495765645	-3929.862912873748
10.08876938952902	-3929.862818340514
10.12098382140158	-3929.862726804931
10.15319825327414	-3929.862638171528
10.18541268514671	-3929.862552347944
10.21762711701927	-3929.862469244724
10.24984154889184	-3929.862388775306
10.2820559807644	-3929.862310855912
10.31427041263697	-3929.862235405503
10.34648484450953	-3929.862162316078
10.37869927638209	-3929.862091574428
10.41091370825466	-3929.862023076267
10.44312814012722	-3929.861956750174
10.47534257199979	-3929.861892526989
10.50755700387235	-3929.861830339773
10.53977143574491	-3929.86177012373
10.57198586761748	-3929.861711816103
10.60420029949004	-3929.861655356213
10.63641473136261	-3929.861600685351
10.66862916323517	-3929.861547725228
10.70084359510773	-3929.861496466287
10.7330580269803	-3929.861446832967
10.76527245885286	-3929.861398773504
10.79748689072543	-3929.861352237805
10.82970132259799	-3929.861307177353
10.86191575447056	-3929.861263545188
10.89413018634312	-3929.861221295864
10.92634461821568	-3929.861180385394
10.95855905008825	-3929.861140771239
10.99077348196081	-3929.861102396678
11.02298791383338	-3929.861065254772
11.05520234570594	-3929.861029290792
11.0874167775785	-3929.860994467215
11.11963120945107	-3929.860960747755
11.15184564132363	-3929.860928097243
11.1840600731962	-3929.860896481648
11.21627450506876	-3929.860865868067
11.24848893694132	-3929.860836224607
11.28070336881389	-3929.860807520439
11.31291780068645	-3929.860779714481
11.34513223255902	-3929.860752801701
11.37734666443158	-3929.860726742418
11.40956109630415	-3929.860701509485
11.44177552817671	-3929.860677076584
11.47398996004927	-3929.860653418227
11.50620439192184	-3929.860630509781
11.5384188237944	-3929.860608327375
11.57063325566697	-3929.860586847904
11.60284768753953	-3929.860566049059
11.63506211941209	-3929.860545901036
11.66727655128466	-3929.860526400215
11.69949098315722	-3929.860507517832
11.73170541502979	-3929.86048923421
11.76391984690235	-3929.860471530283
11.79613427877491	-3929.860454387587
11.82834871064748	-3929.860437788273
11.86056314252004	-3929.860421715041
11.89277757439261	-3929.860406151166
11.92499200626517	-3929.860391080438
11.95720643813774	-3929.860376481322
11.9894208700103	-3929.860362351149
12.02163530188286	-3929.860348669091
12.05384973375543	-3929.860335420891
12.08606416562799	-3929.860322592736
12.11827859750056	-3929.860310171256
12.15049302937312	-3929.860298143495
12.18270746124568	-3929.86028649693
12.21492189311825	-3929.860275219447
12.24713632499081	-3929.860264299308
12.27935075686338	-3929.860253720873
12.31156518873594	-3929.860243482237
12.3437796206085	-3929.8602335683
12.37599405248107	-3929.860223968746
12.40820848435363	-3929.860214673549
12.4404229162262	-3929.86020567302
12.47263734809876	-3929.860196957784
12.50485177997133	-3929.860188518765
12.53706621184389	-3929.860180347176
12.56928064371645	-3929.860172434505
12.60149507558902	-3929.860164769451
12.63370950746158	-3929.860157350592
12.66592393933415	-3929.860150167026
12.69813837120671	-3929.86014321124
12.73035280307927	-3929.860136476006
12.76256723495184	-3929.860129954288
12.7947816668244	-3929.860123639271
12.82699609869697	-3929.860117524417
12.85921053056953	-3929.86011160333
12.89142496244209	-3929.860105869859
12.92363939431466	-3929.860100315803
12.95585382618722	-3929.860094940156
12.98806825805979	-3929.860089734981
13.02028268993235	-3929.860084694875
13.05249712180492	-3929.86007981456
13.08471155367748	-3929.860075088954
13.11692598555004	-3929.860070513157
13.14914041742261	-3929.860066082366
13.18135484929517	-3929.860061791981
13.21356928116774	-3929.860057637547
13.2457837130403	-3929.860053613111
13.27799814491286	-3929.860049717945
13.31021257678543	-3929.860045946319
13.34242700865799	-3929.860042294281
13.37464144053056	-3929.860038758043
13.40685587240312	-3929.860035333902
13.43907030427568	-3929.860032018299
13.47128473614825	-3929.860028807771
13.50349916802081	-3929.86002569899
13.53571359989338	-3929.860022688715
13.56792803176594	-3929.860019772632
13.60014246363851	-3929.860016950225
13.63235689551107	-3929.860014217334
13.66457132738363	-3929.860011571088
13.6967857592562	-3929.860009008752
13.72900019112876	-3929.860006527645
13.76121462300133	-3929.860004125177
13.79342905487389	-3929.860001798849
13.82564348674645	-3929.859999546246
13.85785791861902	-3929.859997365022
13.89007235049158	-3929.859995252056
13.92228678236415	-3929.859993206958
13.95450121423671	-3929.859991226705
13.98671564610927	-3929.859989309258
14.01893007798184	-3929.8599874526
14.0511445098544	-3929.859985654806
14.08335894172697	-3929.859983914002
14.11557337359953	-3929.859982228355
14.1477878054721	-3929.859980596145
14.18000223734466	-3929.859979015635
14.21221666921722	-3929.859977484592
14.24443110108979	-3929.859976002714
14.27664553296235	-3929.859974567853
14.30885996483492	-3929.859973178486
14.34107439670748	-3929.859971833152
14.37328882858004	-3929.85997053048
14.40550326045261	-3929.859969269106
14.43771769232517	-3929.859968047705
14.46993212419774	-3929.859966864998
14.5021465560703	-3929.859965719779
14.53436098794286	-3929.859964610405
14.56657541981543	-3929.859963536649
14.59878985168799	-3929.859962496951
14.63100428356056	-3929.859961490225
14.66321871543312	-3929.859960515413
14.69543314730569	-3929.859959571507
14.72764757917825	-3929.859958657514
14.75986201105081	-3929.85995777249
14.79207644292338	-3929.859956915516
14.82429087479594	-3929.859956085691
14.85650530666851	-3929.859955281847
14.88871973854107	-3929.859954503799
14.92093417041363	-3929.859953750448
14.9531486022862	-3929.859953020979
14.98536303415876	-3929.859952314637
15.01757746603133	-3929.85995163069
15.04979189790389	-3929.859950968418
15.08200632977645	-3929.859950327131
15.11422076164902	-3929.85994970618
15.14643519352158	-3929.859949104892
15.17864962539415	-3929.859948522425
15.21086405726671	-3929.859947958666
15.24307848913928	-3929.859947412794
15.27529292101184	-3929.859946884226
15.3075073528844	-3929.859946372412
15.33972178475697	-3929.859945876829
15.37193621662953	-3929.859945396952
15.4041506485021	-3929.859944932281
15.43636508037466	-3929.859944482338
15.46857951224722	-3929.859944046657
15.50079394411979	-3929.859943624595
15.53300837599235	-3929.859943216105
15.56522280786492	-3929.859942820564
15.59743723973748	-3929.859942437568
15.62965167161004	-3929.859942066718
15.66186610348261	-3929.859941707617
15.69408053535517	-3929.859941359901
15.72629496722774	-3929.859941023202
15.7585093991003	-3929.859940697176
15.79072383097287	-3929.859940381481
15.82293826284543	-3929.859940075665
15.85515269471799	-3929.859939779678
15.88736712659056	-3929.859939493066
15.91958155846312	-3929.85993921555
15.95179599033569	-3929.85993894683
15.98401042220825	-3929.859938686634
16.01622485408081	-3929.859938434688
16.04843928595338	-3929.859938190715
16.08065371782594	-3929.859937954477
16.11286814969851	-3929.859937725728
16.14508258157107	-3929.859937504136
16.17729701344363	-3929.859937289664
16.2095114453162	-3929.859937081991
16.24172587718876	-3929.859936880901
16.27394030906133	-3929.859936686184
16.30615474093389	-3929.859936497647
16.33836917280646	-3929.85993631509
16.37058360467902	-3929.859936138308
16.40279803655158	-3929.859935967138
16.43501246842415	-3929.859935801385
16.46722690029671	-3929.859935640811
16.49944133216928	-3929.859935485411
16.53165576404184	-3929.859935334933
16.5638701959144	-3929.859935189221
16.59608462778697	-3929.859935048132
16.62829905965953	-3929.859934911523
16.6605134915321	-3929.859934779237
16.69272792340466	-3929.859934651153
16.72494235527722	-3929.859934527118
16.75715678714979	-3929.859934407013
16.78937121902235	-3929.85993429067
16.82158565089492	-3929.859934178061
16.85380008276748	-3929.859934069021
16.88601451464005	-3929.85993396345
16.91822894651261	-3929.859933861216
16.95044337838517	-3929.85993376222
16.98265781025774	-3929.859933666374
17.0148722421303	-3929.859933573557
17.04708667400287	-3929.859933483685
17.07930110587543	-3929.859933396662
17.11151553774799	-3929.859933312354
17.14372996962056	-3929.859933230769
17.17594440149312	-3929.859933151761
17.20815883336569	-3929.859933075258
17.24037326523825	-3929.859933001183
17.27258769711081	-3929.859932929456
17.30480212898338	-3929.859932860003
17.33701656085594	-3929.85993279275
17.36923099272851	-3929.859932727626
17.40144542460107	-3929.859932664575
17.43365985647364	-3929.859932603479
17.4658742883462	-3929.859932544365
17.49808872021876	-3929.859932487116
17.53030315209133	-3929.859932431681
17.56251758396389	-3929.859932378004
17.59473201583646	-3929.859932326032
17.62694644770902	-3929.859932275708
17.65916087958158	-3929.859932226975
17.69137531145415	-3929.859932179791
17.72358974332671	-3929.859932134102
17.75580417519928	-3929.859932089836
17.78801860707184	-3929.859932047002
17.82023303894441	-3929.859932005521
17.85244747081697	-3929.859931965347
17.88466190268953	-3929.859931926457
17.9168763345621	-3929.859931888802
17.94909076643466	-3929.859931852334
17.98130519830723	-3929.859931817018
18.01351963017979	-3929.859931782833
18.04573406205235	-3929.859931749723
18.07794849392492	-3929.859931717646
18.11016292579748	-3929.859931686609
18.14237735767005	-3929.85993165655
18.17459178954261	-3929.859931627447
18.20680622141517	-3929.859931599266
18.23902065328774	-3929.859931571978
18.2712350851603	-3929.859931545554
18.30344951703287	-3929.85993151997
18.33566394890543	-3929.859931495195
18.367878380778	-3929.859931471201
18.40009281265056	-3929.85993144797
18.43230724452312	-3929.859931425477
18.46452167639569	-3929.859931403704
18.49673610826825	-3929.859931382608
18.52895054014082	-3929.859931362189
18.56116497201338	-3929.859931342412
18.59337940388594	-3929.859931323264
18.62559383575851	-3929.85993130473
18.65780826763107	-3929.859931286782
18.69002269950364	-3929.859931269393
18.7222371313762	-3929.859931252555
18.75445156324876	-3929.859931236254
18.78666599512133	-3929.859931220478
18.81888042699389	-3929.859931205197
18.85109485886646	-3929.859931190404
18.88330929073902	-3929.859931176073
18.91552372261159	-3929.859931162202
18.94773815448415	-3929.859931148764
18.97995258635671	-3929.859931135758
19.01216701822928	-3929.859931123165
19.04438145010184	-3929.859931110963
19.07659588197441	-3929.859931099158
19.10881031384697	-3929.859931087717
19.14102474571953	-3929.859931076652
19.1732391775921	-3929.859931065922
19.20545360946466	-3929.859931055535
19.23766804133723	-3929.85993104549
19.26988247320979	-3929.859931035759
19.30209690508235	-3929.859931026334
19.33431133695492	-3929.85993101721
19.36652576882748	-3929.859931008358
19.39874020070005	-3929.859930999814
19.43095463257261	-3929.85993099152
19.46316906444518	-3929.8599309835
19.49538349631774	-3929.85993097573
19.5275979281903	-3929.859930968212
19.55981236006287	-3929.859930960924
19.59202679193543	-3929.859930953873
19.624241223808	-3929.859930947046
19.65645565568056	-3929.859930940435
19.68867008755312	-3929.859930934019
19.72088451942569	-3929.859930927827
19.75309895129825	-3929.859930921824
19.78531338317082	-3929.859930916009
19.81752781504338	-3929.85993091039
19.84974224691594	-3929.85993090493
19.88195667878851	-3929.859930899653
19.91417111066107	-3929.859930894543
19.94638554253364	-3929.859930889593
19.9785999744062	-3929.859930884798
20.01081440627877	-3929.859930880162
20.04302883815133	-3929.85993087566
20.07524327002389	-3929.859930871318
20.10745770189646	-3929.859930867101
20.13967213376902	-3929.859930863031
20.17188656564159	-3929.859930859081
20.20410099751415	-3929.859930855248
20.23631542938671	-3929.859930851548
20.26852986125928	-3929.859930847967
20.30074429313184	-3929.85993084449
20.33295872500441	-3929.859930841132
20.36517315687697	-3929.859930837872
20.39738758874953	-3929.859930834717
20.4296020206221	-3929.859930831667
20.46181645249466	-3929.859930828714
20.49403088436723	-3929.859930825852
20.52624531623979	-3929.859930823081
20.55845974811236	-3929.859930820392
20.59067417998492	-3929.859930817789
20.62288861185748	-3929.859930815282
20.65510304373005	-3929.859930812846
20.68731747560261	-3929.859930810486
20.71953190747518	-3929.859930808198
20.75174633934774	-3929.859930805991
20.7839607712203	-3929.859930803842
20.81617520309287	-3929.859930801774
20.84838963496543	-3929.859930799764
20.880604066838	-3929.859930797823
20.91281849871056	-3929.859930795939
20.94503293058312	-3929.859930794109
20.97724736245569	-3929.85993079235
21.00946179432825	-3929.85993079064
21.04167622620082	-3929.859930788993
21.07389065807338	-3929.859930787387
21.10610508994595	-3929.859930785837
21.13831952181851	-3929.859930784329
21.17053395369107	-3929.859930782878
21.20274838556364	-3929.859930781468
21.2349628174362	-3929.859930780106
21.26717724930877	-3929.859930778787
21.29939168118133	-3929.859930777509
21.33160611305389	-3929.859930776267
21.36382054492646	-3929.859930775073
21.39603497679902	-3929.859930773907
21.42824940867159	-3929.859930772783
21.46046384054415	-3929.859930771688
21.49267827241671	-3929.85993077064
21.52489270428928	-3929.859930769614
21.55710713616184	-3929.85993076863
21.58932156803441	-3929.859930767673
21.62153599990697	-3929.859930766738
21.65375043177954	-3929.859930765851
21.6859648636521	-3929.859930764972
21.71817929552466	-3929.859930764134
21.75039372739723	-3929.859930763324
21.78260815926979	-3929.859930762535
21.81482259114236	-3929.859930761767
21.84703702301492	-3929.859930761021
21.87925145488748	-3929.859930760316
21.91146588676005	-3929.859930759611
21.94368031863261	-3929.859930758947
21.97589475050518	-3929.859930758298
22.00810918237774	-3929.859930757662
22.0403236142503	-3929.859930757056
22.07253804612287	-3929.859930756462
22.10475247799543	-3929.859930755897
22.136966909868	-3929.859930755339
22.16918134174056	-3929.859930754807
22.20139577361313	-3929.859930754285
22.23361020548569	-3929.859930753781
22.26582463735825	-3929.859930753293
22.29803906923082	-3929.859930752825
22.33025350110338	-3929.859930752365
22.36246793297595	-3929.859930751924
22.39468236484851	-3929.859930751499
22.42689679672107	-3929.859930751087
22.45911122859364	-3929.859930750682
22.4913256604662	-3929.859930750291
22.52354009233877	-3929.859930749928
22.55575452421133	-3929.859930749558
22.58796895608389	-3929.859930749209
22.62018338795646	-3929.85993074886
22.65239781982902	-3929.859930748532
22.68461225170159	-3929.85993074821
22.71682668357415	-3929.859930747897
22.74904111544672	-3929.859930747603
22.78125554731928	-3929.859930747317
22.81346997919184	-3929.859930747024
22.84568441106441	-3929.859930746752
22.87789884293697	-3929.859930746486
22.91011327480954	-3929.859930746235
22.9423277066821	-3929.859930745991
22.97454213855466	-3929.859930745747
23.00675657042723	-3929.859930745509
23.03897100229979	-3929.859930745286
23.07118543417236	-3929.859930745076
23.10339986604492	-3929.859930744867
23.13561429791748	-3929.859930744658
23.16782872979005	-3929.859930744462
23.20004316166261	-3929.859930744266
23.23225759353518	-3929.859930744092
23.26447202540774	-3929.85993074391
23.29668645728031	-3929.859930743729
23.32890088915287	-3929.859930743562
23.36111532102543	-3929.859930743401
23.393329752898	-3929.859930743247
23.42554418477056	-3929.859930743094
23.45775861664313	-3929.859930742947
23.48997304851569	-3929.8599307428
23.52218748038825	-3929.859930742661
23.55440191226082	-3929.859930742535
23.58661634413338	-3929.859930742409
23.61883077600595	-3929.85993074227
23.65104520787851	-3929.859930742151
23.68325963975107	-3929.85993074204
23.71547407162364	-3929.859930741921
23.7476885034962	-3929.859930741809
23.77990293536877	-3929.859930741704
23.81211736724133	-3929.8599307416
23.8443317991139	-3929.859930741502
23.87654623098646	-3929.859930741405
23.90876066285902	-3929.859930741307
23.94097509473159	-3929.859930741216
23.97318952660415	-3929.859930741125
24.00540395847672	-3929.859930741041
24.03761839034928	-3929.859930740958
24.06983282222184	-3929.859930740881
24.10204725409441	-3929.859930740804
24.13426168596697	-3929.859930740728
24.16647611783954	-3929.859930740657
24.1986905497121	-3929.859930740581
24.23090498158466	-3929.859930740511
24.26311941345723	-3929.859930740448
24.29533384532979	-3929.859930740385
24.32754827720236	-3929.859930740322
24.35976270907492	-3929.85993074026
24.39197714094749	-3929.859930740211
24.42419157282005	-3929.859930740148
24.45640600469261	-3929.859930740099
24.48862043656518	-3929.859930740044
24.52083486843774	-3929.859930739987
24.55304930031031	-3929.859930739939
24.58526373218287	-3929.859930739889
24.61747816405543	-3929.859930739841
24.649692595928	-3929.859930739799
24.68190702780056	-3929.859930739757
24.71412145967313	-3929.859930739715
24.74633589154569	-3929.859930739673
24.77855032341825	-3929.859930739632
24.81076475529082	-3929.859930739596
24.84297918716338	-3929.859930739561
24.87519361903595	-3929.859930739527
24.90740805090851	-3929.859930739485
24.93962248278108	-3929.859930739457
24.97183691465364	-3929.859930739429
25.0040513465262	-3929.859930739394
25.03626577839877	-3929.859930739359
25.06848021027133	-3929.859930739331
25.1006946421439	-3929.859930739303
25.13290907401646	-3929.859930739275
25.16512350588902	-3929.859930739212
25.19733793776159	-3929.859930739206
25.22955236963415	-3929.859930739191
25.26176680150672	-3929.85993073917
25.29398123337928	-3929.859930739149
25.32619566525184	-3929.859930739128
25.35841009712441	-3929.859930739101
25.39062452899697	-3929.85993073908
25.42283896086954	-3929.859930739065
25.4550533927421	-3929.859930739045
25.48726782461467	-3929.859930739024
25.51948225648723	-3929.859930739003
25.55169668835979	-3929.85993073899
25.58391112023236	-3929.859930738975
25.61612555210492	-3929.859930738954
25.64833998397749	-3929.85993073894
25.68055441585005	-3929.859930738926
25.71276884772261	-3929.859930738912
25.74498327959518	-3929.859930738891
25.77719771146774	-3929.859930738884
25.80941214334031	-3929.859930738835
25.84162657521287	-3929.859930738835
25.87384100708543	-3929.859930738821
25.906055438958	-3929.859930738814
25.93826987083056	-3929.859930738808
25.97048430270313	-3929.859930738794
26.00269873457569	-3929.859930738787
26.03491316644826	-3929.859930738766
26.06712759832082	-3929.859930738759
26.09934203019338	-3929.859930738752
26.13155646206595	-3929.859930738745
26.16377089393851	-3929.859930738738
26.19598532581108	-3929.859930738724
26.22819975768364	-3929.859930738717
26.2604141895562	-3929.85993073871
26.29262862142877	-3929.859930738696
26.32484305330133	-3929.859930738689
26.3570574851739	-3929.859930738682
26.38927191704646	-3929.859930738674
26.42148634891903	-3929.859930738674
26.45370078079159	-3929.859930738661
26.48591521266415	-3929.859930738653
26.51812964453672	-3929.859930738653
26.55034407640928	-3929.859930738653
26.58255850828185	-3929.859930738626
26.61477294015441	-3929.859930738626
26.64698737202697	-3929.859930738619
26.67920180389954	-3929.859930738612
26.7114162357721	-3929.859930738612
26.74363066764467	-3929.859930738605
26.77584509951723	-3929.859930738598
26.80805953138979	-3929.859930738591
26.84027396326236	-3929.859930738591
26.87248839513492	-3929.859930738584
26.90470282700749	-3929.859930738578
26.93691725888005	-3929.859930738578
26.96913169075262	-3929.859930738612
27.00134612262518	-3929.859930738557
27.03356055449774	-3929.859930738557
27.06577498637031	-3929.859930738549
27.09798941824287	-3929.859930738557
27.13020385011544	-3929.859930738549
27.162418281988	-3929.859930738543
27.19463271386056	-3929.859930738543
27.22684714573313	-3929.859930738536
27.25906157760569	-3929.859930738536
27.29127600947826	-3929.859930738528
27.32349044135082	-3929.859930738528
27.35570487322338	-3929.859930738528
27.38791930509595	-3929.859930738522
27.42013373696851	-3929.859930738522
27.45234816884108	-3929.859930738515
27.48456260071364	-3929.859930738515
27.51677703258621	-3929.859930738515
27.54899146445877	-3929.859930738507
27.58120589633133	-3929.859930738507
27.6134203282039	-3929.859930738507
27.64563476007646	-3929.859930738501
27.67784919194903	-3929.859930738501
27.71006362382159	-3929.859930738501
27.74227805569415	-3929.859930738494
27.77449248756672	-3929.859930738494
27.80670691943928	-3929.859930738494
27.83892135131185	-3929.859930738486
27.87113578318441	-3929.859930738486
27.90335021505697	-3929.859930738486
27.93556464692954	-3929.859930738486
27.9677790788021	-3929.85993073848
27.99999351067467	-3929.85993073848
28.03220794254723	-3929.85993073848
28.0644223744198	-3929.85993073848
28.09663680629236	-3929.85993073848
28.12885123816492	-3929.859930738473
28.16106567003749	-3929.859930738473
28.19328010191005	-3929.859930738473
28.22549453378262	-3929.859930738473
28.25770896565518	-3929.859930738473
28.28992339752774	-3929.859930738465
28.32213782940031	-3929.859930738465
28.35435226127287	-3929.859930738473
28.38656669314544	-3929.859930738465
28.418781125018	-3929.859930738473
28.45099555689056	-3929.859930738486
28.48320998876313	-3929.859930738451
28.51542442063569	-3929.859930738458
28.54763885250826	-3929.859930738458
28.57985328438082	-3929.859930738458
28.61206771625339	-3929.859930738458
28.64428214812595	-3929.859930738458
28.67649657999851	-3929.859930738458
28.70871101187108	-3929.859930738451
28.74092544374364	-3929.859930738451
28.77313987561621	-3929.859930738451
28.80535430748877	-3929.859930738451
28.83756873936133	-3929.859930738451
28.8697831712339	-3929.859930738451
28.90199760310646	-3929.859930738451
28.93421203497903	-3929.859930738451
28.96642646685159	-3929.859930738451
28.99864089872415	-3929.859930738451
29.03085533059672	-3929.859930738444
29.06306976246928	-3929.859930738444
29.09528419434185	-3929.859930738444
29.12749862621441	-3929.859930738444
29.15971305808698	-3929.859930738444
29.19192748995954	-3929.859930738444
29.2241419218321	-3929.859930738444
29.25635635370467	-3929.859930738444
29.28857078557723	-3929.859930738444
29.3207852174498	-3929.859930738444
29.35299964932236	-3929.859930738444
29.38521408119492	-3929.859930738444
29.41742851306749	-3929.859930738444
29.44964294494005	-3929.859930738444
29.48185737681262	-3929.859930738444
29.51407180868518	-3929.859930738444
29.54628624055774	-3929.859930738444
29.57850067243031	-3929.859930738444
29.61071510430287	-3929.859930738444
29.64292953617544	-3929.859930738444
29.675143968048	-3929.859930738437
29.70735839992057	-3929.859930738437
29.73957283179313	-3929.859930738437
29.77178726366569	-3929.859930738437
29.80400169553826	-3929.859930738437
29.83621612741082	-3929.859930738437
29.86843055928339	-3929.859930738437
29.90064499115595	-3929.859930738437
29.93285942302851	-3929.859930738437
29.96507385490108	-3929.859930738437
29.99728828677364	-3929.859930738437
30.02950271864621	-3929.859930738437
30.06171715051877	-3929.859930738437
30.09393158239133	-3929.859930738437
30.1261460142639	-3929.859930738437
30.15836044613646	-3929.859930738437
30.19057487800903	-3929.859930738437
30.22278930988159	-3929.859930738437
30.25500374175416	-3929.859930738437
30.28721817362672	-3929.859930738437
30.31943260549928	-3929.859930738437
30.35164703737185	-3929.859930738437
30.38386146924441	-3929.859930738437
30.41607590111698	-3929.859930738437
30.44829033298954	-3929.859930738437
30.4805047648621	-3929.859930738437
30.51271919673467	-3929.859930738437
30.54493362860723	-3929.859930738437
30.5771480604798	-3929.859930738437
30.60936249235236	-3929.859930738437
30.64157692422492	-3929.859930738437
30.67379135609749	-3929.859930738437
30.70600578797005	-3929.859930738437
30.73822021984262	-3929.859930738437
30.77043465171518	-3929.859930738437
30.80264908358775	-3929.859930738437
30.83486351546031	-3929.859930738437
30.86707794733287	-3929.859930738437
30.89929237920544	-3929.859930738437
30.931506811078	-3929.859930738437
30.96372124295057	-3929.85993073843
30.99593567482313	-3929.85993073843
31.02815010669569	-3929.85993073843
31.06036453856826	-3929.85993073843
31.09257897044082	-3929.85993073843
31.12479340231339	-3929.85993073843
31.15700783418595	-3929.85993073843
31.18922226605851	-3929.85993073843
31.22143669793108	-3929.85993073843
31.25365112980364	-3929.85993073843
31.28586556167621	-3929.85993073843
31.31807999354877	-3929.85993073843
31.35029442542134	-3929.85993073843
31.3825088572939	-3929.85993073843
31.41472328916646	-3929.85993073843
31.44693772103903	-3929.85993073843
31.47915215291159	-3929.85993073843
31.51136658478416	-3929.85993073843
31.54358101665672	-3929.85993073843
31.57579544852928	-3929.85993073843
31.60800988040185	-3929.85993073843
31.64022431227441	-3929.85993073843
31.67243874414698	-3929.85993073843
31.70465317601954	-3929.85993073843
31.7368676078921	-3929.85993073843
31.76908203976467	-3929.85993073843
31.80129647163723	-3929.85993073843
31.8335109035098	-3929.85993073843
31.86572533538236	-3929.85993073843
31.89793976725493	-3929.85993073843
31.93015419912749	-3929.85993073843
31.96236863100005	-3929.85993073843
31.99458306287262	-3929.85993073843
32.02679749474518	-3929.85993073843
32.05901192661774	-3929.85993073843
32.0912263584903	-3929.85993073843
32.12344079036286	-3929.85993073843
32.15565522223542	-3929.85993073843
32.18786965410798	-3929.85993073843
32.22008408598055	-3929.85993073843
