0
1000	1.0219978922	100000000000000.1
5	0	0	1
5	0	0	0
0.03786664528905326	5.650009930612299e-06
0.07008107716161713	1.565905893222312e-05
0.102295509034181	2.31554409412896e-05
0.1345099409067449	2.728707101209717e-05
0.1667243727793087	2.786642025223985e-05
0.1989388046518726	2.786744546923106e-05
0.2311532365244365	2.786840318458882e-05
0.2633676683970003	2.786884293368638e-05
0.2955821002695642	2.786592800454958e-05
0.3277965321421281	2.787153573892635e-05
0.360010964014692	2.787180346698187e-05
0.3922253958872559	2.787299667950105e-05
0.4244398277598198	2.787365128958552e-05
0.4566542596323837	2.78655532363538e-05
0.4888686915049476	2.87412459238843e-05
0.5210831233775115	4.916884578626149e-05
0.5532975552500754	0.0001023730376029883
0.5855119871226393	0.000195175617243195
0.6177264189952032	0.0003354558374807451
0.6499408508677671	0.0005333987259348407
0.682155282740331	0.0007999926948942803
0.7143697146128949	0.001137109251390672
0.7465841464854588	0.00155436322844351
0.7787985783580227	0.002060140780539605
0.8110130102305866	0.002662233388553112
0.8432274421031505	0.003369356134624869
0.8754418739757144	0.004188842967164569
0.9076563058482783	0.005129663536097348
0.9398707377208422	0.006201946852486711
0.9720851695934061	0.007415793328458918
1.00429960146597	0.008788699662919399
1.036514033338534	0.01032358543760598
1.068728465211098	0.01202248683172031
1.100942897083662	0.01389778878044665
1.133157328956226	0.01594806490924611
1.165371760828789	0.01818519612785498
1.197586192701353	0.02061290495014726
1.229800624573917	0.02325002712618276
1.262015056446481	0.02610247212809066
1.294229488319045	0.02916232584799251
1.326443920191609	0.03245990014204785
1.358658352064173	0.03598009518448236
1.390872783936737	0.03975679118092049
1.423087215809301	0.04377651946664752
1.455301647681865	0.04806943268292189
1.487516079554428	0.05263780807471769
1.519730511426992	0.05749316657316936
1.551944943299556	0.06264774117006588
1.58415937517212	0.06810548546992491
1.616373807044684	0.07388522812589048
1.648588238917248	0.08000326999553799
1.680802670789812	0.08646240110128126
1.713017102662376	0.09326331173228142
1.74523153453494	0.1004559927755992
1.777445966407504	0.1080300197735457
1.809660398280067	0.1160065343904039
1.841874830152631	0.1243967563670238
1.874089262025195	0.1332138116818704
1.906303693897759	0.1424857443604282
1.938518125770323	0.1522213995763208
1.970732557642887	0.1624247419851734
2.002946989515451	0.1731447609495519
2.035161421388014	0.1843817197484875
2.067375853260578	0.1961393917087276
2.099590285133142	0.2084677532699409
2.131804717005705	0.2213584410148755
2.164019148878269	0.2348619706580399
2.196233580750833	0.2490003495562543
2.228448012623396	0.26375278589622
2.26066244449596	0.2791831074479498
2.292876876368524	0.29530438235936
2.325091308241087	0.3121473485168988
2.357305740113651	0.329715126089644
2.389520171986215	0.3480667327392428
2.421734603858778	0.3672183463614241
2.453949035731342	0.387189587398278
2.486163467603906	0.4080262317848316
2.518377899476469	0.42973799783473
2.550592331349033	0.4523611713003916
2.582806763221597	0.4759585049920979
2.61502119509416	0.5005296061205976
2.647235626966724	0.5261402633192883
2.679450058839288	0.5527816577520377
2.711664490711851	0.5805253480221683
2.743878922584415	0.6094082744917371
2.776093354456979	0.639470136042542
2.808307786329542	0.6707385256695101
2.840522218202106	0.7032895164006937
2.87273665007467	0.7371186710819313
2.904951081947234	0.7723044886726735
2.937165513819797	0.8089201739010123
2.969379945692361	0.8469427572586684
3.001594377564925	0.886475977950089
3.033808809437488	0.9275573096573986
3.066023241310052	0.9702637799157197
3.098237673182616	1.014624374452836
3.130452105055179	1.060692019229148
3.162666536927743	1.108549073205209
3.194880968800307	1.15826931095477
3.22709540067287	1.209867003664175
3.259309832545434	1.263447636346403
3.291524264417998	1.31908750232121
3.323738696290561	1.376843655635138
3.355953128163125	1.436769136939706
3.388167560035689	1.498958295186792
3.420381991908252	1.563487919026615
3.452596423780816	1.630443473701651
3.48481085565338	1.699899547108767
3.517025287525943	1.771957483661502
3.549239719398507	1.846675182361036
3.581454151271071	1.924175713061418
3.613668583143634	2.004566078240608
3.645883015016198	2.087899151990533
3.678097446888762	2.174290541034799
3.710311878761325	2.263855613766069
3.742526310633889	2.356700963243381
3.774740742506453	2.452941182053435
3.806955174379016	2.552689851029041
3.83916960625158	2.656043626298122
3.871384038124144	2.763140809295227
3.903598469996707	2.874103998484495
3.935812901869271	2.989062050832805
3.968027333741835	3.108148889363051
4.000241765614398	3.231526168951188
4.032456197486963	3.359298380119855
4.064670629359527	3.491636418700024
4.096885061232091	3.628656584550902
4.129099493104655	3.770545745678021
4.161313924977219	3.917449043103622
4.193528356849783	4.069561989203961
4.225742788722347	4.227000351845154
4.257957220594911	4.389946400160928
4.290171652467476	4.5586127357502
4.32238608434004	4.733163679089297
4.354600516212604	4.913795788411895
4.386814948085168	5.100691435579683
4.419029379957732	5.294090595275584
4.451243811830296	5.494158434680201
4.48345824370286	5.701112371293529
4.515672675575424	5.915173869423214
4.547887107447989	6.136568594265714
4.580101539320553	6.365536930765862
4.612315971193117	6.602307211838859
4.644530403065681	6.847125126804554
4.676744834938245	7.100257813950447
4.708959266810809	7.361973993409858
4.741173698683373	7.632504515924261
4.773388130555937	7.912148680861781
4.805602562428501	8.20118621496286
4.837816994301066	8.499924845643731
4.87003142617363	8.808622905090495
4.902245858046194	9.127634468581451
4.934460289918758	9.457256202638
4.966674721791322	9.797815534371585
4.998889153663886	10.14970579949518
5.03110358553645	10.51318755187473
5.063318017409014	10.88866221929504
5.095532449281579	11.2764697956378
5.127746881154143	11.67703321899983
5.159961313026707	12.09070325190273
5.192175744899271	12.51792021042695
5.224390176771835	12.95905988279153
5.256604608644399	13.41456486480356
5.288819040516963	13.88487893913211
5.321033472389527	14.37043382135277
5.353247904262092	14.87173847223433
5.385462336134656	15.38918889482609
5.41767676800722	15.92331365260062
5.449891199879784	16.47462241601979
5.482105631752348	17.04361546534233
5.514320063624912	17.63083286008177
5.546534495497476	18.23754223140752
5.57874892737004	18.86282702507415
5.610963359242604	19.50841751579426
5.643177791115169	20.17399180819306
5.675392222987733	20.86129713733365
5.707606654860297	21.56967035538185
5.739821086732861	22.30051903545343
5.772035518605425	23.05508358110818
5.804249950477989	23.83269782572872
5.836464382350553	24.63510491756535
5.868678814223117	25.44883053299999
5.900893246095682	26.30080985957868
5.933107677968246	27.17207091118248
5.96532210984081	28.08016209549
5.997536541713374	29.02222284107161
6.029750973585938	29.98726245622839
6.061965405458502	31.01183996706518
6.094179837331066	32.07723088805178
6.12639426920363	33.22777648640439
6.158608701076195	34.47821963216347
6.190823132948759	37.51455332301285
6.223037564821323	40.48955538748202
6.255251996693887	44.0912613528871
6.287466428566451	48.72491115247765
6.319680860439015	52.88465226917844
6.351895292311579	60.52098202780057
6.384109724184143	66.91567304735386
6.416324156056707	74.2974801042714
6.448538587929272	86.05862763190819
6.480753019801836	96.73182107280729
6.5129674516744	108.1692176858253
6.545181883546964	121.7325608167767
6.577396315419528	136.9093727194852
6.609610747292092	153.9893271839096
6.641825179164656	180.4039805515191
6.67403961103722	203.2007879032805
6.706254042909785	232.3633628971039
6.738468474782349	267.0532960923328
6.770682906654913	295.1452824864649
6.802897338527477	338.5329599077013
6.835111770400041	386.6737337364426
6.867326202272605	430.6115273324107
6.899540634145169	495.4942702719718
6.931755066017733	554.482054306564
6.963969497890298	617.4453571674889
6.996183929762862	704.3814982756214
7.028398361635426	781.4473310409459
7.06061279350799	869.2763013577908
7.092827225380554	993.1277517850353
7.125041657253118	1098.422503797974
7.157256089125682	1220.232620921118
7.189470520998246	1381.506307792968
7.22168495287081	1529.048241280165
7.253899384743375	1696.711192833654
7.286113816615939	1906.12770854168
7.318328248488503	2113.877779422183
7.350542680361067	2340.125957282255
7.382757112233631	2624.84156886083
7.414971544106195	2903.192729375368
7.447185975978759	3214.375404730445
7.479400407851323	3598.981251657958
7.511614839723888	3968.752411481309
7.543829271596452	4392.054840957059
7.576043703469016	4829.902200778672
7.60825813534158	5401.019981134223
7.640472567214144	5973.666675473748
7.672686999086708	6602.926843769164
7.704901430959272	7331.795646477341
7.737115862831836	8104.828885035026
7.769330294704401	8957.164765914889
7.801544726576965	9969.49864442026
7.833759158449529	10964.67506674071
7.865973590322093	12115.24180579133
7.898188022194657	13379.01425507402
7.930402454067221	14799.65754830622
7.962616885939785	16345.57981865638
7.994831317812349	18047.58421885804
8.027045749684913	19906.30023901647
8.059260181557477	22022.08807282213
8.091474613430041	24309.56062804722
8.123689045302605	26829.21579694995
8.155903477175169	29766.64422586803
8.188117909047733	32697.12399985053
8.220332340920297	36081.82816089738
8.252546772792861	39807.93508508834
8.284761204665426	43960.77739112209
8.31697563653799	48467.59015937321
8.349190068410554	53464.29268616608
8.381404500283118	58971.91033161884
8.413618932155682	65129.87012849418
8.445833364028246	71757.70404247852
8.47804779590081	79133.95174160664
8.510262227773374	87264.74145262245
8.542476659645938	96174.15670665928
8.574691091518503	106124.9902095214
8.606905523391067	117010.221938196
8.639119955263631	129008.8880857063
8.671334387136195	142230.4050705339
8.703548819008759	156822.4748182003
8.735763250881323	172879.3442998498
8.767977682753887	190576.9809615217
8.800192114626451	210080.7836569403
8.832406546499016	231622.4024957986
8.86462097837158	255271.3194397925
8.896835410244144	281365.5200484692
8.929049842116708	310119.7775491309
8.961264273989272	341797.2202068042
8.993478705861836	376741.1537291904
9.0256931377344	415204.101413871
9.057907569606964	457591.2019549685
9.090122001479529	504298.9665156539
9.122336433352093	555737.7163127742
9.154550865224657	612469.3145078717
9.186765297097221	674937.9580903755
9.218979728969785	743767.0882667921
9.251194160842349	819603.8980291953
9.283408592714913	903091.1552844434
9.315623024587477	995227.4640324181
9.347837456460041	1096644.06864101
9.380051888332606	1208381.509500643
9.41226632020517	1331487.476462494
9.444480752077734	1467078.434598917
9.476695183950298	1616555.69321633
9.508909615822862	1781170.906122115
9.541124047695426	1962530.864891196
9.57333847956799	2162337.503836062
9.605552911440554	2382446.493371716
9.637767343313119	2624967.400068675
9.669981775185683	2892120.204355636
9.702196207058247	3186433.565766753
9.734410638930811	3510670.301225553
9.766625070803375	3867857.244952329
9.798839502675939	4261463.696056217
9.831053934548503	4694860.968272085
9.863268366421067	5172411.224011621
9.895482798293632	5698494.992178421
9.927697230166196	6278037.749510296
9.95991166203876	6916466.018781468
9.992126093911324	7619811.367021482
10.02434052578389	8394569.452457841
10.05655495765645	9248064.043432757
10.08876938952902	10188277.13733022
10.12098382140158	11224007.20325848
10.15319825327414	12364953.26476713
10.18541268514671	13621834.05169046
10.21762711701927	15006365.82348394
10.24984154889184	16531550.67139085
10.2820559807644	18211662.20626541
10.31427041263697	20062422.81566912
10.34648484450953	22101158.65692695
10.37869927638209	24347010.98740134
10.41091370825466	26820904.63473719
10.44312814012722	29546067.14323284
10.47534257199979	32548001.23613733
10.50755700387235	35854791.98266262
10.53977143574491	39497393.73756157
10.57198586761748	43510104.41783813
10.60420029949004	47929928.02835467
10.63641473136261	52798725.78635681
10.66862916323517	58161920.3556395
10.70084359510773	64069689.44867221
10.7330580269803	70577330.90131295
10.76527245885286	77745704.58964901
10.79748689072543	85641935.55122916
10.82970132259799	94339841.80217907
10.86191575447056	103920874.2801294
10.89413018634312	114474622.0189779
10.92634461821568	126099611.4757611
10.95855905008825	138905060.3708376
10.99077348196081	153010562.2176158
11.02298791383338	168548182.6794753
11.05520234570594	185662980.8208638
11.0874167775785	204515449.6457366
11.11963120945107	225281830.6483844
11.15184564132363	248156408.8341293
11.1840600731962	273353152.4375231
11.21627450506876	301107534.7313254
11.24848893694132	331680594.0741571
11.28070336881389	365356306.7144285
11.31291780068645	402450525.4023338
11.34513223255902	443309895.809631
11.37734666443158	488317066.4619253
11.40956109630415	537893344.6251314
11.44177552817671	592501295.9634655
11.47398996004927	652652044.8272334
11.50620439192184	718908134.0623815
11.5384188237944	791890211.6867484
11.57063325566697	872278967.051366
11.60284768753953	960825557.4836162
11.63506211941209	1058360477.900957
11.66727655128466	1165795013.411139
11.69949098315722	1284134503.550951
11.73170541502979	1414483068.032736
11.76391984690235	1558061516.467322
11.79613427877491	1716211881.32641
11.82834871064748	1890413303.997042
11.86056314252004	2082295013.355125
11.89277757439261	2293648575.133918
11.92499200626517	2526451125.303194
11.95720643813774	2782882759.237393
11.9894208700103	3065340128.443365
12.02163530188286	3376462586.968445
12.05384973375543	3719158180.19557
12.08606416562799	4096632443.957159
12.11827859750056	4512416101.137975
12.15049302937312	4970396428.561049
12.18270746124568	5474852234.426517
12.21492189311825	6030499655.992626
12.24713632499081	6642571143.768173
12.27935075686338	7316719021.099031
12.31156518873594	8059274082.216055
12.3437796206085	8877176294.04962
12.37599405248107	9778068610.994831
12.40820848435363	10770396704.66666
12.4404229162262	11863388711.16608
12.47263734809876	13067278411.8772
12.50485177997133	14393317571.91096
12.53706621184389	15853893036.37921
12.56928064371645	17462564355.11876
12.60149507558902	19234549370.61477
12.63370950746158	21186328524.54241
12.66592393933415	23336145875.32822
12.69813837120671	25704091643.85127
12.73035280307927	28312258496.38885
12.76256723495184	31185116956.92495
12.7947816668244	34349481298.52359
12.82699609869697	37834931940.5513
12.85921053056953	41674051429.85817
12.89142496244209	45902612241.41835
12.92363939431466	50560619443.01913
12.95585382618722	55691014841.62351
12.98806825805979	61341983113.52564
13.02028268993235	67566345595.07078
13.05249712180492	74422316650.64496
13.08471155367748	81973925353.90985
13.11692598555004	90291765410.82063
13.14914041742261	99453590867.97333
13.18135484929517	109545035523.0936
13.21356928116774	120660422596.4057
13.2457837130403	132903673920.164
13.27799814491286	146389160152.1639
13.31021257678543	161242953576.208
13.34242700865799	177603884590.7476
13.37464144053056	195624870359.7529
13.40685587240312	215474366782.9229
13.43907030427568	237337843684.4082
13.47128473614825	261419665680.2211
13.50349916802081	287944905885.4887
13.53571359989338	317161474425.4859
13.56792803176594	349342273927.3409
13.60014246363851	384788431605.0483
13.63235689551107	423830986890.3068
13.66457132738363	466834882733.3139
13.6967857592562	514202037596.1035
13.72900019112876	566375144968.8772
13.76121462300133	623841902454.2977
13.79342905487389	687139159748.1143
13.82564348674645	756858682522.5974
13.85785791861902	833652004255.9574
13.89007235049158	918236816426.0657
13.92228678236415	1011403536295.906
13.95450121423671	1114023185491.493
13.98671564610927	1227054514966.5
14.01893007798184	1351553940306.839
14.0511445098544	1488685019147.434
14.08335894172697	1639729322696.977
14.11557337359953	1806098273494.898
14.1477878054721	1989347185200.938
14.18000223734466	2191188009567.212
14.21221666921722	2413507444336.855
14.24443110108979	2658383067191.791
14.27664553296235	2928103340074.968
14.30885996483492	3225188726678.385
14.34107439670748	3552416234489.533
14.37328882858004	3912843119139.929
14.40550326045261	4309838184174.455
14.43771769232517	4747111284109.913
14.46993212419774	5228748895674.482
14.5021465560703	5759251930889.541
14.53436098794286	6343578548844.127
14.56657541981543	6987200985387.746
14.59878985168799	7696110016137.134
14.63100428356056	8476941060620.229
14.66321871543312	9336990842730.314
14.69543314730569	10284296203700.88
14.72764757917825	11327710167792.84
14.75986201105081	12476990983639.33
14.79207644292338	13742862832437.5
14.82429087479594	15137163287448.87
14.85650530666851	16672922509169.01
14.88871973854107	18364363276664.3
14.92093417041363	20227548383280.06
14.9531486022862	22279795284646.77
14.98536303415876	24540261893809.76
15.01757746603133	27030092029881.03
15.04979189790389	29772561865920.41
15.08200632977645	32793225367755.53
15.11422076164902	36120486318506.52
15.14643519352158	39785390246581.43
15.17864962539415	43822173029681.5
15.21086405726671	48268583915627.28
15.24307848913928	53166738095101.3
15.27529292101184	58561172772616.16
15.3075073528844	64503076654030.85
15.33972178475697	71047863968022.86
15.37193621662953	78256677884545.34
15.4041506485021	86196889503077.03
15.43636508037466	94943042608487.97
15.46857951224722	104576018591996.3
15.50079394411979	115186414385628.8
15.53300837599235	126873258926577.2
15.56522280786492	139744748555848.5
15.59743723973748	153923102488086.3
15.62965167161004	169540501498837
15.66186610348261	186741753929288.2
15.69408053535517	205688023193931.4
15.72629496722774	226556535059539.9
15.7585093991003	249541607108671.6
15.79072383097287	274859212628084.8
15.82293826284543	302745966608553.6
15.85515269471799	333461341597367.7
15.88736712659056	367293365359513.2
15.91958155846312	404557198014481.9
15.95179599033569	445600501128264.7
15.98401042220825	490808695333632.4
16.01622485408081	540603724393632.6
16.04843928595338	595450203497628.5
16.08065371782594	655861350353483.5
16.11286814969851	722400740900000.1
16.14508258157107	795690778566817.8
16.17729701344363	876415156116761.1
16.2095114453162	965330227237087
16.24172587718876	1063266494354797
16.27394030906133	1171137961857687
16.30615474093389	1289953731291914
16.33836917280646	1420822867794210
16.37058360467902	1564968133472950
16.40279803655158	1723737731411475
16.43501246842415	1898614634516382
16.46722690029671	2091233531045486
16.49944133216928	2303393752198160
16.53165576404184	2537076844953170
16.5638701959144	2794467218359599
16.59608462778697	3077968756345412
16.62829905965953	3390232581204315
16.6605134915321	3734175524884177
16.69272792340466	4113011780144486
16.72494235527722	4530280868612723
16.75715678714979	4989881214023316
16.78937121902235	5496107526611613
16.82158565089492	6053689189982544
16.85380008276748	6667838162117618
16.88601451464005	7344292029202491
16.91822894651261	8089372069415675
16.95044337838517	8910039701418318
16.98265781025774	9813962261903294
17.0148722421303	1.080958635524301e+16
17.04708667400287	1.190621438655648e+16
17.07930110587543	1.31140942170635e+16
17.11151553774799	1.44445113604403e+16
17.14372996962056	1.590989743141114e+16
17.17594440149312	1.752394407070083e+16
17.20815883336569	1.930173153366358e+16
17.24037326523825	2.125987131023642e+16
17.27258769711081	2.34166587434705e+16
17.30480212898338	2.57922479615687e+16
17.33701656085594	2.8408834519202e+16
17.36923099272851	3.129086667679543e+16
17.40144542460107	3.446527364326964e+16
17.43365985647364	3.796171391072122e+16
17.4658742883462	4.181285722118307e+16
17.49808872021876	4.605468649116378e+16
17.53030315209133	5.072683426681916e+16
17.56251758396389	5.591425076431357e+16
17.59473201583646	6.158704595626761e+16
17.62694644770902	6.783537259509086e+16
17.65916087958158	7.471762002936074e+16
17.69137531145415	8.229810130679787e+16
17.72358974332671	9.064765634439853e+16
17.75580417519928	9.984430884286205e+16
17.78801860707184	1.099740008764629e+17
17.82023303894441	1.211313928042453e+17
17.85244747081697	1.334207469135878e+17
17.88466190268953	1.469569062547611e+17
17.9168763345621	1.618663623475461e+17
17.94909076643466	1.782884404740231e+17
17.98130519830723	1.963766023295359e+17
18.01351963017979	2.16299875684865e+17
18.04573406205235	2.382444393717004e+17
18.07794849392492	2.624153589089595e+17
18.11016292579748	2.890385039320819e+17
18.14237735767005	3.183626610231164e+17
18.17459178954261	3.506618547673147e+17
18.20680622141517	3.862379101950774e+17
18.23902065328774	4.254232751655635e+17
18.2712350851603	4.685841218941718e+17
18.30344951703287	5.161237742127496e+17
18.33566394890543	5.68486472285717e+17
18.367878380778	6.261615250966824e+17
18.40009281265056	6.896878844685975e+17
18.43230724452312	7.596591783161688e+17
18.46452167639569	8.367292589532689e+17
18.49673610826825	9.216183142051793e+17
18.52895054014082	1.015119595004773e+18
18.56116497201338	1.118106828212522e+18
18.59337940388594	1.231542383004542e+18
18.62559383575851	1.35648626059174e+18
18.65780826763107	1.494106000416328e+18
18.69002269950364	1.645687591813198e+18
18.7222371313762	1.812647487296692e+18
18.75445156324876	1.996545840128229e+18
18.78666599512133	2.199101083157706e+18
18.81888042699389	2.422205985009801e+18
18.85109485886646	2.667945337564514e+18
18.88330929073902	2.938615435208748e+18
18.91552372261159	3.236745533654349e+18
18.94773815448415	3.565121483247488e+18
18.97995258635671	3.92681175886713e+18
19.01216701822928	4.325196134268455e+18
19.04438145010184	4.763997262729186e+18
19.07659588197441	5.247315460234161e+18
19.10881031384697	5.77966702179107e+18
19.14102474571953	6.366026420876001e+18
19.1732391775921	7.011872790494879e+18
19.20545360946466	7.723241122640308e+18
19.23766804133723	8.506778658573921e+18
19.26988247320979	9.369807000524669e+18
19.30209690508235	1.032039052574495e+19
19.33431133695492	1.136741174119149e+19
19.36652576882748	1.252065427764606e+19
19.39874020070005	1.379089431592474e+19
19.43095463257261	1.519000126831884e+19
19.46316906444518	1.673104870152081e+19
19.49538349631774	1.842843647650696e+19
19.5275979281903	2.029802531413879e+19
19.55981236006287	2.235728499606042e+19
19.59202679193543	2.462545758952825e+19
19.624241223808	2.712373726957332e+19
19.65645565568056	2.987546831491799e+19
19.68867008755312	3.290636327084313e+19
19.72088451942569	3.624474319179957e+19
19.75309895129825	3.992180226392749e+19
19.78531338317082	4.397189927451092e+19
19.81752781504338	4.843287868797773e+19
19.84974224691594	5.334642421104011e+19
19.88195667878851	5.875844831671109e+19
19.91417111066107	6.471952121283192e+19
19.94638554253364	7.128534337936557e+19
19.9785999744062	7.851726601779426e+19
20.01081440627877	8.648286428669562e+19
20.04302883815133	9.525656873620329e+19
20.07524327002389	1.049203607419563e+20
20.10745770189646	1.155645385221485e+20
20.13967213376902	1.272885608734682e+20
20.17188656564159	1.402019764645609e+20
20.20410099751415	1.544254474394947e+20
20.23631542938671	1.700918768445645e+20
20.26852986125928	1.87347650410556e+20
20.30074429313184	2.063540043745256e+20
20.33295872500441	2.272885319515038e+20
20.36517315687697	2.503468427529427e+20
20.39738758874953	2.757443904667627e+20
20.4296020206221	3.037184859620677e+20
20.46181645249466	3.345305146419818e+20
20.49403088436723	3.684683787082346e+20
20.52624531623979	4.058491871922703e+20
20.55845974811236	4.47022218878654e+20
20.59067417998492	4.923721858271017e+20
20.62288861185748	5.423228278903882e+20
20.65510304373005	5.973408720200508e+20
20.68731747560261	6.579403929995984e+20
20.71953190747518	7.246876168135377e+20
20.75174633934774	7.98206211118543e+20
20.7839607712203	8.791831124518969e+20
20.81617520309287	9.683749445862211e+20
20.84838963496543	1.066615088024512e+21
20.880604066838	1.174821466585517e+21
20.91281849871056	1.294005123964606e+21
20.94503293058312	1.425279670329029e+21
20.97724736245569	1.569871687156978e+21
21.00946179432825	1.729132187682863e+21
21.04167622620082	1.904549239913608e+21
21.07389065807338	2.097761870084355e+21
21.10610508994595	2.310575376707867e+21
21.13831952181851	2.54497819799588e+21
21.17053395369107	2.803160490466071e+21
21.20274838556364	3.087534592229442e+21
21.2349628174362	3.400757562114267e+21
21.26717724930877	3.745756005367939e+21
21.29939168118133	4.125753420655794e+21
21.33160611305389	4.544300301028959e+21
21.36382054492646	5.00530734289027e+21
21.39603497679902	5.513081944323966e+21
21.42824940867159	6.072368482639583e+21
21.46046384054415	6.688392612663415e+21
21.49267827241671	7.366910111973755e+21
21.52489270428928	8.114260658727803e+21
21.55710713616184	8.937427046495655e+21
21.58932156803441	9.84410043780594e+21
21.62153599990697	1.084275225860962e+22
21.65375043177954	1.194271319745044e+22
21.6859648636521	1.3154260647114e+22
21.71817929552466	1.448871449391181e+22
21.75039372739723	1.595854297149173e+22
21.78260815926979	1.757747911380121e+22
21.81482259114236	1.936064918151748e+22
21.84703702301492	2.132471380000584e+22
21.87925145488748	2.348802379059617e+22
21.91146588676005	2.587079152151311e+22
21.94368031863261	2.849527975760677e+22
21.97589475050518	3.138600971924697e+22
22.00810918237774	3.456999015587034e+22
22.0403236142503	3.807696962796579e+22
22.07253804612287	4.193971448938453e+22
22.10475247799543	4.619431524175764e+22
22.136966909868	5.088052314867505e+22
22.16918134174056	5.604212227990795e+22
22.20139577361313	6.172733809962037e+22
22.23361020548569	6.798928839468734e+22
22.26582463735825	7.488647926991568e+22
22.29803906923082	8.248335190808212e+22
22.33025350110338	9.085088452617895e+22
22.36246793297595	1.000672556495616e+23
22.39468236484851	1.102185744096344e+23
22.42689679672107	1.21399685064184e+23
22.45911122859364	1.337150531547573e+23
22.4913256604662	1.472797414843409e+23
22.52354009233877	1.622204850405878e+23
22.55575452421133	1.786768756745094e+23
22.58796895608389	1.968026630557102e+23
22.62018338795646	2.167671985412866e+23
22.65239781982902	2.387570094509483e+23
22.68461225170159	2.629775429464363e+23
22.71682668357415	2.896550925990916e+23
22.74904111544672	3.190389066836023e+23
22.78125554731928	3.514035050166688e+23
22.81346997919184	3.870512773759748e+23
22.84568441106441	4.26315217936834e+23
22.87789884293697	4.695623283502012e+23
22.91011327480954	5.171964964110828e+23
22.9423277066821	5.696628111004846e+23
22.97454213855466	6.274514655871405e+23
23.00675657042723	6.911023590030336e+23
23.03897100229979	7.612101662213686e+23
23.07118543417236	8.384299046641669e+23
23.10339986604492	9.2348300569109e+23
23.13561429791748	1.017164092395349e+24
23.16782872979005	1.120348438199428e+24
23.20004316166261	1.234000031846368e+24
23.23225759353518	1.359180702602873e+24
23.26447202540774	1.497059964424691e+24
23.29668645728031	1.648925992641503e+24
23.32890088915287	1.816197619194617e+24
23.36111532102543	2.000437600529534e+24
23.393329752898	2.20336722866117e+24
23.42554418477056	2.426882412818202e+24
23.45775861664313	2.673071350271778e+24
23.48997304851569	2.944234096677632e+24
23.52218748038825	3.242904021800279e+24
23.55440191226082	3.571871461287698e+24
23.58661634413338	3.934209817795055e+24
23.61883077600595	4.333304269622523e+24
23.65104520787851	4.772883352484401e+24
23.68325963975107	5.257053852684044e+24
23.71547407162364	5.790339148242432e+24
23.7476885034962	6.377721439428862e+24
23.77990293536877	7.024688343966938e+24
23.81211736724133	7.737284136170702e+24
23.8443317991139	8.522166199909617e+24
23.87654623098646	9.386667257983734e+24
23.90876066285902	1.033886385651029e+25
23.94097509473159	1.138765180540489e+25
23.97318952660415	1.254282929503801e+25
24.00540395847672	1.381518845938666e+25
24.03761839034928	1.52166161409659e+25
24.06983282222184	1.676020498230609e+25
24.10204725409441	1.846037573169015e+25
24.13426168596697	2.033301191250663e+25
24.16647611783954	2.239560964255489e+25
24.1986905497121	2.466743472607849e+25
24.23090498158466	2.716971446594603e+25
24.26311941345723	2.992582184218007e+25
24.29533384532979	3.296151462996683e+25
24.32754827720236	3.630514335461292e+25
24.35976270907492	3.998794769467346e+25
24.39197714094749	4.404433519716254e+25
24.42419157282005	4.851219923273408e+25
24.45640600469261	5.343328007981885e+25
24.48862043656518	5.885355241079678e+25
24.52083486843774	6.482365197659746e+25
24.55304930031031	7.139935284181037e+25
24.58526373218287	7.86420866190484e+25
24.61747816405543	8.661951521681158e+25
24.649692595928	9.540616468713642e+25
24.68190702780056	1.050841217053109e+26
24.71412145967313	1.157437971624313e+26
24.74633589154569	1.274847753633153e+26
24.77855032341825	1.404167427574309e+26
24.81076475529082	1.546605058278616e+26
24.84297918716338	1.703491343912731e+26
24.87519361903595	1.876291902814587e+26
24.90740805090851	2.066621049248605e+26
24.93962248278108	2.276256823236951e+26
24.97183691465364	2.507157640474454e+26
25.0040513465262	2.761480573460552e+26
25.03626577839877	3.041601478726389e+26
25.06848021027133	3.35013720616468e+26
25.1006946421439	3.689970323734507e+26
25.13290907401646	4.064275040524325e+26
25.16512350588902	4.476548385368163e+26
25.19733793776159	4.930641913088217e+26
25.22955236963415	5.430797215030159e+26
25.26176680150672	5.981687031830587e+26
25.29398123337928	6.588457160032963e+26
25.32619566525184	7.256777448227089e+26
25.35841009712441	7.992889543146262e+26
25.39062452899697	8.803670613250828e+26
25.42283896086954	9.696695168025919e+26
25.4550533927421	1.06803050290474e+27
25.48726782461467	1.176368915873355e+27
25.51948225648723	1.295696839864656e+27
25.55169668835979	1.427128968010381e+27
25.58391112023236	1.571893119199621e+27
25.61612555210492	1.731342109293055e+27
25.64833998397749	1.906964054538953e+27
25.68055441585005	2.100400941519688e+27
25.71276884772261	2.313447802646697e+27
25.74498327959518	2.548117645590011e+27
25.77719771146774	2.806592585368736e+27
25.80941214334031	3.091287566167744e+27
25.84162657521287	3.404854870923338e+27
25.87384100708543	3.750238920767222e+27
25.906055438958	4.130659456520441e+27
25.93826987083056	4.549658072360402e+27
25.97048430270313	5.011172874664055e+27
26.00269873457569	5.519503258970332e+27
26.03491316644826	6.079385276431757e+27
26.06712759832082	6.696199931538536e+27
26.09934203019338	7.375431288772617e+27
26.13155646206595	8.123539703452361e+27
26.16377089393851	8.947578015797771e+27
26.19598532581108	9.855088315810528e+27
26.22819975768364	1.085460139381759e+28
26.2604141895562	1.19555535697068e+28
26.29262862142877	1.31679878172872e+28
26.32484305330133	1.45033100257282e+28
26.3570574851739	1.597397182646112e+28
26.38927191704646	1.759328657220493e+28
26.42148634891903	1.937716806477488e+28
26.45370078079159	2.134189885295853e+28
26.48591521266415	2.35055675670426e+28
26.51812964453672	2.58888787741436e+28
26.55034407640928	2.851385665592691e+28
26.58255850828185	3.140503522794841e+28
26.61477294015441	3.458899418236115e+28
26.64698737202697	3.809633168619996e+28
26.67920180389954	4.195943971372893e+28
26.7114162357721	4.621496449862401e+28
26.74363066764467	5.090160547343897e+28
26.77584509951723	5.606364718887074e+28
26.80805953138979	6.174989187277358e+28
26.84027396326236	6.801208629117873e+28
26.87248839513492	7.49097763591026e+28
26.90470282700749	8.250714633231645e+28
26.93691725888005	9.087573179288395e+28
26.96913169075262	1.000926046312693e+29
27.00134612262518	1.102443654823391e+29
27.03356055449774	1.214261366809806e+29
27.06577498637031	1.337413581367203e+29
27.09798941824287	1.473061824059308e+29
27.13020385011544	1.622468973601668e+29
27.162418281988	1.787030525985993e+29
27.19463271386056	1.968283883731189e+29
27.22684714573313	2.167922198147937e+29
27.25906157760569	2.387813049078991e+29
27.29127600947826	2.630000390344736e+29
27.32349044135082	2.896757424830894e+29
27.35570487322338	3.190571889030846e+29
27.38791930509595	3.514186063717987e+29
27.42013373696851	3.870628272269361e+29
27.45234816884108	4.263223429916185e+29
27.48456260071364	4.695636104176223e+29
27.51677703258621	5.171915852219615e+29
27.54899146445877	5.696501458375334e+29
27.58120589633133	6.274296141629216e+29
27.6134203282039	6.910699839545828e+29
27.64563476007646	7.611646864606754e+29
27.67784919194903	8.383695641108066e+29
27.71006362382159	9.234053534354337e+29
27.74227805569415	1.017066135786638e+30
27.77449248756672	1.120227341976065e+30
27.80670691943928	1.233851834549593e+30
27.83892135131185	1.359000930332825e+30
27.87113578318441	1.49684496733516e+30
27.90335021505697	1.648669764577785e+30
27.93556464692954	1.8158942807083e+30
27.9677790788021	2.000080639611327e+30
27.99999351067467	2.202948271670389e+30
28.03220794254723	2.426392896574859e+30
28.0644223744198	2.672501564944595e+30
28.09663680629236	2.943573219928324e+30
28.12885123816492	3.2421388272374e+30
28.16106567003749	3.570987874295277e+30
28.19328010191005	3.933191649903203e+30
28.22549453378262	4.332134526724024e+30
28.25770896565518	4.771540788828545e+30
28.28992339752774	5.255515951063164e+30
28.32213782940031	5.788579562675808e+30
28.35435226127287	6.375712426404685e+30
28.38656669314544	7.022396918502914e+30
28.418781125018	7.734673811224746e+30
28.45099555689056	8.519194751511718e+30
28.48320998876313	9.383289975450561e+30
28.51542442063569	1.033502604888919e+31
28.54763885250826	1.138330388948195e+31
28.57985328438082	1.253789919247332e+31
28.61206771625339	1.38096043382175e+31
28.64428214812595	1.521068558132038e+31
28.67649657999851	1.675306011576863e+31
28.70871101187108	1.845230129291788e+31
28.74092544374364	2.032389162562049e+31
28.77313987561621	2.238532388201102e+31
28.80535430748877	2.465583123781586e+31
28.83756873936133	2.715665522396147e+31
28.8697831712339	2.991107774031623e+31
28.90199760310646	3.294491754114702e+31
28.93421203497903	3.628646230090593e+31
28.96642646685159	3.996691935886194e+31
28.99864089872415	4.402069612103468e+31
29.03085533059672	4.848563679291966e+31
29.06306976246928	5.340343875402651e+31
29.09528419434185	5.882002394525185e+31
29.12749862621441	6.478605520393301e+31
29.15971305808698	7.135712352263536e+31
29.19192748995954	7.859471783764163e+31
29.2241419218321	8.656637687852015e+31
29.25635635370467	9.534660643899016e+31
29.28857078557723	1.050173680655753e+32
29.3207852174498	1.156690203703314e+32
29.35299964932236	1.274010017054435e+32
29.38521408119492	1.403229467423592e+32
29.41742851306749	1.545555013406366e+32
29.44964294494005	1.702315463860791e+32
29.48185737681262	1.874977026537446e+32
29.51407180868518	2.065150370522153e+32
29.54628624055774	2.274612112080887e+32
29.57850067243031	2.505318571634033e+32
29.61071510430287	2.759425040524939e+32
29.64292953617544	3.039304355740285e+32
29.675143968048	3.347570614518296e+32
29.70735839992057	3.687102860704464e+32
29.73957283179313	4.061073670197673e+32
29.77178726366569	4.472973864277515e+32
29.80400169553826	4.926651319463652e+32
29.83621612741082	5.426343072437303e+32
29.86843055928339	5.97671730960545e+32
29.90064499115595	6.582912972321808e+32
29.93285942302851	7.250592274440336e+32
29.96507385490108	7.985991025204648e+32
29.99728828677364	8.795979430101583e+32
30.02950271864621	9.688120362294426e+32
30.06171715051877	1.067074271756287e+33
30.09393158239133	1.175303124133143e+33
30.1261460142639	1.294509024628756e+33
30.15836044613646	1.425805327289499e+33
30.19057487800903	1.5704179280497e+33
30.22278930988159	1.729697642634669e+33
30.25500374175416	1.905129644656143e+33
30.28721817362672	2.098374672145952e+33
30.31943260549928	2.311193787565782e+33
30.35164703737185	2.545605188666113e+33
30.38386146924441	2.803787944237242e+33
30.41607590111698	3.088172425896012e+33
30.44829033298954	3.401386123889465e+33
30.4805047648621	3.746370202978217e+33
30.51271919673467	4.12633840328868e+33
30.54493362860723	4.544868006871438e+33
30.5771480604798	5.005824918555736e+33
30.60936249235236	5.513537377243065e+33
30.64157692422492	6.072737004613768e+33
30.67379135609749	6.688678839808298e+33
30.70600578797005	7.367068835945528e+33
30.73822021984262	8.114267892008765e+33
30.77043465171518	8.937244993721174e+33
30.80264908358775	9.843709389945291e+33
30.83486351546031	1.084209513911036e+34
30.86707794733287	1.194174269406273e+34
30.89929237920544	1.315291309708196e+34
30.931506811078	1.44869488259693e+34
30.96372124295057	1.595626264422488e+34
30.99593567482313	1.757460175382138e+34
31.02815010669569	1.935707664145648e+34
31.06036453856826	2.132035324848025e+34
31.09257897044082	2.348272406604304e+34
31.12479340231339	2.586440716587957e+34
31.15700783418595	2.848763192409591e+34
31.18922226605851	3.137686392398304e+34
31.22143669793108	3.455421830077827e+34
31.25365112980364	3.806471950455125e+34
31.28586556167621	4.192521411053884e+34
31.31807999354877	4.617731059854228e+34
31.35029442542134	5.085832296156764e+34
31.3825088572939	5.601941077821124e+34
31.41472328916646	6.17009162203597e+34
31.44693772103903	6.795868524339708e+34
31.47915215291159	7.484922954179518e+34
31.51136658478416	8.244318523083791e+34
31.54358101665672	9.080457910583886e+34
31.57579544852928	1.000139713121011e+35
31.60800988040185	1.10156711357531e+35
31.64022431227441	1.213305325616379e+35
31.67243874414698	1.336359174304824e+35
31.70465317601954	1.471894079835143e+35
31.7368676078921	1.621173168893393e+35
31.76908203976467	1.785601708847443e+35
31.80129647163723	1.96669877759778e+35
31.8335109035098	2.166163458507899e+35
31.86572533538236	2.38585619757126e+35
31.89793976725493	2.627841714544592e+35
31.93015419912749	2.89435816715846e+35
31.96236863100005	3.187906783263138e+35
31.99458306287262	3.511227002035025e+35
32.02679749474518	3.867348363254965e+35
32.05901192661774	4.259574636899455e+35
32.0912263584903	4.691584335246927e+35
32.12344079036286	5.167408335450485e+35
32.15565522223542	5.691501790470424e+35
32.18786965410798	6.268731462479361e+35
32.22008408598055	6.90451057087389e+35
0
1000	1.0219978922	100000000000000.1
5	0	0	1
5	0	0	0
0.03786664528905326	-0.0003273460503774141
0.07008107716161713	-0.0002577275298819173
0.102295509034181	-0.0001665897411394954
0.1345099409067449	-5.975042241420343e-05
0.1667243727793087	-0
0.1989388046518726	-0
0.2311532365244365	-0
0.2633676683970003	-0
0.2955821002695642	-0
0.3277965321421281	-0
0.360010964014692	-0
0.3922253958872559	-0
0.4244398277598198	-0
0.4566542596323837	-0
0.4888686915049476	-0.0001245847137921089
0.5210831233775115	-0.0006566950392583592
0.5532975552500754	-0.001280711315561225
0.5855119871226393	-0.001993003695962638
0.6177264189952032	-0.002789149042764078
0.6499408508677671	-0.003790791112757863
0.682155282740331	-0.004729082545363894
0.7143697146128949	-0.005724494670277895
0.7465841464854588	-0.006771684626724436
0.7787985783580227	-0.007865266063656534
0.8110130102305866	-0.00899982593959537
0.8432274421031505	-0.01016993904413849
0.8754418739757144	-0.01137018047839942
0.9076563058482783	-0.01259513630962217
0.9398707377208422	-0.0138394125950562
0.9720851695934061	-0.01509764295174532
1.00429960146597	-0.01653389581443312
1.036514033338534	-0.01778007399309146
1.068728465211098	-0.01901206451896099
1.100942897083662	-0.02022693956816402
1.133157328956226	-0.02142230380821852
1.165371760828789	-0.02259624964646317
1.197586192701353	-0.02374731613804373
1.229800624573917	-0.02487445126545114
1.262015056446481	-0.0259769773232731
1.294229488319045	-0.02705455916200432
1.326443920191609	-0.02805222220485105
1.358658352064173	-0.02908674486039589
1.390872783936737	-0.03010117710595965
1.423087215809301	-0.03109561840037591
1.455301647681865	-0.03207022245309446
1.487516079554428	-0.03302519214963288
1.519730511426992	-0.03396077491404122
1.551944943299556	-0.03487725847245411
1.58415937517212	-0.03577496698466835
1.616373807044684	-0.03665425751332634
1.648588238917248	-0.03750733453527443
1.680802670789812	-0.03835179276426254
1.713017102662376	-0.03917969330448621
1.74523153453494	-0.03999140559439609
1.777445966407504	-0.04078729284051776
1.809660398280067	-0.04156771188322125
1.841874830152631	-0.04233301310204638
1.874089262025195	-0.04308354035565435
1.906303693897759	-0.04381963095202106
1.938518125770323	-0.04454161564497629
1.970732557642887	-0.04524897655635282
2.002946989515451	-0.0459437894255376
2.035161421388014	-0.04662551418313786
2.067375853260578	-0.04729444660218256
2.099590285133142	-0.04795087360660538
2.131804717005705	-0.04859507358299582
2.164019148878269	-0.04922731668187619
2.196233580750833	-0.04984786510873269
2.228448012623396	-0.05045697340503624
2.26066244449596	-0.05105488871951307
2.292876876368524	-0.05164125689315381
2.325091308241087	-0.05221761079693674
2.357305740113651	-0.05278348988829328
2.389520171986215	-0.05333910478177417
2.421734603858778	-0.05388466139085961
2.453949035731342	-0.0544203606993101
2.486163467603906	-0.05494639869842964
2.518377899476469	-0.0554629664146717
2.550592331349033	-0.05597024998773686
2.582806763221597	-0.05646843077714199
2.61502119509416	-0.05695758842755259
2.647235626966724	-0.05743817029644467
2.679450058839288	-0.05791009380515926
2.711664490711851	-0.05837359549360393
2.743878922584415	-0.05882883431943325
2.776093354456979	-0.0592759652582987
2.808307786329542	-0.0597151393968374
2.840522218202106	-0.06014650401394803
2.87273665007467	-0.06057020264839175
2.904951081947234	-0.06098637515006294
2.937165513819797	-0.06139536332982174
2.969379945692361	-0.06179629500734656
3.001594377564925	-0.06219072551327687
3.033808809437488	-0.0625781760851795
3.066023241310052	-0.06295876130238878
3.098237673182616	-0.06333259081969198
3.130452105055179	-0.06369976954208109
3.162666536927743	-0.06406039779031986
3.194880968800307	-0.06441457145769734
3.22709540067287	-0.06476238215830525
3.259309832545434	-0.06510398217924833
3.291524264417998	-0.06543832978166236
3.323738696290561	-0.06576763659828176
3.355953128163125	-0.06609097918025571
3.388167560035689	-0.06640842097542203
3.420381991908252	-0.06672001875890743
3.452596423780816	-0.06702582289772452
3.48481085565338	-0.06732587760262577
3.517025287525943	-0.06762022116789894
3.549239719398507	-0.06790888619975181
3.581454151271071	-0.06819193270422684
3.613668583143634	-0.06846911891629576
3.645883015016198	-0.06874089803890886
3.678097446888762	-0.06900708936518937
3.710311878761325	-0.06926769888152574
3.742526310633889	-0.06952272750799408
3.774740742506453	-0.06977217129093984
3.806955174379016	-0.07001602158687292
3.83916960625158	-0.07025426523813072
3.871384038124144	-0.07048688474073654
3.903598469996707	-0.0707138775216548
3.935812901869271	-0.07093642513680881
3.968027333741835	-0.07115196046623791
4.000241765614398	-0.07136165892041256
4.032456197486963	-0.07156549319974094
4.064670629359527	-0.07176343707205725
4.096885061232091	-0.0719554653339579
4.129099493104655	-0.07214155377408253
4.161313924977219	-0.07232167913824389
4.193528356849783	-0.07249581909630365
4.225742788722347	-0.07266396404044222
4.257957220594911	-0.07282606862763361
4.290171652467476	-0.07298337398806079
4.32238608434004	-0.0731332170576362
4.354600516212604	-0.07327687773627206
4.386814948085168	-0.07341435208750464
4.419029379957732	-0.07354564148886718
4.451243811830296	-0.07367075245774586
4.48345824370286	-0.07378969648445326
4.515672675575424	-0.07390248987216869
4.547887107447989	-0.07400916111561177
4.580101539320553	-0.07410971990398807
4.612315971193117	-0.07420394864385327
4.644530403065681	-0.07429241653361021
4.676744834938245	-0.07437490201576692
4.708959266810809	-0.07445144494731318
4.741173698683373	-0.07452208814480711
4.773388130555937	-0.07458687729634843
4.805602562428501	-0.07464586087691995
4.837816994301066	-0.07469909006693833
4.87003142617363	-0.07474662350853375
4.902245858046194	-0.0747885074215901
4.934460289918758	-0.07482405680529489
4.966674721791322	-0.07485488927399442
4.998889153663886	-0.07488032065369825
5.03110358553645	-0.07490041045147602
5.063318017409014	-0.07491521767638459
5.095532449281579	-0.07492480085767779
5.127746881154143	-0.07492921806232111
5.159961313026707	-0.07492852691184289
5.192175744899271	-0.0749227876794946
5.224390176771835	-0.07491205067933099
5.256604608644399	-0.07489666342287178
5.288819040516963	-0.0748760886867386
5.321033472389527	-0.07485066413468636
5.353247904262092	-0.07482044730528881
5.385462336134656	-0.07478549645868175
5.41767676800722	-0.07474587055936407
5.449891199879784	-0.07470162925953039
5.482105631752348	-0.07465283288290507
5.514320063624912	-0.07463581870281948
5.546534495497476	-0.07457467913019253
5.57874892737004	-0.07450617047150997
5.610963359242604	-0.07443107429723933
5.643177791115169	-0.07434919354431406
5.675392222987733	-0.07426816289344751
5.707606654860297	-0.07418927390229596
5.739821086732861	-0.07410632956001197
5.772035518605425	-0.07401939200577193
5.804249950477989	-0.07392852113416808
5.836464382350553	-0.07334354924361353
5.868678814223117	-0.07320244298999994
5.900893246095682	-0.0731122957215348
5.933107677968246	-0.07310506420444228
5.96532210984081	-0.07322870830382033
5.997536541713374	-0.07359853040733709
6.029750973585938	-0.074335970310901
6.061965405458502	-0.07556984896729077
6.094179837331066	-0.07757672929067262
6.12639426920363	-0.08082909138224563
6.158608701076195	-0.1543649717385004
6.190823132948759	-0.1785178764744629
6.223037564821323	-0.2062867389579504
6.255251996693887	-0.2379469481234311
6.287466428566451	-0.2737590334912312
6.319680860439015	-0.3139556461566588
6.351895292311579	-0.3587407543726844
6.384109724184143	-0.408284670796528
6.416324156056707	-0.4627214792033131
6.448538587929272	-0.522147895470353
6.480753019801836	-0.5400615735798452
6.5129674516744	-0.5951292558536552
6.545181883546964	-0.6482102889501163
6.577396315419528	-0.667265727826066
6.609610747292092	-0.9958780803079345
6.641825179164656	-0.9564232900975747
6.67403961103722	-1.02767458890419
6.706254042909785	-1.116305026432912
6.738468474782349	-1.215176033737837
6.770682906654913	-1.322732467170195
6.802897338527477	-1.473129982371855
6.835111770400041	-1.590867455156392
6.867326202272605	-1.716159556831165
6.899540634145169	-1.849544397538134
6.931755066017733	-1.991597025187677
6.963969497890298	-2.142924138191262
6.996183929762862	-2.304171810268867
7.028398361635426	-2.476027070890128
7.06061279350799	-2.659220820659121
7.092827225380554	-2.854530887762036
7.125041657253118	-3.062988539239706
7.157256089125682	-3.285061748918888
7.189470520998246	-3.52187838905724
7.22168495287081	-3.77443616097646
7.253899384743375	-4.043794076816751
7.286113816615939	-4.33109549479126
7.318328248488503	-4.637545270876969
7.350542680361067	-4.964432988895012
7.382757112233631	-5.313134025310249
7.414971544106195	-5.685115370838048
7.447185975978759	-6.081798027862585
7.479400407851323	-6.505150268048428
7.511614839723888	-6.95681025681337
7.543829271596452	-7.438676935987938
7.576043703469016	-7.952771536848462
7.60825813534158	-8.501262583873421
7.640472567214144	-9.086450424334613
7.672686999086708	-9.710792901437383
7.704901430959272	-10.37691180132632
7.737115862831836	-11.08760385966408
7.769330294704401	-11.84570988505164
7.801544726576965	-12.65470773530994
7.833759158449529	-13.51785302845788
7.865973590322093	-14.43876738508701
7.898188022194657	-15.4213177915984
7.930402454067221	-16.46961655920578
7.962616885939785	-17.58806250204951
7.994831317812349	-18.78134374519083
8.027045749684913	-20.05446106119481
8.059260181557477	-21.41274876432306
8.091474613430041	-22.86177015941463
8.123689045302605	-24.40785705353751
8.155903477175169	-26.05736067419392
8.188117909047733	-27.8171875112176
8.220332340920297	-29.69471831354202
8.252546772792861	-31.69778273556819
8.284761204665426	-33.83477471501325
8.31697563653799	-36.1146340032868
8.349190068410554	-38.54689624075957
8.381404500283118	-41.1417327007732
8.413618932155682	-43.90987684942207
8.445833364028246	-46.86314023625943
8.47804779590081	-50.01375453552559
8.510262227773374	-53.37488656359778
8.542476659645938	-56.96058034602616
8.574691091518503	-60.78583527379763
8.606905523391067	-64.86658816704876
8.639119955263631	-69.21990021295213
8.671334387136195	-73.86394877787292
8.703548819008759	-78.81812235316575
8.735763250881323	-84.10299109525077
8.767977682753887	-89.74084026651316
8.800192114626451	-95.75509131351126
8.832406546499016	-102.1708397764783
8.86462097837158	-109.0148527239944
8.896835410244144	-116.3157020784061
8.929049842116708	-124.10379419256
8.961264273989272	-132.4116296099571
8.993478705861836	-141.2738510898701
9.0256931377344	-150.7274088222467
9.057907569606964	-160.8116050158596
9.090122001479529	-171.5687005565726
9.122336433352093	-183.0434265090825
9.154550865224657	-195.283605396309
9.186765297097221	-208.3402443767712
9.218979728969785	-222.2677767964508
9.251194160842349	-237.1241693521841
9.283408592714913	-252.9713401115059
9.315623024587477	-269.8753006703135
9.347837456460041	-287.9064583905343
9.380051888332606	-307.1397967141626
9.41226632020517	-327.6556430728065
9.444480752077734	-349.5393195821234
9.476695183950298	-372.8819450234298
9.508909615822862	-397.7807050108197
9.541124047695426	-424.3393092627584
9.57333847956799	-452.6682081104776
9.605552911440554	-482.8853687567697
9.637767343313119	-515.1165599234098
9.669981775185683	-549.4959239230442
9.702196207058247	-586.1664137174657
9.734410638930811	-625.2808753165014
9.766625070803375	-667.0019521996031
9.798839502675939	-711.5032391549242
9.831053934548503	-758.9698876366589
9.863268366421067	-809.5994793754894
9.895482798293632	-863.6024301130157
9.927697230166196	-921.203477948868
9.95991166203876	-982.642220897908
9.992126093911324	-1048.174207144414
10.02434052578389	-1118.071862557633
10.05655495765645	-1192.626166343236
10.08876938952902	-1272.147046902037
10.12098382140158	-1356.965200687457
10.15319825327414	-1447.433337167223
10.18541268514671	-1543.927643868973
10.21762711701927	-1646.84954732261
10.24984154889184	-1756.626573063125
10.2820559807644	-1873.715331166806
10.31427041263697	-1998.602619728468
10.34648484450953	-2131.807484204246
10.37869927638209	-2273.88400346321
10.41091370825466	-2425.422650339062
10.44312814012722	-2587.053358529826
10.47534257199979	-2759.44799018002
10.50755700387235	-2943.323126216118
10.53977143574491	-3139.447681846889
10.57198586761748	-3348.627320950611
10.60420029949004	-3571.735808754936
10.63641473136261	-3809.70036687701
10.66862916323517	-4063.509769779896
10.70084359510773	-4334.219217948534
10.7330580269803	-4622.953598737527
10.76527245885286	-4930.912907503468
10.79748689072543	-5259.377065911931
10.82970132259799	-5609.711252727029
10.86191575447056	-5983.342581660033
10.89413018634312	-6381.882875850772
10.92634461821568	-6806.961978900941
10.95855905008825	-7260.347188489071
10.99077348196081	-7743.923181045412
11.02298791383338	-8259.700764834672
11.05520234570594	-8809.823797404868
11.0874167775785	-9396.578976994891
11.11963120945107	-10022.40507989832
11.15184564132363	-10689.90304348697
11.1840600731962	-11401.92241939524
11.21627450506876	-12161.26976133003
11.24848893694132	-12971.16837721901
11.28070336881389	-13834.98181732208
11.31291780068645	-14756.29714657173
11.34513223255902	-15738.94107200085
11.37734666443158	-16786.99404559957
11.40956109630415	-17904.80841622105
11.44177552817671	-19097.02625461698
11.47398996004927	-20368.59867527635
11.50620439192184	-21724.7263788743
11.5384188237944	-23171.20063711257
11.57063325566697	-24713.95795034238
11.60284768753953	-26359.40698771457
11.63506211941209	-28114.38255678431
11.66727655128466	-29986.17558400278
11.69949098315722	-31982.56099808707
11.73170541502979	-34111.83155852725
11.76391984690235	-36382.83190307038
11.79613427877491	-38804.99525758812
11.82834871064748	-41388.38258527376
11.86056314252004	-44143.62133392425
11.89277757439261	-47082.36784510985
11.92499200626517	-50216.72988452685
11.95720643813774	-53559.72584482391
11.9894208700103	-57125.24127639095
12.02163530188286	-60928.08306277357
12.05384973375543	-64984.04266950376
12.08606416562799	-69309.96083302949
12.11827859750056	-73923.79704637833
12.15049302937312	-78844.70361769429
12.18270746124568	-84094.13699150807
12.21492189311825	-89691.77493112926
12.24713632499081	-95661.80790759673
12.27935075686338	-102028.9921392942
12.31156518873594	-108819.7343937453
12.3437796206085	-116062.1980223441
12.37599405248107	-123786.4237141564
12.40820848435363	-132024.4547218096
12.4404229162262	-140810.4713406824
12.47263734809876	-150180.9345490053
12.50485177997133	-160171.8688624566
12.53706621184389	-170830.5546208592
12.56928064371645	-182198.6266570093
12.60149507558902	-194323.3398240656
12.63370950746158	-207255.0979995748
12.66592393933415	-221047.6565303455
12.69813837120671	-235758.3483378747
12.73035280307927	-251448.3196836792
12.76256723495184	-268182.7823660973
12.7947816668244	-286031.2823887147
12.82699609869697	-305071.5510739206
12.85921053056953	-325375.5633090555
12.89142496244209	-347030.8650723686
12.92363939431466	-370127.3523840111
12.95585382618722	-394760.9060170905
12.98806825805979	-421033.7813362922
13.02028268993235	-449055.0386599143
13.05249712180492	-478940.9951951146
13.08471155367748	-510815.708589162
13.11692598555004	-544811.4928084373
13.14914041742261	-581069.4685192283
13.18135484929517	-619738.4770863247
13.21356928116774	-660982.5186466454
13.2457837130403	-704971.1994697809
13.27799814491286	-751887.1620936696
13.31021257678543	-801925.1963409308
13.34242700865799	-855293.0556833684
13.37464144053056	-912212.3178667289
13.40685587240312	-972919.3047791588
13.43907030427568	-1037666.063525593
13.47128473614825	-1106721.412780591
13.50349916802081	-1180372.073563186
13.53571359989338	-1258923.799528995
13.56792803176594	-1342702.733092105
13.60014246363851	-1432056.712036312
13.63235689551107	-1527356.711055486
13.66457132738363	-1628998.392645917
13.6967857592562	-1737403.747036648
13.72900019112876	-1853022.844021979
13.76121462300133	-1976335.701356652
13.79342905487389	-2107854.277469043
13.82564348674645	-2248124.618198132
13.85785791861902	-2397729.037147911
13.89007235049158	-2557288.657609619
13.92228678236415	-2727465.923275459
13.95450121423671	-2908967.344908445
13.98671564610927	-3102546.448562765
14.01893007798184	-3309006.900000497
14.0511445098544	-3529205.840927602
14.08335894172697	-3764057.447213489
14.11557337359953	-4014536.723863731
14.1477878054721	-4281683.583337318
14.18000223734466	-4566607.038695704
14.21221666921722	-4870489.984890993
14.24443110108979	-5194594.013027145
14.27664553296235	-5540264.642777093
14.30885996483492	-5908936.92951596
14.34107439670748	-6302141.416319342
14.37328882858004	-6721510.487539839
14.40550326045261	-7168785.145129525
14.43771769232517	-7645822.235835425
14.46993212419774	-8154633.084808244
14.5021465560703	-8697268.340669794
14.53436098794286	-9276008.31578711
14.56657541981543	-9893255.27940134
14.59878985168799	-10551571.48587439
14.63100428356056	-11253689.89638089
14.66321871543312	-12002525.58141064
14.69543314730569	-12801187.89813098
14.72764757917825	-13652993.48739304
14.75986201105081	-14561480.14612208
14.79207644292338	-15530421.63468203
14.82429087479594	-16563606.04890446
14.85650530666851	-17665817.45349529
14.88871973854107	-18841409.03655377
14.92093417041363	-20095269.3718125
14.9531486022862	-21432612.07321982
14.98536303415876	-22858997.23242192
15.01757746603133	-24380354.25896489
15.04979189790389	-26003006.20052888
15.08200632977645	-27733695.63616679
15.11422076164902	-29579612.24105314
15.14643519352158	-31549097.16489508
15.17864962539415	-33648945.56408006
15.21086405726671	-35888506.79643366
15.24307848913928	-38277065.75613017
15.27529292101184	-40824524.89505571
15.3075073528844	-43541445.50968766
15.33972178475697	-46439091.84079465
15.37193621662953	-49529478.16497344
15.4041506485021	-52825419.08563239
15.43636508037466	-56340583.24590102
15.46857951224722	-60088701.7489954
15.50079394411979	-64087043.85227294
15.53300837599235	-68351417.79935467
15.56522280786492	-72899531.05124
15.59743723973748	-77750269.6707911
15.62965167161004	-82923776.63727464
15.66186610348261	-88441535.36936526
15.69408053535517	-94326458.77695648
15.72629496722774	-100602984.2051229
15.7585093991003	-107297174.6572094
15.79072383097287	-114437225.91492
15.82293826284543	-122051983.8869595
15.85515269471799	-130173426.0233014
15.88736712659056	-138835266.4063548
15.91958155846312	-148073462.4086631
15.95179599033569	-157926363.9226154
15.98401042220825	-168434872.550754
16.01622485408081	-179642611.3879086
16.04843928595338	-191596106.0998675
16.08065371782594	-204344978.0502006
16.11286814969851	-217942150.5476855
16.14508258157107	-232444067.4043667
16.17729701344363	-247910928.9978637
16.2095114453162	-264406940.8712364
16.24172587718876	-282000580.6638649
16.27394030906133	-300764882.3155597
16.30615474093389	-320777739.2248105
16.33836917280646	-342122227.5776793
16.37058360467902	-364886951.1893294
16.40279803655158	-389166409.2895439
16.43501246842415	-415061388.7787675
16.46722690029671	-442679382.9170513
16.49944133216928	-472135036.1562915
16.53165576404184	-503550622.0492254
16.5638701959144	-537056549.4566257
16.59608462778697	-572791904.1797074
16.62829905965953	-610905026.2840364
16.6605134915321	-651554125.8353457
16.69272792340466	-694907939.6029119
16.72494235527722	-741146431.4561074
16.75715678714979	-790461539.3613354
16.78937121902235	-843057972.5588158
16.82158565089492	-899154059.3335965
16.85380008276748	-958982656.1338146
16.88601451464005	-1022792112.22889
16.91822894651261	-1090847301.00686
16.95044337838517	-1163430719.403122
16.98265781025774	-1240843660.478264
17.0148722421303	-1323407464.011809
17.04708667400287	-1411464850.302392
17.07930110587543	-1505381342.710414
17.11151553774799	-1605546785.533607
17.14372996962056	-1712376959.386117
17.17594440149312	-1826315311.06747
17.20815883336569	-1947834791.534538
17.24037326523825	-2077439819.616574
17.27258769711081	-2215668375.703117
17.30480212898338	-2363094234.731462
17.33701656085594	-2520329347.741364
17.36923099272851	-2688026381.881676
17.40144542460107	-2866881429.410825
17.43365985647364	-3057636897.909153
17.4658742883462	-3261084587.858637
17.49808872021876	-3478068984.8486
17.53030315209133	-3709490761.029235
17.56251758396389	-3956310514.346214
17.59473201583646	-4219552755.613225
17.62694644770902	-4500310160.853406
17.65916087958158	-4799748106.559463
17.69137531145415	-5119109506.69479
17.72358974332671	-5459719971.510668
17.75580417519928	-5822993309.343321
17.78801860707184	-6210437397.389371
17.82023303894441	-6623660431.95035
17.85244747081697	-7064377614.504421
17.88466190268953	-7534418263.793404
17.9168763345621	-8035733410.105307
17.94909076643466	-8570403893.078705
17.98130519830723	-9140648998.268007
18.01351963017979	-9748835668.312923
18.04573406205235	-10397488326.94144
18.07794849392492	-11089299356.23342
18.11016292579748	-11827140275.10382
18.14237735767005	-12614073645.69975
18.17459178954261	-13453365800.32155
18.20680622141517	-14348500388.41427
18.23902065328774	-15303192837.59558
18.2712350851603	-16321405774.3448
18.30344951703287	-17407365470.66324
18.33566394890543	-18565579385.23185
18.367878380778	-19800854867.97022
18.40009281265056	-21118319122.09713
18.43230724452312	-22523440474.67975
18.46452167639569	-24022051067.36201
18.49673610826825	-25620371079.61942
18.52895054014082	-27325034531.88246
18.56116497201338	-29143116822.41817
18.59337940388594	-31082164092.8175
18.62559383575851	-33150224547.17666
18.65780826763107	-35355881854.94566
18.69002269950364	-37708290776.07989
18.7222371313762	-40217215155.69571
18.75445156324876	-42893068454.6386
18.78666599512133	-45746956945.23283
18.81888042699389	-48790725837.14588
18.85109485886646	-52037008419.21658
18.88330929073902	-55499278495.7771
18.91552372261159	-59191906306.74433
18.94773815448415	-63130218168.05579
18.97995258635671	-67330560079.9505
19.01216701822928	-71810365567.07713
19.04438145010184	-76588228031.66827
19.07659588197441	-81683977929.08589
19.10881031384697	-87118765038.57916
19.14102474571953	-92915146282.11426
19.1732391775921	-99097179313.79895
19.20545360946466	-105690522370.4445
19.23766804133723	-112722540758.529
19.26988247320979	-120222420426.4536
19.30209690508235	-128221289125.1634
19.33431133695492	-136752345377.9904
19.36652576882748	-145850996765.9472
19.39874020070005	-155555006280.1684
19.43095463257261	-165904649425.1251
19.46316906444518	-176942881211.7895
19.49538349631774	-188715514501.0048
19.5275979281903	-201271410092.254
19.55981236006287	-214662679511.2388
19.59202679193543	-228944901277.9277
19.624241223808	-244177351561.5438
19.65645565568056	-260423250170.8794
19.68867008755312	-277750023049.9576
19.72088451942569	-296229581749.3246
19.75309895129825	-315938622303.3156
19.78531338317082	-336958943219.9645
19.81752781504338	-359377785090.3737
19.84974224691594	-383288192583.4987
19.88195667878851	-408789400597.9939
19.91417111066107	-435987246089.0483
19.94638554253364	-464994607292.9547
19.9785999744062	-495931872172.1944
20.01081440627877	-528927438024.4993
20.04302883815133	-564118244330.7485
20.07524327002389	-601650341070.1912
20.10745770189646	-641679494740.8689
20.13967213376902	-684371834907.275
20.17188656564159	-729904543550.0687
20.20410099751415	-778466590380.3611
20.23631542938671	-830259517051.6055
20.26852986125928	-885498273542.3542
20.30074429313184	-944412110180.7942
20.33295872500441	-1007245529001.719
20.36517315687697	-1074259298448.904
20.39738758874953	-1145731535500.157
20.4296020206221	-1221958859744.396
20.46181645249466	-1303257624478.938
20.49403088436723	-1389965229420.419
20.52624531623979	-1482441520891.859
20.55845974811236	-1581070285129.9
20.59067417998492	-1686260840935.552
20.62288861185748	-1798449738277.415
20.65510304373005	-1918102569894.347
20.68731747560261	-2045715903423.658
20.71953190747518	-2181819342091.576
20.75174633934774	-2326977722298.39
20.7839607712203	-2481793457809.715
20.81617520309287	-2646909039482.926
20.84838963496543	-2823009701492.528
20.880604066838	-3010826264886.992
20.91281849871056	-3211138170313.712
20.94503293058312	-3424776712496.289
20.97724736245569	-3652628489852.612
21.00946179432825	-3895639083760.615
21.04167622620082	-4154816982271.481
21.07389065807338	-4431237765214.37
21.10610508994595	-4726048567257.265
21.13831952181851	-5040472838533.368
21.17053395369107	-5375815421349.28
21.20274838556364	-5733467965011.161
21.2349628174362	-6114914701594.897
21.26717724930877	-6521738582926.657
21.29939168118133	-6955627937455.006
21.33160611305389	-7418383319590.436
21.36382054492646	-7911925125873.236
21.39603497679902	-8438301495891.704
21.42824940867159	-8999696823888.082
21.46046384054415	-9598440823614.068
21.49267827241671	-10237018195264.21
21.52489270428928	-10918078935602.71
21.55710713616184	-11644449329190.45
21.58932156803441	-12419143737997.66
21.62153599990697	-13245376910540.9
21.65375043177954	-14126577628707.39
21.6859648636521	-15066402681757.73
21.71817929552466	-16068752149408.6
21.75039372739723	-17137785565613.76
21.78260815926979	-18277939179315.81
21.81482259114236	-19493944362210.04
21.84703702301492	-20790847241668.12
21.87925145488748	-22174029639610.45
21.91146588676005	-23649231404387.73
21.94368031863261	-25222574214475.06
21.97589475050518	-26900587026314.89
22.00810918237774	-28690233104688.34
22.0403236142503	-30598938953129
22.07253804612287	-32634625120650.27
22.10475247799543	-34805739068346.66
22.136966909868	-37121290220561.16
22.16918134174056	-39590887348258.43
22.20139577361313	-42224778437830.74
22.23361020548569	-45033893204609.37
22.26582463735825	-48029888615962.66
22.29803906923082	-51225196762246.51
22.33025350110338	-54633077052202.32
22.36246793297595	-58267670883176.41
22.39468236484851	-62144060395838.51
22.42689679672107	-66278331056128.99
22.45911122859364	-70687638409683.72
22.4913256604662	-75390279344026.98
22.52354009233877	-80405765794069.2
22.55575452421133	-85754914492236.77
22.58796895608389	-91459918236548.39
22.62018338795646	-97544451145765.33
22.65239781982902	-104033761242910.7
22.68461225170159	-110954776109214.8
22.71682668357415	-118336214627110.9
22.74904111544672	-126208706145999.2
22.78125554731928	-134604917573807.2
22.81346997919184	-143559688918448.5
22.84568441106441	-153110177846891.3
22.87789884293697	-163296013859932.8
22.91011327480954	-174159462686490.1
22.9423277066821	-185745601799927.6
22.97454213855466	-198102507228844.1
23.00675657042723	-211281453180406.4
23.03897100229979	-225337124749228.5
23.07118543417236	-240327844812333.2
23.10339986604492	-256315816021083.2
23.13561429791748	-273367378886522.2
23.16782872979005	-291553287034403.8
23.20004316166261	-310949000769779.9
23.23225759353518	-331634999705137.7
23.26447202540774	-353697118365668.4
23.29668645728031	-377226899959926.8
23.32890088915287	-402321977401530.7
23.36111532102543	-429086482828140.6
23.393329752898	-457631462161354.1
23.42554418477056	-488075364268809.1
23.45775861664313	-520544508934651.1
23.48997304851569	-555173620349088.6
23.52218748038825	-592106384814939.9
23.55440191226082	-631496047452938.6
23.58661634413338	-673506045487765.1
23.61883077600595	-718310690226393
23.65104520787851	-766095887638124.8
23.68325963975107	-817059910337755.6
23.71547407162364	-871414220210588.6
23.7476885034962	-929384345760756.6
23.77990293536877	-991210817816027.6
23.81211736724133	-1057150167476000
23.8443317991139	-1127475990441780
23.87654623098646	-1202480083966582
23.90876066285902	-1282473650474364
23.94097509473159	-1367788598656219
23.97318952660415	-1458778914227226
24.00540395847672	-1555822129930976
24.03761839034928	-1659320891487492
24.06983282222184	-1769704626032053
24.10204725409441	-1887431288210726
24.13426168596697	-2012989565622424
24.16647611783954	-2146900084016160
24.1986905497121	-2289718608153773
24.23090498158466	-2442037724253844
24.26311941345723	-2604489392928006
24.29533384532979	-2777747638223495
24.32754827720236	-2962531319883143
24.35976270907492	-3159607115733594
24.39197714094749	-3369792702459918
24.42419157282005	-3593960147940924
24.45640600469261	-3833039529246415
24.48862043656518	-4088022791284547
24.52083486843774	-4359967857149638
24.55304930031031	-4650003036850621
24.58526373218287	-4959331679623890
24.61747816405543	-5289237184664114
24.649692595928	-5641088321171651
24.68190702780056	-6016344906937291
24.71412145967313	-6416563864657701
24.74633589154569	-6843405681048084
24.77855032341825	-7298641295608937
24.81076475529082	-7784159447553280
24.84297918716338	-8301974510196458
24.87519361903595	-8854234851633584
24.90740805090851	-9443231740963094
24.93962248278108	-1.00714088546166e+16
24.97183691465364	-1.074137240260291e+16
25.0040513465262	-1.145590186534627e+16
25.03626577839877	-1.221790889920088e+16
25.06848021027133	-1.303071550476495e+16
25.1006946421439	-1.389753195719246e+16
25.13290907401646	-1.482200905993809e+16
25.16512350588902	-1.580798242001545e+16
25.19733793776159	-1.685954207404478e+16
25.22955236963415	-1.798105111815922e+16
25.26176680150672	-1.917716243618253e+16
25.29398123337928	-2.045283843138302e+16
25.32619566525184	-2.181337159885642e+16
25.35841009712441	-2.326440647762099e+16
25.39062452899697	-2.481196306540177e+16
25.42283896086954	-2.6462461791971e+16
25.4550533927421	-2.822275015380692e+16
25.48726782461467	-3.010013141053104e+16
25.51948225648723	-3.2102393745381e+16
25.55169668835979	-3.42378442219925e+16
25.58391112023236	-3.65153421818633e+16
25.61612555210492	-3.894433622279698e+16
25.64833998397749	-4.153490317503173e+16
25.68055441585005	-4.429710159157419e+16
25.71276884772261	-4.724380613819136e+16
25.74498327959518	-5.038659388003611e+16
25.77719771146774	-5.373850516829054e+16
25.80941214334031	-5.731344608627386e+16
25.84162657521287	-6.11262448796857e+16
25.87384100708543	-6.519270680719812e+16
25.906055438958	-6.952968121035805e+16
25.93826987083056	-7.415512831539494e+16
25.97048430270313	-7.908819116750056e+16
26.00269873457569	-8.435461734081966e+16
26.03491316644826	-8.996528430019893e+16
26.06712759832082	-9.594834135089594e+16
26.09934203019338	-1.023284260608221e+17
26.13155646206595	-1.09131818771169e+17
26.16377089393851	-1.163865588331797e+17
26.19598532581108	-1.241225619429709e+17
26.22819975768364	-1.323717529869812e+17
26.2604141895562	-1.411682052728486e+17
26.29262862142877	-1.505482890189655e+17
26.32484305330133	-1.605359042228183e+17
26.3570574851739	-1.712022217803549e+17
26.38927191704646	-1.825786587980517e+17
26.42148634891903	-1.947123238462456e+17
26.45370078079159	-2.076538318662183e+17
26.48591521266415	-2.214572266163651e+17
26.51812964453672	-2.361799567058575e+17
26.55034407640928	-2.518839318691483e+17
26.58255850828185	-2.68634075194196e+17
26.61477294015441	-2.865004289486533e+17
26.64698737202697	-3.055768927852974e+17
26.67920180389954	-3.259039367448642e+17
26.7114162357721	-3.475835372763562e+17
26.74363066764467	-3.707055217851198e+17
26.77584509951723	-3.953656847098276e+17
26.80805953138979	-4.216661813132515e+17
26.84027396326236	-4.497159608574252e+17
26.87248839513492	-4.79631215993162e+17
26.90470282700749	-5.115358697282964e+17
26.93691725888005	-5.455620942000752e+17
26.96913169075262	-5.818508649404113e+17
27.00134612262518	-6.205430620851287e+17
27.03356055449774	-6.61818705573788e+17
27.06577498637031	-7.058397673414387e+17
27.09798941824287	-7.527888524922705e+17
27.13020385011544	-8.028607155454433e+17
27.162418281988	-8.562630605355297e+17
27.19463271386056	-9.132174075859034e+17
27.22684714573313	-9.739600105252477e+17
27.25906157760569	-1.038742836835345e+18
27.29127600947826	-1.107834612774379e+18
27.32349044135082	-1.181521938007436e+18
27.35570487322338	-1.260110474381951e+18
27.38791930509595	-1.343926213741149e+18
27.42013373696851	-1.433316816025674e+18
27.45234816884108	-1.52865310563516e+18
27.48456260071364	-1.630330532401867e+18
27.51677703258621	-1.738770860519989e+18
27.54899146445877	-1.85442390685848e+18
27.58120589633133	-1.977769407373882e+18
27.6134203282039	-2.10931900852523e+18
27.64563476007646	-2.249618393796193e+18
27.67784919194903	-2.399249562092352e+18
27.71006362382159	-2.558833319214398e+18
27.74227805569415	-2.729030113941593e+18
27.77449248756672	-2.910548126601676e+18
27.80670691943928	-3.104139389491976e+18
27.83892135131185	-3.31060691371654e+18
27.87113578318441	-3.530807119150983e+18
27.90335021505697	-3.765653386618273e+18
27.93556464692954	-4.016119846318984e+18
27.9677790788021	-4.283245418218593e+18
27.99999351067467	-4.568138121202895e+18
28.03220794254723	-4.871979668735511e+18
28.0644223744198	-5.196030352712287e+18
28.09663680629236	-5.541634341609229e+18
28.12885123816492	-5.91022515009462e+18
28.16106567003749	-6.303331653542991e+18
28.19328010191005	-6.72258441261838e+18
28.22549453378262	-7.169722436219237e+18
28.25770896565518	-7.646600394203553e+18
28.28992339752774	-8.155196309784845e+18
28.32213782940031	-8.697619763601294e+18
28.35435226127287	-9.27612064321749e+18
28.38656669314544	-9.893096540452758e+18
28.418781125018	-1.055110906562492e+19
28.45099555689056	-1.125288270462739e+19
28.48320998876313	-1.20013543090902e+19
28.51542442063569	-1.27995843421163e+19
28.54763885250826	-1.365091047879691e+19
28.57985328438082	-1.455885989535941e+19
28.61206771625339	-1.552719813204792e+19
28.64428214812595	-1.655994151084261e+19
28.67649657999851	-1.766137355362417e+19
28.70871101187108	-1.883606776040484e+19
28.74092544374364	-2.008888896724397e+19
28.77313987561621	-2.142505276405971e+19
28.80535430748877	-2.285003073333868e+19
28.83756873936133	-2.436982672569854e+19
28.8697831712339	-2.599070044126901e+19
28.90199760310646	-2.771937807016882e+19
28.93421203497903	-2.956303012161603e+19
28.96642646685159	-3.152930361490965e+19
28.99864089872415	-3.362635405722199e+19
29.03085533059672	-3.586287662962105e+19
29.06306976246928	-3.824815326448871e+19
29.09528419434185	-4.079207454857818e+19
29.12749862621441	-4.350519176480759e+19
29.15971305808698	-4.639875794012711e+19
29.19192748995954	-4.948477451677077e+19
29.2241419218321	-5.277604112778632e+19
29.25635635370467	-5.628620868366622e+19
29.28857078557723	-6.002983599101319e+19
29.3207852174498	-6.402245014110136e+19
29.35299964932236	-6.828059918225686e+19
29.38521408119492	-7.282196325394055e+19
29.41742851306749	-7.766536964490713e+19
29.44964294494005	-8.283090653701115e+19
29.48185737681262	-8.833999807579223e+19
29.51407180868518	-9.421549319103082e+19
29.54628624055774	-1.004817602966198e+20
29.57850067243031	-1.071647882245933e+20
29.61071510430287	-1.142922937058109e+20
29.64292953617544	-1.21893835494004e+20
29.675143968048	-1.300010409577595e+20
29.70735839992057	-1.386473771878797e+20
29.73957283179313	-1.478687714157708e+20
29.77178726366569	-1.57703469775815e+20
29.80400169553826	-1.681922621661136e+20
29.83621612741082	-1.79378651511236e+20
29.86843055928339	-1.913090343600135e+20
29.90064499115595	-2.040328936670383e+20
29.93285942302851	-2.176030048198396e+20
29.96507385490108	-2.320756565720836e+20
29.99728828677364	-2.4751059302443e+20
30.02950271864621	-2.639722590349444e+20
30.06171715051877	-2.815287389708829e+20
30.09393158239133	-3.00252829323708e+20
30.1261460142639	-3.202221430398519e+20
30.15836044613646	-3.415193550274091e+20
30.19057487800903	-3.642318182584446e+20
30.22278930988159	-3.884660318127209e+20
30.25500374175416	-4.142967617953646e+20
30.28721817362672	-4.418502676578922e+20
30.31943260549928	-4.712356652089172e+20
30.35164703737185	-5.025769642853905e+20
30.38386146924441	-5.360026951734563e+20
30.41607590111698	-5.716514813271453e+20
30.44829033298954	-6.096711646456113e+20
30.4805047648621	-6.502194184536479e+20
30.51271919673467	-6.934644012391494e+20
30.54493362860723	-7.395854538571316e+20
30.5771480604798	-7.887738430902087e+20
30.60936249235236	-8.412335546459516e+20
30.64157692422492	-8.971818197559618e+20
30.67379135609749	-9.568512866573979e+20
30.70600578797005	-1.02048912464128e+21
30.73822021984262	-1.08835924370419e+21
30.77043465171518	-1.16074310291309e+21
30.80264908358775	-1.237940876689071e+21
30.83486351546031	-1.320272698240472e+21
30.86707794733287	-1.408079984999149e+21
30.89929237920544	-1.501726851002486e+21
30.931506811078	-1.60160161100816e+21
30.96372124295057	-1.708119993054478e+21
30.99593567482313	-1.821720931378534e+21
31.02815010669569	-1.942876423701502e+21
31.06036453856826	-2.072088292329149e+21
31.09257897044082	-2.209890538647703e+21
31.12479340231339	-2.356845654005606e+21
31.15700783418595	-2.512757144158592e+21
31.18922226605851	-2.680845854912415e+21
31.22143669793108	-2.859115262130903e+21
31.25365112980364	-3.049256263397946e+21
31.28586556167621	-3.252055604390667e+21
31.31807999354877	-3.46833019428808e+21
31.35029442542134	-3.698990764634893e+21
31.3825088572939	-3.944992752523324e+21
31.41472328916646	-4.20735586841799e+21
31.44693772103903	-4.487167911487498e+21
31.47915215291159	-4.785589145400872e+21
31.51136658478416	-5.103857056434394e+21
31.54358101665672	-5.443291461131746e+21
31.57579544852928	-5.805299967447897e+21
31.60800988040185	-6.191383805461056e+21
31.64022431227441	-6.603144049043564e+21
31.67243874414698	-7.04228825300089e+21
31.70465317601954	-7.510637532557974e+21
31.7368676078921	-8.010134114212603e+21
31.76908203976467	-8.542849389079657e+21
31.80129647163723	-9.110992502010672e+21
31.8335109035098	-9.716919512042752e+21
31.86572533538236	-1.036314316211716e+22
31.89793976725493	-1.105234329855775e+22
31.93015419912749	-1.178737798349162e+22
31.96236863100005	-1.257129534628436e+22
31.99458306287262	-1.340734622311893e+22
32.02679749474518	-1.429899763712667e+22
32.05901192661774	-1.524994717496032e+22
32.0912263584903	-1.626413831941681e+22
32.12344079036286	-1.734577680168624e+22
32.15565522223542	-1.849934804102747e+22
32.18786965410798	-1.972963574418255e+22
32.22008408598055	-2.104174174164951e+22
