0
1000	1.0219978922	100000000000000.1
5	0	0	1
5	0	0	0
0.03786664528905326	7.939808358191284e-06
0.07008107716161713	2.200525813553765e-05
0.102295509034181	3.253972396174734e-05
0.1345099409067449	3.834579357437142e-05
0.1667243727793087	3.915993761937101e-05
0.1989388046518726	3.916137832948228e-05
0.2311532365244365	3.916272418134728e-05
0.2633676683970003	3.916334214903284e-05
0.2955821002695642	3.91592458768124e-05
0.3277965321421281	3.916712627646164e-05
0.360010964014692	3.916750250756193e-05
0.3922253958872559	3.916917929731083e-05
0.4244398277598198	3.917009920341433e-05
0.4566542596323837	3.915871922505608e-05
0.4888686915049476	4.038124244141618e-05
0.5210831233775115	6.890946847823423e-05
0.5532975552500754	0.0001432502395661361
0.5855119871226393	0.0002729936403616977
0.6177264189952032	0.0004692297750546421
0.6499408508677671	0.0007458218899181653
0.682155282740331	0.001117581598682651
0.7143697146128949	0.001588768340831205
0.7465841464854588	0.002172860531804705
0.7787985783580227	0.002881945280077455
0.8110130102305866	0.003727327748667394
0.8432274421031505	0.004721605114131272
0.8754418739757144	0.005875872682290008
0.9076563058482783	0.007202996273554001
0.9398707377208422	0.008717386938486905
0.9720851695934061	0.01043336231718126
1.00429960146597	0.0123775335316079
1.036514033338534	0.01455424094178507
1.068728465211098	0.0169645165559854
1.100942897083662	0.01962792886448823
1.133157328956226	0.02254052356775471
1.165371760828789	0.02572101884673263
1.197586192701353	0.02917419069403504
1.229800624573917	0.03292707700921738
1.262015056446481	0.03698838241224572
1.294229488319045	0.04134610375148494
1.326443920191609	0.04604459018290734
1.358658352064173	0.05106087389674024
1.390872783936737	0.05644573317456758
1.423087215809301	0.06217716245496632
1.455301647681865	0.06829986694811419
1.487516079554428	0.07481747117881023
1.519730511426992	0.08174721501326489
1.551944943299556	0.08910358873983992
1.58415937517212	0.0968936347776702
1.616373807044684	0.1051462859646093
1.648588238917248	0.1138822026601825
1.680802670789812	0.123105579032102
1.713017102662376	0.1328188895754445
1.74523153453494	0.143092521625556
1.777445966407504	0.1539132263326213
1.809660398280067	0.1653088694871439
1.841874830152631	0.1772978569343857
1.874089262025195	0.1898949950498801
1.906303693897759	0.203145699776439
1.938518125770323	0.2170579395057216
1.970732557642887	0.2316403773617847
2.002946989515451	0.2469620216966743
2.035161421388014	0.2630242754385955
2.067375853260578	0.2798302860219958
2.099590285133142	0.2974513808331862
2.131804717005705	0.3158779321019821
2.164019148878269	0.3351818773886835
2.196233580750833	0.3553917005417277
2.228448012623396	0.3764802212928837
2.26066244449596	0.3985386322550346
2.292876876368524	0.4215827136742807
2.325091308241087	0.4456608686058411
2.357305740113651	0.4707735244410441
2.389520171986215	0.4970043370066088
2.421734603858778	0.5243813481138454
2.453949035731342	0.5529280056177889
2.486163467603906	0.5827093662505148
2.518377899476469	0.6137420074806776
2.550592331349033	0.6460761969969819
2.582806763221597	0.67980260639748
2.61502119509416	0.7149162851888485
2.647235626966724	0.7515167116128338
2.679450058839288	0.7895868697371942
2.711664490711851	0.8292300600209063
2.743878922584415	0.8704997767353414
2.776093354456979	0.9134484038771838
2.808307786329542	0.9581208173899857
2.840522218202106	1.004623997061537
2.87273665007467	1.052948747849574
2.904951081947234	1.103208187489707
2.937165513819797	1.155505755206663
2.969379945692361	1.209809493207086
3.001594377564925	1.266267537299694
3.033808809437488	1.324931744056024
3.066023241310052	1.385913193087275
3.098237673182616	1.449249095391334
3.130452105055179	1.515019610736153
3.162666536927743	1.583339441567556
3.194880968800307	1.654315517431538
3.22709540067287	1.727964105239054
3.259309832545434	1.804436640660182
3.291524264417998	1.883839429576443
3.323738696290561	1.966259560111968
3.355953128163125	2.05176583326523
3.388167560035689	2.140494692854702
3.420381991908252	2.232554144897659
3.452596423780816	2.328066218890932
3.48481085565338	2.42713463251342
3.517025287525943	2.529900685512008
3.549239719398507	2.636451557055696
3.581454151271071	2.746958998758969
3.613668583143634	2.861575242596901
3.645883015016198	2.980372539973334
3.678097446888762	3.103514522644042
3.710311878761325	3.231161616234635
3.742526310633889	3.36346832277517
3.774740742506453	3.500590342704512
3.806955174379016	3.642692856062361
3.83916960625158	3.789907414225462
3.871384038124144	3.942430453359739
3.903598469996707	4.100430714139746
3.935812901869271	4.264092815565284
3.968027333741835	4.433601002928672
4.000241765614398	4.60918578412852
4.032456197486963	4.790989117187855
4.064670629359527	4.97924737234446
4.096885061232091	5.174129167287049
4.129099493104655	5.375892991498032
4.161313924977219	5.584740055202294
4.193528356849783	5.800946994117758
4.225742788722347	6.024671218554561
4.257957220594911	6.256163942305066
4.290171652467476	6.495728479939381
4.32238608434004	6.743582631234228
4.354600516212604	7.000011378906799
4.386814948085168	7.265262312326887
4.419029379957732	7.539669854785956
4.451243811830296	7.823469522161941
4.48345824370286	8.116956601977748
4.515672675575424	8.420439034221053
4.547887107447989	8.734236230085326
4.580101539320553	9.05867370033549
4.612315971193117	9.394079884280915
4.644530403065681	9.740776921888029
4.676744834938245	10.09916049969816
4.708959266810809	10.46958541894849
4.741173698683373	10.85237644138894
4.773388130555937	11.24795215272127
4.805602562428501	11.65669942447702
4.837816994301066	12.0790440107642
4.87003142617363	12.51534723784969
4.902245858046194	12.96610019319406
4.934460289918758	13.43170647981821
4.966674721791322	13.91263582661559
4.998889153663886	14.40941534061989
5.03110358553645	14.92241974034673
5.063318017409014	15.452188747042
5.095532449281579	15.99921584322966
5.127746881154143	16.56406294067427
5.159961313026707	17.14722664198154
5.192175744899271	17.74931588921119
5.224390176771835	18.37084538860924
5.256604608644399	19.01243329805373
5.288819040516963	19.67469259759298
5.321033472389527	20.35821269365206
5.353247904262092	21.06370319216451
5.385462336134656	21.79170447509379
5.41767676800722	22.54294912689469
5.449891199879784	23.31814264747512
5.482105631752348	24.11797053518281
5.514320063624912	24.94318552852523
5.546534495497476	25.7952566095527
5.57874892737004	26.67348532396346
5.610963359242604	27.57980512088333
5.643177791115169	28.51413809095291
5.675392222987733	29.47846457454132
5.707606654860297	30.47234266239438
5.739821086732861	31.49747027640141
5.772035518605425	32.55527809392215
5.804249950477989	33.64540317604874
5.836464382350553	34.76983078569229
5.868678814223117	35.9099455414278
5.900893246095682	37.10307113738357
5.933107677968246	38.32314073905213
5.96532210984081	39.59445105133828
5.997536541713374	40.91269506112759
6.029750973585938	42.26259923307658
6.061965405458502	43.69432147829131
6.094179837331066	45.18247135211367
6.12639426920363	46.78809372144539
6.158608701076195	48.5318383560167
6.190823132948759	52.75881379729689
6.223037564821323	56.89762829971079
6.255251996693887	61.90463071594768
6.287466428566451	68.34266481138249
6.319680860439015	74.11574223712056
6.351895292311579	84.72074264103217
6.384109724184143	93.58889394042198
6.416324156056707	103.8222855527363
6.448538587929272	120.1390955219281
6.480753019801836	134.9305008527143
6.5129674516744	150.8066400892165
6.545181883546964	169.6017063270396
6.577396315419528	190.6298799713976
6.609610747292092	214.3210551317546
6.641825179164656	250.9299482154101
6.67403961103722	282.5238605903269
6.706254042909785	322.9368120082098
6.738468474782349	371.0050679987141
6.770682906654913	409.9438769552752
6.802897338527477	470.0439425939917
6.835111770400041	536.7202965780372
6.867326202272605	597.5969894008094
6.899540634145169	687.4683239011046
6.931755066017733	769.1452612927526
6.963969497890298	856.36457780613
6.996183929762862	976.761499644822
7.028398361635426	1083.459960743809
7.06061279350799	1205.061850775749
7.092827225380554	1376.545307287324
7.125041657253118	1522.299484618849
7.157256089125682	1690.909678764006
7.189470520998246	1914.165894062035
7.22168495287081	2118.370111411982
7.253899384743375	2350.391323410635
7.286113816615939	2640.239188311852
7.318328248488503	2927.70603748453
7.350542680361067	3240.753829961306
7.382757112233631	3634.744678684494
7.414971544106195	4019.819077298637
7.447185975978759	4450.299633453211
7.479400407851323	4982.434424434492
7.511614839723888	5493.862039659281
7.543829271596452	6079.352657572267
7.576043703469016	6684.812773406012
7.60825813534158	7474.812528411007
7.640472567214144	8266.718219799965
7.672686999086708	9136.834180998152
7.704901430959272	10144.72726815334
7.737115862831836	11213.53891523512
7.769330294704401	12391.9298714275
7.801544726576965	13791.68217675154
7.833759158449529	15167.22396205445
7.865973590322093	16757.64854019161
7.898188022194657	18504.45352636773
7.930402454067221	20468.03564784781
7.962616885939785	22604.59373657983
7.994831317812349	24956.72698417495
8.027045749684913	27525.16545598098
8.059260181557477	30448.96259465877
8.091474613430041	33609.65232813019
8.123689045302605	37090.95261918167
8.155903477175169	41149.94699598375
8.188117909047733	45197.7652181011
8.220332340920297	49873.5146933783
8.252546772792861	55020.58672786305
8.284761204665426	60756.9857621496
8.31697563653799	66981.6724874061
8.349190068410554	73882.76072064121
8.381404500283118	81489.12972368866
8.413618932155682	89993.59858338619
8.445833364028246	99145.71663373742
8.47804779590081	109331.1481651706
8.510262227773374	120557.9528788554
8.542476659645938	132858.9223453126
8.574691091518503	146597.8204635811
8.606905523391067	161625.6373253354
8.639119955263631	178189.8551103523
8.671334387136195	196441.3686796521
8.703548819008759	216584.02115077
8.735763250881323	238747.5094793172
8.767977682753887	263174.6845232897
8.800192114626451	290093.647059004
8.832406546499016	319824.1658021788
8.86462097837158	352461.1245512128
8.896835410244144	388471.4142942145
8.929049842116708	428150.9531362785
8.961264273989272	471862.5577393196
8.993478705861836	520079.874380542
9.0256931377344	573150.5437482724
9.057907569606964	631633.4782254337
9.090122001479529	696075.3344940314
9.122336433352093	767041.7141067268
9.154550865224657	845307.7074415088
9.186765297097221	931485.0747683643
9.218979728969785	1026433.595877686
9.251194160842349	1131045.472397731
9.283408592714913	1246206.354939776
9.315623024587477	1373294.379709172
9.347837456460041	1513177.957712354
9.380051888332606	1667292.146781425
9.41226632020517	1837081.103025924
9.444480752077734	2024083.549768668
9.476695183950298	2230232.011074336
9.508909615822862	2457250.587335138
9.541124047695426	2707354.458585474
9.57333847956799	2982889.465494932
9.605552911440554	3286413.287287797
9.637767343313119	3620833.710322121
9.669981775185683	3989210.090823153
9.702196207058247	4395027.708272359
9.734410638930811	4842094.421924784
9.766625070803375	5334581.753289418
9.798839502675939	5877271.99458483
9.831053934548503	6474808.823223479
9.863268366421067	7133206.477617545
9.895482798293632	7858501.046703704
9.927697230166196	8657480.508064376
9.95991166203876	9537623.023622008
9.992126093911324	10507241.03157863
10.02434052578389	11575285.29852922
10.05655495765645	12751848.95766708
10.08876938952902	14047931.33019377
10.12098382140158	15475656.93006121
10.15319825327414	17048391.12020982
10.18541268514671	18780904.66691353
10.21762711701927	20689341.8008855
10.24984154889184	22791619.49166386
10.2820559807644	25107406.13651993
10.31427041263697	27658366.25129654
10.34648484450953	30468374.16253832
10.37869927638209	33563805.58455411
10.41091370825466	36973492.39727569
10.44312814012722	40729440.25180734
10.47534257199979	44866789.18216094
10.50755700387235	49424236.97522782
10.53977143574491	54444434.97876982
10.57198586761748	59974642.36900295
10.60420029949004	66065845.36610736
10.63641473136261	72775717.17607029
10.66862916323517	80166845.86625855
10.70084359510773	88308366.95282058
10.7330580269803	97276474.11246549
10.76527245885286	107155014.1069013
10.79748689072543	118036475.2769383
10.82970132259799	130022562.6022584
10.86191575447056	143225503.5173898
10.89413018634312	157768722.7456391
10.92634461821568	173787917.0999151
10.95855905008825	191433671.7986729
10.99077348196081	210870710.6645937
11.02298791383338	232280996.1718917
11.05520234570594	255864341.2187555
11.0874167775785	281841938.0061678
11.11963120945107	310456575.7218226
11.15184564132363	341975935.4138191
11.1840600731962	376694806.169961
11.21627450506876	414937555.4242733
11.24848893694132	457064176.5772466
11.28070336881389	503465401.9480239
11.31291780068645	554576596.8127606
11.34513223255902	610875270.8596596
11.37734666443158	672888713.5841188
11.40956109630415	741197460.1330379
11.44177552817671	816438476.9797367
11.47398996004927	899316059.5133755
11.50620439192184	990605172.558682
11.5384188237944	1091161176.43733
11.57063325566697	1201921315.985506
11.60284768753953	1323920145.138192
11.63506211941209	1458302726.115548
11.66727655128466	1606324144.179503
11.69949098315722	1769369606.497765
11.73170541502979	1948959387.812919
11.76391984690235	2146776155.434636
11.79613427877491	2364668409.236364
11.82834871064748	2604673983.492167
11.86056314252004	2869037470.236916
11.89277757439261	3160226145.323862
11.92499200626517	3480965278.248453
11.95720643813774	3834257029.156754
11.9894208700103	4223403716.170892
12.02163530188286	4652040847.20073
12.05384973375543	5124174282.704638
12.08606416562799	5644221278.245623
12.11827859750056	6217044804.034539
12.15049302937312	6848000582.568473
12.18270746124568	7542982263.970864
12.21492189311825	8308487994.119751
12.24713632499081	9151725165.251835
12.27935075686338	10080480495.56874
12.31156518873594	11103475281.75829
12.3437796206085	12230269775.47039
12.37599405248107	13471393753.09294
12.40820848435363	14838480988.40514
12.4404229162262	16344244214.99713
12.47263734809876	18002781348.64847
12.50485177997133	19829592981.79474
12.53706621184389	21841742096.51307
12.56928064371645	24057908435.56278
12.60149507558902	26499056421.49127
12.63370950746158	29187888705.71186
12.66592393933415	32149538069.87781
12.69813837120671	35411679847.02735
12.73035280307927	39004748182.97029
12.76256723495184	42962453492.18768
12.7947816668244	47321734062.26665
12.82699609869697	52123338906.13908
12.85921053056953	57412152362.61789
12.89142496244209	63237453837.72942
12.92363939431466	69654353963.5051
12.95585382618722	76722005564.79144
12.98806825805979	84506787032.52963
13.02028268993235	93081462780.20509
13.05249712180492	102526226759.0103
13.08471155367748	112929282526.6616
13.11692598555004	124387877071.533
13.14914041742261	137009120915.0021
13.18135484929517	150910979383.0447
13.21356928116774	166223387892.3629
13.2457837130403	183089503613.5417
13.27799814491286	201666878867.6147
13.31021257678543	222129184407.6346
13.34242700865799	244667666230.8573
13.37464144053056	269492975003.3402
13.40685587240312	296837166815.548
13.43907030427568	326955735570.2775
13.47128473614825	360130203056.2775
13.50349916802081	396670617934.2957
13.53571359989338	436918487471.6265
13.56792803176594	481249745735.5542
13.60014246363851	530079211616.0727
13.63235689551107	583862905524.1245
13.66457132738363	643103551552.5374
13.6967857592562	708354809129.7307
13.72900019112876	780226507036.5192
13.76121462300133	859390468284.0358
13.79342905487389	946586225824.6298
13.82564348674645	1042628959897.36
13.85785791861902	1148416183463.256
13.89007235049158	1264936544105.691
13.92228678236415	1393278869404.512
13.95450121423671	1534643029443.92
13.98671564610927	1690349736775.564
14.01893007798184	1861854241736.903
14.0511445098544	2050759387882.14
14.08335894172697	2258830584167.404
14.11557337359953	2488012114621.179
14.1477878054721	2740446481574.111
14.18000223734466	3018491953626.156
14.21221666921722	3324747523102.052
14.24443110108979	3662075119022.465
14.27664553296235	4033627178538.529
14.30885996483492	4442875722228.46
14.34107439670748	4893646169628.813
14.37328882858004	5390149984725.586
14.40550326045261	5937027802313.396
14.43771769232517	6539390064865.46
14.46993212419774	7202866020889.37
14.5021465560703	7933655815681.291
14.53436098794286	8738589465310.114
14.56657541981543	9625205148754.273
14.59878985168799	10601755315174.22
14.63100428356056	11677380466383.66
14.66321871543312	12862132049486.33
14.69543314730569	14167081045783.71
14.72764757917825	15604422755161.74
14.75986201105081	17187599448182.39
14.79207644292338	18931383971361.43
14.82429087479594	20852082925164.07
14.85650530666851	22967645719685.2
14.88871973854107	25297664442698.84
14.92093417041363	27864266388893.21
14.9531486022862	30691306692629.16
14.98536303415876	33805175871169.54
15.01757746603133	37235000125378.59
15.04979189790389	41012843018834.38
15.08200632977645	45173905707108.48
15.11422076164902	49757315395450.16
15.14643519352158	54805838036870.98
15.17864962539415	60366634432960.8
15.21086405726671	66491705179024.59
15.24307848913928	73239065765583.84
15.27529292101184	80670065719667.58
15.3075073528844	88855219815287.05
15.33972178475697	97870862396593.86
15.37193621662953	107801219695277.8
15.4041506485021	118739097093864.7
15.43636508037466	130787180954385.2
15.46857951224722	144056886279653.3
15.50079394411979	158673013344980.9
15.53300837599235	174771976760172.6
15.56522280786492	192502818216786.3
15.59743723973748	212033900324023
15.62965167161004	233547304782280.2
15.66186610348261	257242507095664.7
15.69408053535517	283341514244940.9
15.72629496722774	312088459187670.4
15.7585093991003	343751018015516
15.79072383097287	378626700666716.2
15.82293826284543	417041449805656.6
15.85515269471799	459352693484428.5
15.88736712659056	505957197861543.1
15.91958155846312	557289102175022.2
15.95179599033569	613827317334845.6
15.98401042220825	676102771747206.9
16.01622485408081	744696701833207.2
16.04843928595338	820249124705330.1
16.08065371782594	903467010282850.5
16.11286814969851	995126695998305.5
16.14508258157107	1096085557393817
16.17729701344363	1207285394976113
16.2095114453162	1329768105691073
16.24172587718876	1464677724433878
16.27394030906133	1613273311357303
16.30615474093389	1776944927428131
16.33836917280646	1957220332966690
16.37058360467902	2155783909374374
16.40279803655158	2374492837740921
16.43501246842415	2615389944740616
16.46722690029671	2880727050051494
16.49944133216928	3172982770684890
16.53165576404184	3494886729486752
16.5638701959144	3849447997896146
16.59608462778697	4239977976763270
16.62829905965953	4670128646459294
16.6605134915321	5143918004543603
16.69272792340466	5665773670548202
16.72494235527722	6240571410591877
16.75715678714979	6873681385492303
16.78937121902235	7571019650450522
16.82158565089492	8339101030182840
16.85380008276748	9185105109481314
16.88601451464005	1.011693553270296e+16
16.91822894651261	1.114329999511167e+16
16.95044337838517	1.227378799578279e+16
16.98265781025774	1.351896145026756e+16
17.0148722421303	1.489045573368711e+16
17.04708667400287	1.640108510205805e+16
17.07930110587543	1.80649661989685e+16
17.11151553774799	1.989764505270275e+16
17.14372996962056	2.191624647146153e+16
17.17594440149312	2.413963097234506e+16
17.20815883336569	2.658857191576918e+16
17.24037326523825	2.928595197447273e+16
17.27258769711081	3.225697335715896e+16
17.30480212898338	3.552939879066522e+16
17.33701656085594	3.913380310647124e+16
17.36923099272851	4.31038642818665e+16
17.40144542460107	4.747667785264207e+16
17.43365985647364	5.229309899256885e+16
17.4658742883462	5.759813093808183e+16
17.49808872021876	6.344134088570586e+16
17.53030315209133	6.98773234692334e+16
17.56251758396389	7.702309930100883e+16
17.59473201583646	8.483749431821725e+16
17.62694644770902	9.344469573012352e+16
17.65916087958158	1.029251360396857e+17
17.69137531145415	1.133674077597423e+17
17.72358974332671	1.248690942997262e+17
17.75580417519928	1.375376748674398e+17
17.78801860707184	1.514915363887549e+17
17.82023303894441	1.668610753955917e+17
17.85244747081697	1.837899152688269e+17
17.88466190268953	2.02436254594949e+17
17.9168763345621	2.229743379554466e+17
17.94909076643466	2.455960886884785e+17
17.98130519830723	2.705129033236974e+17
18.01351963017979	2.97957620954054e+17
18.04573406205235	3.281867065965311e+17
18.07794849392492	3.614826420508716e+17
18.11016292579748	3.981565671846498e+17
18.14237735767005	4.385511904039806e+17
18.17459178954261	4.830439859623776e+17
18.20680622141517	5.320507237513911e+17
18.23902065328774	5.860293572121688e+17
18.2712350851603	6.454842957249257e+17
18.30344951703287	7.109711257419583e+17
18.33566394890543	7.831017967589522e+17
18.367878380778	8.625503414187788e+17
18.40009281265056	9.500591763432227e+17
18.43230724452312	1.046446035512112e+18
18.46452167639569	1.152611613118777e+18
18.49673610826825	1.269547981965642e+18
18.52895054014082	1.398347860433126e+18
18.56116497201338	1.54021482418094e+18
18.59337940388594	1.696474555318528e+18
18.62559383575851	1.868587225919939e+18
18.65780826763107	2.05816114404175e+18
18.69002269950364	2.266967784676544e+18
18.7222371313762	2.496958338359077e+18
18.75445156324876	2.750281946090357e+18
18.78666599512133	3.029305781978925e+18
18.81888042699389	3.336637171022114e+18
18.85109485886646	3.67514795378629e+18
18.88330929073902	4.048001319571596e+18
18.91552372261159	4.458681366277985e+18
18.94773815448415	4.911025655678172e+18
18.97995258635671	5.409261070230971e+18
19.01216701822928	5.958043312328053e+18
19.04438145010184	6.562500407366541e+18
19.07659588197441	7.228280618184743e+18
19.10881031384697	7.961605226417451e+18
19.14102474571953	8.769326663126105e+18
19.1732391775921	9.658992537287598e+18
19.20545360946466	1.063891616386724e+19
19.23766804133723	1.171825424268718e+19
19.26988247320979	1.290709241815097e+19
19.30209690508235	1.421653952109045e+19
19.33431133695492	1.565883137113981e+19
19.36652576882748	1.724744510254203e+19
19.39874020070005	1.899722510566718e+19
19.43095463257261	2.092452171713044e+19
19.46316906444518	2.304734401857466e+19
19.49538349631774	2.538552808639064e+19
19.5275979281903	2.796092235798553e+19
19.55981236006287	3.07975917818721e+19
19.59202679193543	3.392204266195946e+19
19.624241223808	3.736347036662747e+19
19.65645565568056	4.115403207120822e+19
19.68867008755312	4.532914728112513e+19
19.72088451942569	4.992782877115064e+19
19.75309895129825	5.499304710657118e+19
19.78531338317082	6.057213214848222e+19
19.81752781504338	6.671721534166709e+19
19.84974224691594	7.348571675606141e+19
19.88195667878851	8.094088166391665e+19
19.91417111066107	8.915237145144522e+19
19.94638554253364	9.819691454656953e+19
19.9785999744062	1.081590233487733e+20
20.01081440627877	1.191317838694278e+20
20.04302883815133	1.312177255450252e+20
20.07524327002389	1.445297792100615e+20
20.10745770189646	1.591923322974361e+20
20.13967213376902	1.753423911023585e+20
20.17188656564159	1.931308608973399e+20
20.20410099751415	2.127239559655033e+20
20.23631542938671	2.343047526518921e+20
20.26852986125928	2.580748999378455e+20
20.30074429313184	2.842565036408805e+20
20.33295872500441	3.130942016067864e+20
20.36517315687697	3.448574495847491e+20
20.39738758874953	3.798430388915418e+20
20.4296020206221	4.183778694958879e+20
20.46181645249466	4.608220044608414e+20
20.49403088436723	5.075720342090112e+20
20.52624531623979	5.590647820810524e+20
20.55845974811236	6.157813858197851e+20
20.59067417998492	6.782517931239581e+20
20.62288861185748	7.470597131591306e+20
20.65510304373005	8.22848070575825e+20
20.68731747560261	9.063250124825901e+20
20.71953190747518	9.982705251801924e+20
20.75174633934774	1.09954372187107e+21
20.7839607712203	1.211090869738375e+21
20.81617520309287	1.333954231344567e+21
20.84838963496543	1.469281802973938e+21
20.880604066838	1.618338040792236e+21
20.91281849871056	1.782515675203131e+21
20.94503293058312	1.963348723692154e+21
20.97724736245569	2.162526823672897e+21
21.00946179432825	2.38191101944181e+21
21.04167622620082	2.623551150593537e+21
21.07389065807338	2.88970500427431e+21
21.10610508994595	3.182859410531914e+21
21.13831952181851	3.505753477484308e+21
21.17053395369107	3.861404183653826e+21
21.20274838556364	4.253134566488474e+21
21.2349628174362	4.684604770392301e+21
21.26717724930877	5.159846244530401e+21
21.29939168118133	5.683299413789504e+21
21.33160611305389	6.259855143355023e+21
21.36382054492646	6.894900484609707e+21
21.39603497679902	7.594368952203815e+21
21.42824940867159	8.364796007018148e+21
21.46046384054415	9.213380077820741e+21
21.49267827241671	1.014804984635761e+22
21.52489270428928	1.117753832720958e+22
21.55710713616184	1.231146443720378e+22
21.58932156803441	1.356042288323822e+22
21.62153599990697	1.493608319812162e+22
21.65375043177954	1.645129856304672e+22
21.6859648636521	1.812022626025748e+22
21.71817929552466	1.995845962396879e+22
21.75039372739723	2.198317385593613e+22
21.78260815926979	2.421328644118741e+22
21.81482259114236	2.666963405765638e+22
21.84703702301492	2.937516699585388e+22
21.87925145488748	3.235516381907152e+22
21.91146588676005	3.563746740200584e+22
21.94368031863261	3.925274507432615e+22
21.97589475050518	4.323477522516488e+22
22.00810918237774	4.762076285554448e+22
22.0403236142503	5.245168710092774e+22
22.07253804612287	5.777268415648734e+22
22.10475247799543	6.363346928407243e+22
22.136966909868	7.008880050589277e+22
22.16918134174056	7.71989910991084e+22
22.20139577361313	8.503047243346899e+22
22.23361020548569	9.365641513251605e+22
22.26582463735825	1.031574123143151e+23
22.29803906923082	1.136222327623192e+23
22.33025350110338	1.251486501294798e+23
22.36246793297595	1.378443566088777e+23
22.39468236484851	1.518279689302221e+23
22.42689679672107	1.672301365991546e+23
22.45911122859364	1.841947625930692e+23
22.4913256604662	2.028803477853834e+23
22.52354009233877	2.23461471669087e+23
22.55575452421133	2.461304242704431e+23
22.58796895608389	2.710989982335187e+23
22.62018338795646	2.986004777745731e+23
22.65239781982902	3.288918072685836e+23
22.68461225170159	3.622559934680448e+23
22.71682668357415	3.990047593852259e+23
22.74904111544672	4.394814484997436e+23
22.78125554731928	4.840642162102727e+23
22.81346997919184	5.331696092596231e+23
22.84568441106441	5.872563339277722e+23
22.87789884293697	6.468299362125766e+23
22.91011327480954	7.124467825187744e+23
22.9423277066821	7.84719988431083e+23
22.97454213855466	8.643248026848968e+23
23.00675657042723	9.520049448852155e+23
23.03897100229979	1.048579588982893e+24
23.07118543417236	1.154951031687323e+24
23.10339986604492	1.272113056001791e+24
23.13561429791748	1.401160267677317e+24
23.16782872979005	1.543298369263862e+24
23.20004316166261	1.699855270424702e+24
23.23225759353518	1.872293657369289e+24
23.26447202540774	2.062224553619675e+24
23.29668645728031	2.271422440605352e+24
23.32890088915287	2.501841781164741e+24
23.36111532102543	2.755635296313341e+24
23.393329752898	3.035174092204988e+24
23.42554418477056	3.343069812820402e+24
23.45775861664313	3.682198981791571e+24
23.48997304851569	4.055729960842736e+24
23.52218748038825	4.467152505358224e+24
23.55440191226082	4.92031034504399e+24
23.58661634413338	5.419437138607532e+24
23.61883077600595	5.969196020323316e+24
23.65104520787851	6.574723104369752e+24
23.68325963975107	7.241675550685501e+24
23.71547407162364	7.976284380425333e+24
23.7476885034962	8.785412649116699e+24
23.77990293536877	9.676619632228288e+24
23.81211736724133	1.06582314078078e+25
23.8443317991139	1.173941862124516e+25
23.87654623098646	1.293028220711922e+25
23.90876066285902	1.424194772741592e+25
23.94097509473159	1.568666929185135e+25
23.97318952660415	1.727794405223444e+25
24.00540395847672	1.903063833201044e+25
24.03761839034928	2.096112643135116e+25
24.06983282222184	2.308744365722671e+25
24.10204725409441	2.542945480126773e+25
24.13426168596697	2.800903964866693e+25
24.16647611783954	3.085029935635578e+25
24.1986905497121	3.397977284943972e+25
24.23090498158466	3.74267010452332e+25
24.26311941345723	4.122328056151061e+25
24.29533384532979	4.540499310497264e+25
24.32754827720236	5.001089193217613e+25
24.35976270907492	5.508401014866068e+25
24.39197714094749	6.067174464309129e+25
24.42419157282005	6.682629407481095e+25
24.45640600469261	7.360515627213448e+25
24.48862043656518	8.107166199979635e+25
24.52083486843774	8.92955627227424e+25
24.55304930031031	9.835368800392297e+25
24.58526373218287	1.083306607565782e+26
24.61747816405543	1.193196862118478e+26
24.649692595928	1.314234250536278e+26
24.68190702780056	1.447549528261149e+26
24.71412145967313	1.5943881179521e+26
24.74633589154569	1.756121807286307e+26
24.77855032341825	1.934261542352824e+26
24.81076475529082	2.130471449206517e+26
24.84297918716338	2.34658458297582e+26
24.87519361903595	2.584619853139126e+26
24.90740805090851	2.846800999807056e+26
24.93962248278108	3.13557729751073e+26
24.97183691465364	3.453646490676184e+26
25.0040513465262	3.803979976118735e+26
25.03626577839877	4.189850528559126e+26
25.06848021027133	4.614862894260512e+26
25.1006946421439	5.082987849627275e+26
25.13290907401646	5.598597910552566e+26
25.16512350588902	6.16651028136442e+26
25.19733793776159	6.792030530575214e+26
25.22955236963415	7.481001507090021e+26
25.26176680150672	8.239859973573323e+26
25.29398123337928	9.075694333329909e+26
25.32619566525184	9.996314878127482e+26
25.35841009712441	1.101031955905682e+27
25.39062452899697	1.212718176654541e+27
25.42283896086954	1.335733548722028e+27
25.4550533927421	1.471227168991192e+27
25.48726782461467	1.620464829075304e+27
25.51948225648723	1.784840688122948e+27
25.55169668835979	1.965890250445198e+27
25.58391112023236	2.165304852511889e+27
25.61612555210492	2.384948015727687e+27
25.64833998397749	2.626869639343148e+27
25.68055441585005	2.893331581121066e+27
25.71276884772261	3.186806506437474e+27
25.74498327959518	3.510067388093652e+27
25.77719771146774	3.866120104704098e+27
25.80941214334031	4.258291272953552e+27
25.84162657521287	4.690234436898987e+27
25.87384100708543	5.166005593626373e+27
25.906055438958	5.690039967993557e+27
25.93826987083056	6.267216135277023e+27
25.97048430270313	6.902958916562539e+27
26.00269873457569	7.603190768571269e+27
26.03491316644826	8.374435644631413e+27
26.06712759832082	9.224106139049315e+27
26.09934203019338	1.015975626349666e+28
26.13155646206595	1.119028538525319e+28
26.16377089393851	1.232540896129535e+28
26.19598532581108	1.357551611367422e+28
26.22819975768364	1.49523581778999e+28
26.2604141895562	1.646893392596327e+28
26.29262862142877	1.813907736462652e+28
26.32484305330133	1.997850034405764e+28
26.3570574851739	2.200435510353314e+28
26.38927191704646	2.423498039066067e+28
26.42148634891903	2.669229866286121e+28
26.45370078079159	2.939873881975648e+28
26.48591521266415	3.237921781855582e+28
26.51812964453672	3.566225704080878e+28
26.55034407640928	3.927819475158523e+28
26.58255850828185	4.326082682363963e+28
26.61477294015441	4.764676654533557e+28
26.64698737202697	5.247816429816901e+28
26.67920180389954	5.779963990161356e+28
26.7114162357721	6.366167463966775e+28
26.74363066764467	7.011757607222664e+28
26.77584509951723	7.722834726730706e+28
26.80805953138979	8.506121455712759e+28
26.84027396326236	9.36874579157682e+28
26.87248839513492	1.031891038047625e+29
26.90470282700749	1.13654566395994e+29
26.93691725888005	1.251823874034687e+29
26.96913169075262	1.378787327860175e+29
27.00134612262518	1.518628964430619e+29
27.03356055449774	1.672659107490932e+29
27.06577498637031	1.842302639573484e+29
27.09798941824287	2.029159588150549e+29
27.13020385011544	2.234969576303238e+29
27.162418281988	2.461654913332675e+29
27.19463271386056	2.711333387669221e+29
27.22684714573313	2.986337331857308e+29
27.25906157760569	3.289239359418154e+29
27.29127600947826	3.622855024391818e+29
27.32349044135082	3.990315700233265e+29
27.35570487322338	4.395048263367433e+29
27.38791930509595	4.840830229616909e+29
27.42013373696851	5.331833151139461e+29
27.45234816884108	5.872637125202991e+29
27.48456260071364	6.468290125300744e+29
27.51677703258621	7.124370470152829e+29
27.54899146445877	7.846992613748466e+29
27.58120589633133	8.642910791562099e+29
27.6134203282039	9.519563472606337e+29
27.64563476007646	1.048512521559055e+30
27.67784919194903	1.154863032592979e+30
27.71006362382159	1.272000701162587e+30
27.74227805569415	1.40101938144995e+30
27.77449248756672	1.543124988240436e+30
27.80670691943928	1.699643872998885e+30
27.83892135131185	1.87203800901615e+30
27.87113578318441	2.061919548921825e+30
27.90335021505697	2.271059719277383e+30
27.93556464692954	2.501413148329698e+30
27.9677790788021	2.755131676371808e+30
27.99999351067467	3.03458383292337e+30
28.03220794254723	3.342380990124701e+30
28.0644223744198	3.681398078254638e+30
28.09663680629236	4.054801912175084e+30
28.12885123816492	4.466078918098849e+30
28.16106567003749	4.919071640724475e+30
28.19328010191005	5.418010806072248e+30
28.22549453378262	5.967558418563889e+30
28.25770896565518	6.572844709123635e+30
28.28992339752774	7.2395250610065e+30
28.32213782940031	7.973825190606336e+30
28.35435226127287	8.782606198113286e+30
28.38656669314544	9.673420101158397e+30
28.418781125018	1.065458811431888e+31
28.45099555689056	1.173527293597084e+31
28.48320998876313	1.292557202931786e+31
28.51542442063569	1.423659715337917e+31
28.54763885250826	1.568060939535425e+31
28.57985328438082	1.727107485462805e+31
28.61206771625339	1.90228601240266e+31
28.64428214812595	2.095286201448941e+31
28.67649657999851	2.307749671302994e+31
28.70871101187108	2.541821647879454e+31
28.74092544374364	2.799634864651082e+31
28.77313987561621	3.083598964365951e+31
28.80535430748877	3.396363331907861e+31
28.83756873936133	3.740854004720848e+31
28.8697831712339	4.120278082340961e+31
28.90199760310646	4.538192118172991e+31
28.93421203497903	4.998492760786695e+31
28.96642646685159	5.505478845017915e+31
28.99864089872415	6.063890016716615e+31
29.03085533059672	6.678939343681304e+31
29.06306976246928	7.356370670795894e+31
29.09528419434185	8.102509779638107e+31
29.12749862621441	8.924335512950502e+31
29.15971305808698	9.829505570550627e+31
29.19192748995954	1.082649009800532e+32
29.2241419218321	1.192459260399392e+32
29.25635635370467	1.313407631495833e+32
29.28857078557723	1.44662314917847e+32
29.3207852174498	1.593350509731499e+32
29.35299964932236	1.75495948340478e+32
29.38521408119492	1.93296029544741e+32
29.41742851306749	2.129014850881407e+32
29.44964294494005	2.344953593041096e+32
29.48185737681262	2.58279623307955e+32
29.51407180868518	2.844761478582377e+32
29.54628624055774	3.133296630342995e+32
29.57850067243031	3.451096532808599e+32
29.61071510430287	3.801130114046824e+32
29.64292953617544	4.18666597262229e+32
29.675143968048	4.611305044478968e+32
29.70735839992057	5.079013231166094e+32
29.73957283179313	5.594160776344746e+32
29.77178726366569	6.161556308580947e+32
29.80400169553826	6.786500302087672e+32
29.83621612741082	7.474829301471698e+32
29.86843055928339	8.232973762562531e+32
29.90064499115595	9.068012608821343e+32
29.93285942302851	9.987745574475015e+32
29.96507385490108	1.10007625246375e+33
29.99728828677364	1.211652720876706e+33
30.02950271864621	1.33454575298343e+33
30.06171715051877	1.46990265911264e+33
30.09393158239133	1.618988643339804e+33
30.1261460142639	1.783195580625297e+33
30.15836044613646	1.964057122596148e+33
30.19057487800903	2.163261947920561e+33
30.22278930988159	2.382670812923232e+33
30.25500374175416	2.624329552604285e+33
30.28721817362672	2.890525842882032e+33
30.31943260549928	3.183685556977034e+33
30.35164703737185	3.506588773370147e+33
30.38386146924441	3.862237171118771e+33
30.41607590111698	4.253978600203778e+33
30.44829033298954	4.685432442383508e+33
30.4805047648621	5.160650167635484e+33
30.51271919673467	5.684058719740291e+33
30.54493362860723	6.260585823249846e+33
30.5771480604798	6.895556781782035e+33
30.60936249235236	7.594933766383859e+33
30.64157692422492	8.365234609626111e+33
30.67379135609749	9.213698154057025e+33
30.70600578797005	1.014818437804319e+34
30.73822021984262	1.117745545089099e+34
30.77043465171518	1.231111118392719e+34
30.80264908358775	1.355977110417112e+34
30.83486351546031	1.493505316673174e+34
30.86707794733287	1.644982388890125e+34
30.89929237920544	1.811821790362091e+34
30.931506811078	1.995585952572705e+34
30.96372124295057	2.197984739267243e+34
30.99593567482313	2.420911833634444e+34
31.02815010669569	2.666448711854441e+34
31.06036453856826	2.936891114589111e+34
31.09257897044082	3.234758840329929e+34
31.12479340231339	3.562836937030337e+34
31.15700783418595	3.924187510548369e+34
31.18922226605851	4.322180705090694e+34
31.22143669793108	4.759862888979229e+34
31.25365112980364	5.243436200224339e+34
31.28586556167621	5.775221259228756e+34
31.31807999354877	6.360949651142196e+34
31.35029442542134	7.005761392599209e+34
31.3825088572939	7.716703736136444e+34
31.41472328916646	8.49933382995476e+34
31.44693772103903	9.361344475554458e+34
31.47915215291159	1.031052017920189e+35
31.51136658478416	1.135659109224492e+35
31.54358101665672	1.250837692733165e+35
31.57579544852928	1.377697487305514e+35
31.60800988040185	1.517414185344687e+35
31.64022431227441	1.671334066689925e+35
31.67243874414698	1.84084128114505e+35
31.70465317601954	2.027541198884607e+35
31.7368676078921	2.233173780992998e+35
31.76908203976467	2.459674787753745e+35
31.80129647163723	2.709136753683453e+35
31.8335109035098	2.983900171344223e+35
31.86572533538236	3.28652781069461e+35
31.89793976725493	3.619863829339171e+35
31.93015419912749	3.986991296006845e+35
31.96236863100005	4.391355659222342e+35
31.99458306287262	4.836730504110086e+35
32.02679749474518	5.327289030052677e+35
32.05901192661774	5.867582189022138e+35
32.0912263584903	6.462677141411646e+35
32.12344079036286	7.118126430889226e+35
32.15565522223542	7.840067041939349e+35
32.18786965410798	8.635202951404013e+35
32.22008408598055	9.510990882142012e+35
0
1000	1.0219978922	100000000000000.1
5	0	0	1
5	0	0	0
0.03786664528905326	-0.0004600106794017326
0.07008107716161713	-0.0003621776281852793
0.102295509034181	-0.0002341041228833632
0.1345099409067449	-8.39656760104735e-05
0.1667243727793087	-0
0.1989388046518726	-0
0.2311532365244365	-0
0.2633676683970003	-0
0.2955821002695642	-0
0.3277965321421281	-0
0.360010964014692	-0
0.3922253958872559	-0
0.4244398277598198	-0
0.4566542596323837	-0
0.4888686915049476	-0.0001739317066744153
0.5210831233775115	-0.0009172985026909111
0.5532975552500754	-0.001789950469850113
0.5855119871226393	-0.002787091317077617
0.6177264189952032	-0.003902827444092395
0.6499408508677671	-0.00527945270888809
0.682155282740331	-0.006599677983473089
0.7143697146128949	-0.008004180174739929
0.7465841464854588	-0.009485505177320939
0.7787985783580227	-0.01103606385490098
0.8110130102305866	-0.01264816319174478
0.8432274421031505	-0.01431403354186238
0.8754418739757144	-0.01602585236937134
0.9076563058482783	-0.0177757648378236
0.9398707377208422	-0.0195559015734494
0.9720851695934061	-0.02135839389721536
1.00429960146597	-0.02343055516555904
1.036514033338534	-0.02521806511971571
1.068728465211098	-0.02698597357215616
1.100942897083662	-0.02872995407502901
1.133157328956226	-0.0304464563807359
1.165371760828789	-0.03213264131435312
1.197586192701353	-0.03378632096580403
1.229800624573917	-0.03540590378347744
1.262015056446481	-0.03699034418243623
1.294229488319045	-0.03853909630965197
1.326443920191609	-0.03997317752436504
1.358658352064173	-0.04146019240048268
1.390872783936737	-0.04291833528466696
1.423087215809301	-0.04434771050454422
1.455301647681865	-0.04574850564995337
1.487516079554428	-0.04712098388589663
1.519730511426992	-0.04846547692345529
1.551944943299556	-0.04978237859480112
1.58415937517212	-0.05107213898270591
1.616373807044684	-0.05233525905890445
1.648588238917248	-0.0535597446215414
1.680802670789812	-0.05477251823751991
1.713017102662376	-0.05596136702767793
1.74523153453494	-0.05712681313649483
1.777445966407504	-0.05826936977080969
1.809660398280067	-0.05938954100690999
1.841874830152631	-0.06048782165423641
1.874089262025195	-0.06156469716864958
1.906303693897759	-0.0626206436089868
1.938518125770323	-0.06365612763133344
1.970732557642887	-0.06467061658995912
2.002946989515451	-0.06566662671479453
2.035161421388014	-0.06664359407792327
2.067375853260578	-0.06760193729140021
2.099590285133142	-0.06854206297159451
2.131804717005705	-0.06946436613970894
2.164019148878269	-0.07036923061060976
2.196233580750833	-0.07125702937003517
2.228448012623396	-0.07212812494029769
2.26066244449596	-0.07298286973463232
2.292876876368524	-0.07382097585842906
2.325091308241087	-0.07464418357713054
2.357305740113651	-0.0754520496001873
2.389520171986215	-0.07624487757505491
2.421734603858778	-0.07702296548451737
2.453949035731342	-0.07778660525651659
2.486163467603906	-0.07853608261535182
2.518377899476469	-0.07927167706594945
2.550592331349033	-0.07999366195397001
2.582806763221597	-0.08070230457002768
2.61502119509416	-0.0813977275760763
2.647235626966724	-0.0820802390744083
2.679450058839288	-0.08275045618629591
2.711664490711851	-0.08340836950757985
2.743878922584415	-0.08405421360430464
2.776093354456979	-0.08468821674139081
2.808307786329542	-0.08531060104537726
2.840522218202106	-0.08592158264878777
2.87273665007467	-0.08652137181342759
2.904951081947234	-0.08711017302892328
2.937165513819797	-0.08768847875791524
2.969379945692361	-0.08825450482025016
3.001594377564925	-0.08881161872850557
3.033808809437488	-0.08935858119181915
3.066023241310052	-0.08989555272104117
3.098237673182616	-0.09042268454897796
3.130452105055179	-0.09094011898418621
3.162666536927743	-0.09144798974591296
3.194880968800307	-0.09194642228105836
3.22709540067287	-0.09243553406397419
3.259309832545434	-0.09291552737880457
3.291524264417998	-0.09338502723078236
3.323738696290561	-0.09384690332647032
3.355953128163125	-0.09429994749187433
3.388167560035689	-0.09474423006245086
3.420381991908252	-0.09517981087182346
3.452596423780816	-0.09560673967050519
3.48481085565338	-0.09602505652431274
3.517025287525943	-0.0964347921935782
3.549239719398507	-0.09683596849420098
3.581454151271071	-0.09722864550832737
3.613668583143634	-0.09761336456581268
3.645883015016198	-0.09798885768165089
3.678097446888762	-0.09835574170746376
3.710311878761325	-0.09871400455030294
3.742526310633889	-0.09906362946196839
3.774740742506453	-0.09940459521270459
3.806955174379016	-0.09973687625732125
3.83916960625158	-0.1000604428941303
3.871384038124144	-0.1003752614170696
3.903598469996707	-0.1006813214795541
3.935812901869271	-0.1009808340381833
3.968027333741835	-0.1012690480525909
4.000241765614398	-0.1015481530253004
4.032456197486963	-0.101818115079064
4.064670629359527	-0.1020789055083158
4.096885061232091	-0.1023305005926164
4.129099493104655	-0.1025728814187067
4.161313924977219	-0.102806033710723
4.193528356849783	-0.1030299476681547
4.225742788722347	-0.1032446346194373
4.257957220594911	-0.1034500580621406
4.290171652467476	-0.1036473750168562
4.32238608434004	-0.1038341843351463
4.354600516212604	-0.1040116785391179
4.386814948085168	-0.1041798840269808
4.419029379957732	-0.1043388349173688
4.451243811830296	-0.1044885727973259
4.48345824370286	-0.104629146480732
4.515672675575424	-0.1047606117766655
4.547887107447989	-0.1048830419415678
4.580101539320553	-0.1049964837442568
4.612315971193117	-0.1051000104513801
4.644530403065681	-0.1051958288048618
4.676744834938245	-0.1052829945605214
4.708959266810809	-0.1053615916233095
4.741173698683373	-0.105431705870311
4.773388130555937	-0.1054934250958959
4.805602562428501	-0.1055468389589596
4.837816994301066	-0.105592038932156
4.87003142617363	-0.1056291250851901
4.902245858046194	-0.1056581780433655
4.934460289918758	-0.1056786724882158
4.966674721791322	-0.1056920139274133
4.998889153663886	-0.1056976741855357
5.03110358553645	-0.1056957493622362
5.063318017409014	-0.1056863347956987
5.095532449281579	-0.1056695250903354
5.127746881154143	-0.1056454141434252
5.159961313026707	-0.1056140951707362
5.192175744899271	-0.1055756650726214
5.224390176771835	-0.1055302066642471
5.256604608644399	-0.105478477071332
5.288819040516963	-0.1054192046505695
5.321033472389527	-0.1053531272285708
5.353247904262092	-0.1052803395813011
5.385462336134656	-0.1052009383951999
5.41767676800722	-0.1051150222185672
5.449891199879784	-0.1050226914145035
5.482105631752348	-0.1049240481153408
5.514320063624912	-0.1048553493068016
5.546534495497476	-0.1047409849645301
5.57874892737004	-0.1046176374000158
5.610963359242604	-0.1044858262001969
5.643177791115169	-0.1043460564074127
5.675392222987733	-0.1042056859133901
5.707606654860297	-0.1040660497716816
5.739821086732861	-0.1039209932222549
5.772035518605425	-0.1037706191535526
5.804249950477989	-0.1036150263478982
5.836464382350553	-0.1027674162115968
5.868678814223117	-0.1025422603551943
5.900893246095682	-0.1023888278760832
5.933107677968246	-0.1023517142783837
5.96532210984081	-0.1024981681843271
5.997536541713374	-0.1029712533935427
6.029750973585938	-0.1039350409662151
6.061965405458502	-0.1055851704316857
6.094179837331066	-0.1083067995893262
6.12639426920363	-0.1127571803437477
6.158608701076195	-0.2149992773134801
6.190823132948759	-0.2484461579692515
6.223037564821323	-0.2868855521545414
6.255251996693887	-0.3306987239668756
6.287466428566451	-0.3802458112347382
6.319680860439015	-0.435851783229908
6.351895292311579	-0.4978030873751557
6.384109724184143	-0.5663413585224493
6.416324156056707	-0.6416597292747553
6.448538587929272	-0.7239009496077895
6.480753019801836	-0.7489426171632736
6.5129674516744	-0.8251927766701079
6.545181883546964	-0.8986838261910832
6.577396315419528	-0.9250029121414999
6.609610747292092	-1.380411234340911
6.641825179164656	-1.325604426977463
6.67403961103722	-1.424240059909735
6.706254042909785	-1.546947292555582
6.738468474782349	-1.683826471229688
6.770682906654913	-1.832717062048106
6.802897338527477	-2.040796288235708
6.835111770400041	-2.203731587111075
6.867326202272605	-2.377112157170396
6.899540634145169	-2.561679363983849
6.931755066017733	-2.75822924064943
6.963969497890298	-2.967597608007431
6.996183929762862	-3.19067563000017
7.028398361635426	-3.428410847630683
7.06061279350799	-3.681811227470557
7.092827225380554	-3.951949412892348
7.125041657253118	-4.24018500912513
7.157256089125682	-4.547290022462607
7.189470520998246	-4.874762625135805
7.22168495287081	-5.223979804541934
7.253899384743375	-5.59640488787829
7.286113816615939	-5.993611926897708
7.318328248488503	-6.417265211878511
7.350542680361067	-6.869144089911795
7.382757112233631	-7.351146185274193
7.414971544106195	-7.865295427973344
7.447185975978759	-8.413538820647192
7.479400407851323	-8.99861887280994
7.511614839723888	-9.622783005670541
7.543829271596452	-10.28865084716376
7.576043703469016	-10.9990154939485
7.60825813534158	-11.75685815777819
7.640472567214144	-12.56535631195224
7.672686999086708	-13.42789985954816
7.704901430959272	-14.34810466593385
7.737115862831836	-15.32982772666501
7.769330294704401	-16.37698008466597
7.801544726576965	-17.49437112468041
7.833759158449529	-18.68648407583972
7.865973590322093	-19.95831290471267
7.898188022194657	-21.3151907884096
7.930402454067221	-22.76278577408812
7.962616885939785	-24.30716385840358
7.994831317812349	-25.95478873896144
8.027045749684913	-27.71255496135083
8.059260181557477	-29.58781670931689
8.091474613430041	-31.58823964109499
8.123689045302605	-33.72256084154417
8.155903477175169	-35.99953203527009
8.188117909047733	-38.42867396252415
8.220332340920297	-41.02015521325937
8.252546772792861	-43.78477998471509
8.284761204665426	-46.73411360488907
8.31697563653799	-49.88047870039745
8.349190068410554	-53.23701900409894
8.381404500283118	-56.81775411567941
8.413618932155682	-60.63747596632498
8.445833364028246	-64.71246910789449
8.47804779590081	-69.05959005087685
8.510262227773374	-73.6969860650518
8.542476659645938	-78.64401313633593
8.574691091518503	-83.92133738582993
8.606905523391067	-89.55093588474985
8.639119955263631	-95.55631592181643
8.671334387136195	-101.9625288785096
8.703548819008759	-108.7962949107475
8.735763250881323	-116.085961772892
8.767977682753887	-123.8622421513314
8.800192114626451	-132.157412485026
8.832406546499016	-141.006056407019
8.86462097837158	-150.4450606400231
8.896835410244144	-160.5138015820622
8.929049842116708	-171.254174302205
8.961264273989272	-182.7109679621959
8.993478705861836	-194.9319205043265
9.0256931377344	-207.967949053647
9.057907569606964	-221.8732129584855
9.090122001479529	-236.7059430919817
9.122336433352093	-252.5277784507194
9.154550865224657	-269.40461585164
9.186765297097221	-287.4067397919233
9.218979728969785	-306.6091727368856
9.251194160842349	-327.0917521420337
9.283408592714913	-348.9398112543647
9.315623024587477	-372.2443066415889
9.347837456460041	-397.1022510811637
9.380051888332606	-423.6169665865876
9.41226632020517	-451.8991237053243
9.444480752077734	-482.0662878891995
9.476695183950298	-514.2440064010826
9.508909615822862	-548.566184815899
9.541124047695426	-585.1757470341508
9.57333847956799	-624.2248129054447
9.605552911440554	-665.8759460127126
9.637767343313119	-710.3024301613501
9.669981775185683	-757.6890853032033
9.702196207058247	-808.2328784934157
9.734410638930811	-862.1443792949525
9.766625070803375	-919.6476810922254
9.798839502675939	-980.9819561781505
9.831053934548503	-1046.402297986665
9.863268366421067	-1116.180958584436
9.895482798293632	-1190.607769044276
9.927697230166196	-1269.992389646029
9.95991166203876	-1354.664921430602
9.992126093911324	-1444.977439019066
10.02434052578389	-1541.305283262515
10.05655495765645	-1644.049309452326
10.08876938952902	-1753.636521879911
10.12098382140158	-1870.522521448277
10.15319825327414	-1995.193234682902
10.18541268514671	-2128.166931928592
10.21762711701927	-2269.996678747984
10.24984154889184	-2421.271416595149
10.2820559807644	-2582.620231392018
10.31427041263697	-2754.713771432014
10.34648484450953	-2938.267132731281
10.37869927638209	-3134.0436018785
10.41091370825466	-3342.856671433985
10.44312814012722	-3565.574173021318
10.47534257199979	-3803.121698702053
10.50755700387235	-4056.486444826481
10.53977143574491	-4326.728530993973
10.57198586761748	-4614.956181295513
10.60420029949004	-4922.373906740924
10.63641473136261	-5250.259072303754
10.66862916323517	-5599.973877631639
10.70084359510773	-5972.971926443771
10.7330580269803	-6370.802935977161
10.76527245885286	-6795.120067024142
10.79748689072543	-7247.686597881602
10.82970132259799	-7730.383270949343
10.86191575447056	-8245.169313550932
10.89413018634312	-8794.279150319611
10.92634461821568	-9379.951864294049
10.95855905008825	-10004.62232082672
10.99077348196081	-10670.88714314173
11.02298791383338	-11381.516548318
11.05520234570594	-12139.46419246279
11.0874167775785	-12947.88044183194
11.11963120945107	-13810.12513883176
11.15184564132363	-14729.78148034532
11.1840600731962	-15710.79597462392
11.21627450506876	-16756.99313748169
11.24848893694132	-17872.83222230829
11.28070336881389	-19062.94644554286
11.31291780068645	-20332.27697244744
11.34513223255902	-21686.09481796456
11.37734666443158	-23130.02075496902
11.40956109630415	-24670.05001942247
11.44177552817671	-26312.57695092109
11.47398996004927	-28064.42162395618
11.50620439192184	-29932.71879245371
11.5384188237944	-31925.5038327274
11.57063325566697	-34050.92851713284
11.60284768753953	-36317.82139469141
11.63506211941209	-38735.59818097832
11.66727655128466	-41314.30258939219
11.69949098315722	-44064.64543183081
11.73170541502979	-46998.05076505755
11.76391984690235	-50126.70289611664
11.79613427877491	-53463.59694498787
11.82834871064748	-57022.59276549631
11.86056314252004	-60818.34520220748
11.89277757439261	-64866.88164450629
11.92499200626517	-69184.89538384485
11.95720643813774	-73790.32016058519
11.9894208700103	-78702.28374708448
12.02163530188286	-83941.18357873343
12.05384973375543	-89528.77322744225
12.08606416562799	-95488.25166861108
12.11827859750056	-101844.3589981278
12.15049302937312	-108623.4784483735
12.18270746124568	-115855.1707080071
12.21492189311825	-123566.5358169877
12.24713632499081	-131790.9004266474
12.27935075686338	-140562.3675009871
12.31156518873594	-149917.3129537523
12.3437796206085	-159894.5331646836
12.37599405248107	-170535.4103838469
12.40820848435363	-181884.085465417
12.4404229162262	-193987.6431222899
12.47263734809876	-206896.3098014501
12.50485177997133	-220659.6972229572
12.53706621184389	-235342.9631628543
12.56928064371645	-251003.4489468105
12.60149507558902	-267706.2505970841
12.63370950746158	-285520.8009784163
12.66592393933415	-304521.1507483978
12.69813837120671	-324786.2784675222
12.73035280307927	-346400.4156930904
12.76256723495184	-369453.394380189
12.7947816668244	-394041.0169709859
12.82699609869697	-420270.3764456701
12.85921053056953	-448240.5910266096
12.89142496244209	-478072.2720661175
12.92363939431466	-509889.2549089317
12.95585382618722	-543823.6175392725
12.98806825805979	-580016.2205739627
13.02028268993235	-618617.2981605259
13.05249712180492	-659787.0809983733
13.08471155367748	-703696.4624454163
13.11692598555004	-750527.7091580736
13.14914041742261	-800475.2192596777
13.18135484929517	-853744.0151341651
13.21356928116774	-910560.0352389663
13.2457837130403	-971156.907308961
13.27799814491286	-1035786.225681154
13.31021257678543	-1104716.319991114
13.34242700865799	-1178233.376964429
13.37464144053056	-1256642.626615431
13.40685587240312	-1340269.609387594
13.43907030427568	-1429461.527606723
13.47128473614825	-1524588.686856975
13.50349916802081	-1626046.049898382
13.53571359989338	-1734254.808866735
13.56792803176594	-1849664.231696483
13.60014246363851	-1972753.472741938
13.63235689551107	-2104033.561011348
13.66457132738363	-2244049.532603703
13.6967857592562	-2393382.690702762
13.72900019112876	-2552653.018765693
13.76121462300133	-2722521.754279867
13.79342905487389	-2903694.133770643
13.82564348674645	-3096922.344449233
13.85785791861902	-3303008.549989187
13.89007235049158	-3522808.360417069
13.92228678236415	-3757234.306392721
13.95450121423671	-4007259.626259518
13.98671564610927	-4273922.321650782
14.01893007798184	-4558329.462799786
14.0511445098544	-4861661.784277375
14.08335894172697	-5185178.586517181
14.11557337359953	-5530222.963474032
14.1477878054721	-5898227.412522529
14.18000223734466	-6290719.642980451
14.21221666921722	-6709329.116637974
14.24443110108979	-7155793.70221354
14.27664553296235	-7631966.887981396
14.30885996483492	-8139825.497703153
14.34107439670748	-8681477.89156398
14.37328882858004	-9259172.718358668
14.40550326045261	-9875308.250019737
14.43771769232517	-10532442.33723317
14.46993212419774	-11233345.65765553
14.5021465560703	-11980842.96946728
14.53436098794286	-12778075.48586748
14.56657541981543	-13628352.38270739
14.59878985168799	-14535203.22763361
14.63100428356056	-15502392.73812318
14.66321871543312	-16533936.4915007
14.69543314730569	-17634117.69961048
14.72764757917825	-18807505.11258506
14.75986201105081	-20058972.12849719
14.79207644292338	-21393717.19098485
14.82429087479594	-22816958.15684238
14.85650530666851	-24335285.88398338
14.88871973854107	-25954696.66412548
14.92093417041363	-27681924.63248664
14.9531486022862	-29524151.67054332
14.98536303415876	-31489036.94028623
15.01757746603133	-33584748.34678885
15.04979189790389	-35819996.03948166
15.08200632977645	-38204068.08018794
15.11422076164902	-40746868.41360185
15.14643519352158	-43459888.04365775
15.17864962539415	-46352485.65893405
15.21086405726671	-49437541.01989455
15.24307848913928	-52727844.26338091
15.27529292101184	-56237036.21804247
15.3075073528844	-59979665.28357922
15.33972178475697	-63971248.1792523
15.37193621662953	-68228334.81380625
15.4041506485021	-72768577.56280895
15.43636508037466	-77610805.25989972
15.46857951224722	-82773931.60079211
15.50079394411979	-88281747.73667313
15.53300837599235	-94156028.74811889
15.56522280786492	-100421167.0557387
15.59743723973748	-107103178.621469
15.62965167161004	-114229810.8362098
15.66186610348261	-121830657.5743441
15.69408053535517	-129937281.8642523
15.72629496722774	-138583346.6753321
15.7585093991003	-147804754.354582
15.79072383097287	-157640345.681508
15.82293826284543	-168129855.5479695
15.85515269471799	-179317333.9860714
15.88736712659056	-191249222.8620054
15.91958155846312	-203975054.208445
15.95179599033569	-217547655.8025222
15.98401042220825	-232023370.4536316
16.01622485408081	-247462289.8816692
16.04843928595338	-263928504.1564898
16.08065371782594	-281490367.7339199
16.11286814969851	-300220783.491239
16.14508258157107	-320197504.1084384
16.17729701344363	-341503456.7456228
16.2095114453162	-364227085.8749524
16.24172587718876	-388462720.8508823
16.27394030906133	-414310967.4225942
16.30615474093389	-441879125.3404236
16.33836917280646	-471281633.7477025
16.37058360467902	-502640546.2067109
16.40279803655158	-536086037.3304071
16.43501246842415	-571756943.1227891
16.46722690029671	-609801337.6452144
16.49944133216928	-650377146.1304015
16.53165576404184	-693652802.7887851
16.5638701959144	-739807948.4615341
16.59608462778697	-789034176.646192
16.62829905965953	-841535828.7715034
16.6605134915321	-897530842.3854234
16.69272792340466	-957251655.7766125
16.72494235527722	-1020946172.784279
16.75715678714979	-1088878791.800798
16.78937121902235	-1161331503.773926
16.82158565089492	-1238605060.529013
16.85380008276748	-1321020226.350608
16.88601451464005	-1408919107.304349
16.91822894651261	-1502666571.750869
16.95044337838517	-1602651764.829847
16.98265781025774	-1709289723.708397
17.0148722421303	-1823023100.297708
17.04708667400287	-1944323998.588282
17.07930110587543	-2073695934.229457
17.11151553774799	-2211675925.253595
17.14372996962056	-2358836718.006853
17.17594440149312	-2515789169.017934
17.20815883336569	-2683184777.525839
17.24037326523825	-2861718390.369044
17.27258769711081	-3052131086.080078
17.30480212898338	-3255213250.86781
17.33701656085594	-3471807859.254085
17.36923099272851	-3702813972.980471
17.40144542460107	-3949190472.707523
17.43365985647364	-4211960039.081892
17.4658742883462	-4492213393.175241
17.49808872021876	-4791113830.066457
17.53030315209133	-5109902043.121919
17.56251758396389	-5449901274.630692
17.59473201583646	-5812522808.070856
17.62694644770902	-6199271825.789412
17.65916087958158	-6611753656.407285
17.69137531145415	-7051680437.878391
17.72358974332671	-7520878223.856421
17.75580417519928	-8021294562.61623
17.78801860707184	-8555006583.309767
17.82023303894441	-9124229608.256294
17.85244747081697	-9731326359.916395
17.88466190268953	-10378816759.88042
17.9168763345621	-11069388389.67738
17.94909076643466	-11805907645.64985
17.98130519830723	-12591431635.98084
18.01351963017979	-13429220869.24932
18.04573406205235	-14322752787.17409
18.07794849392492	-15275736197.37041
18.11016292579748	-16292126670.70757
18.14237735767005	-17376142946.09974
18.17459178954261	-18532284457.50381
18.20680622141517	-19765349997.91991
18.23902065328774	-21080457639.07783
18.2712350851603	-22483065973.71602
18.30344951703287	-23978996771.1557
18.33566394890543	-25574459140.55149
18.367878380778	-27276075296.80669
18.40009281265056	-29090908058.80666
18.43230724452312	-31026490148.25443
18.46452167639569	-33090855451.62098
18.49673610826825	-35292572381.59425
18.52895054014082	-37640779425.26447
18.56116497201338	-40145223075.77495
18.59337940388594	-42816298283.80637
18.62559383575851	-45665091600.3072
18.65780826763107	-48703427189.52156
18.69002269950364	-51943915903.26761
18.7222371313762	-55400007619.51729
18.75445156324876	-59086047071.55428
18.78666599512133	-63017333357.92464
18.81888042699389	-67210183472.53943
18.85109485886646	-71682000003.8898
18.88330929073902	-76451343365.75127
18.91552372261159	-81538008828.1044
18.94773815448415	-86963108672.88184
18.97995258635671	-92749159815.50342
19.01216701822928	-98920177255.81776
19.04438145010184	-105501773746.2447
19.07659588197441	-112521266099.0237
19.10881031384697	-120007788525.5411
19.14102474571953	-127992413595.5412
19.1732391775921	-136508281165.8478
19.20545360946466	-145590735924.5132
19.23766804133723	-155277474078.456
19.26988247320979	-165608699801.2291
19.30209690508235	-176627292133.6393
19.33431133695492	-188378982643.2122
19.36652576882748	-200912545912.5565
19.39874020070005	-214280001142.7888
19.43095463257261	-228536828565.0699
19.46316906444518	-243742199486.1165
19.49538349631774	-259959221942.7248
19.5275979281903	-277255202563.5106
19.55981236006287	-295701925909.5549
19.59202679193543	-315375952387.3544
19.624241223808	-336358935980.0314
19.65645565568056	-358737963103.2169
19.68867008755312	-382605914197.8367
19.72088451942569	-408061848704.1307
19.75309895129825	-435211416769.9963
19.78531338317082	-464167297301.1695
19.81752781504338	-495049665755.3544
19.84974224691594	-527986692811.962
19.88195667878851	-563115076298.9686
19.91417111066107	-600580608491.3491
19.94638554253364	-640538781150.3512
19.9785999744062	-683155430814.446
20.01081440627877	-728607427020.3113
20.04302883815133	-777083406305.5317
20.07524327002389	-828784555072.8771
20.10745770189646	-883925444412.4146
20.13967213376902	-942734920698.7823
20.17188656564159	-1005457055203.942
20.20410099751415	-1072352156999.558
20.23631542938671	-1143697853221.875
20.26852986125928	-1219790241202.885
20.30074429313184	-1300945117248.883
20.33295872500441	-1387499287151.909
20.36517315687697	-1479811963953.138
20.39738758874953	-1578266258588.606
20.4296020206221	-1683270769676.071
20.46181645249466	-1795261279325.384
20.49403088436723	-1914702561450.207
20.52624531623979	-2042090310541.189
20.55845974811236	-2177953198721.045
20.59067417998492	-2322855069647.014
20.62288861185748	-2477397278364.402
20.65510304373005	-2642221186820.75
20.68731747560261	-2818010825395.643
20.71953190747518	-3005495731535.931
20.75174633934774	-3205453977002.126
20.7839607712203	-3418715396965.268
20.81617520309287	-3646165033463.082
20.84838963496543	-3888746808158.059
20.880604066838	-4147467439382.594
20.91281849871056	-4423400619766.391
20.94503293058312	-4717691471780.405
20.97724736245569	-5031561299643.838
21.00946179432825	-5366312657559.635
21.04167622620082	-5723334754709.388
21.07389065807338	-6104109220273.289
21.10610508994595	-6510216251437.228
21.13831952181851	-6943341171130.585
21.17053395369107	-7405281421337.729
21.20274838556364	-7897954022090.264
21.2349628174362	-8423403527680.882
21.26717724930877	-8983810480450.775
21.29939168118133	-9581500580740.227
21.33160611305389	-10218954121941.62
21.36382054492646	-10898816481917
21.39603497679902	-11623909006594.9
21.42824940867159	-12397240734938.87
21.46046384054415	-13222020885785.33
21.49267827241671	-14101672174286.04
21.52489270428928	-15039845014244.4
21.55710713616184	-16040432658702.94
21.58932156803441	-17107587440308.35
21.62153599990697	-18245737727342.26
21.65375043177954	-19459606722433.78
21.6859648636521	-20754231711957.02
21.71817929552466	-22134985118678.9
21.75039372739723	-23607596767746.23
21.78260815926979	-25178177663437.1
21.81482259114236	-26853245346262.12
21.84703702301492	-28639750937583.32
21.87925145488748	-30545107983225.51
21.91146588676005	-32577223215982.58
21.94368031863261	-34744529345568.68
21.97589475050518	-37056020113372.05
22.00810918237774	-39521287527246.16
22.0403236142503	-42150561713504.51
22.07253804612287	-44954753353847.2
22.10475247799543	-47945498959310.2
22.136966909868	-51135209153952.38
22.16918134174056	-54537120170958.6
22.20139577361313	-58165348772510.53
22.23361020548569	-62034950812774.09
22.26582463735825	-66161983946660.23
22.29803906923082	-70563573572678.97
22.33025350110338	-75257984732975.59
22.36246793297595	-80264697422289.8
22.39468236484851	-85604487523380.94
22.42689679672107	-91299513014844.36
22.45911122859364	-97373405925898.34
22.4913256604662	-103851370501364.3
22.52354009233877	-110760284732483.5
22.55575452421133	-118128823986208.4
22.58796895608389	-125987559183855.9
22.62018338795646	-134369101785599.8
22.65239781982902	-143308231328647.4
22.68461225170159	-152842040966407.6
22.71682668357415	-163010091395979.9
22.74904111544672	-173854575011073.6
22.78125554731928	-185420490971852.4
22.81346997919184	-197755831915578.7
22.84568441106441	-210911783088686
22.87789884293697	-224942934724689.4
22.91011327480954	-239907508499655.7
22.9423277066821	-255867599308301.5
22.97454213855466	-272889432598587.9
23.00675657042723	-291043639355567.4
23.03897100229979	-310405549110696.5
23.07118543417236	-331055502493311.9
23.10339986604492	-353079184577081.5
23.13561429791748	-376567980396616.9
23.16782872979005	-401619354114928.6
23.20004316166261	-428337253412686.6
23.23225759353518	-456832540137764.6
23.26447202540774	-487223452605957.8
23.29668645728031	-519636092925032.5
23.32890088915287	-554204951857161.2
23.36111532102543	-591073472936784
23.393329752898	-630394623533331.2
23.42554418477056	-672331568676692.1
23.45775861664313	-717058315694621.9
23.48997304851569	-764760449100971.5
23.52218748038825	-815635898843922.9
23.55440191226082	-869895762275620.6
23.58661634413338	-927765176511896
23.61883077600595	-989484257866665.2
23.65104520787851	-1055309094460301
23.68325963975107	-1125512809636352
23.71547407162364	-1200386695139380
23.7476885034962	-1280241419672114
23.77990293536877	-1365408317842095
23.81211736724133	-1456240764848036
23.8443317991139	-1553115642607707
23.87654623098646	-1656434905922172
23.90876066285902	-1766627240475740
23.94097509473159	-1884149855113300
23.97318952660415	-2009490370075164
24.00540395847672	-2143168841947282
24.03761839034928	-2285739920773847
24.06983282222184	-2437795148354708
24.10204725409441	-2599965363511504
24.13426168596697	-2772923740114341
24.16647611783954	-2957387447253626
24.1986905497121	-3154122058471398
24.23090498158466	-3363943869346806
24.26311941345723	-3587723414198714
24.29533384532979	-3826389170274806
24.32754827720236	-4080931376574202
24.35976270907492	-4352406142123494
24.39197714094749	-4641939827535035
24.42419157282005	-4950733717987334
24.45640600469261	-5280069007062785
24.48862043656518	-5631312112080208
24.52083486843774	-6005920336149872
24.55304930031031	-6405447941249498
24.58526373218287	-6831552556842169
24.61747816405543	-7286002082217325
24.649692595928	-7770682014920903
24.68190702780056	-8287603273072163
24.71412145967313	-8838910538013797
24.74633589154569	-9426891151811520
24.77855032341825	-1.005398460661512e+16
24.81076475529082	-1.072279266513588e+16
24.84297918716338	-1.143609015261161e+16
24.87519361903595	-1.219683647373672e+16
24.90740805090851	-1.300818788108978e+16
24.93962248278108	-1.387351057021257e+16
24.97183691465364	-1.479639462863019e+16
25.0040513465262	-1.578066882596664e+16
25.03626577839877	-1.683034400938092e+16
25.06848021027133	-1.794999626583352e+16
25.1006946421439	-1.914404780063548e+16
25.13290907401646	-2.041752763779535e+16
25.16512350588902	-2.177571937400844e+16
25.19733793776159	-2.32242570857734e+16
25.22955236963415	-2.476915099231557e+16
25.26176680150672	-2.6416810498826e+16
25.29398123337928	-2.81740713771777e+16
25.32619566525184	-3.004822410460895e+16
25.35841009712441	-3.204704410298492e+16
25.39062452899697	-3.417882399291296e+16
25.42283896086954	-3.645240799479856e+16
25.4550533927421	-3.887722861837898e+16
25.48726782461467	-4.146334619238154e+16
25.51948225648723	-4.422148903338394e+16
25.55169668835979	-4.716310022166062e+16
25.58391112023236	-5.03003836065416e+16
25.61612555210492	-5.36463547446211e+16
25.64833998397749	-5.721489458978742e+16
25.68055441585005	-6.101985802481674e+16
25.71276884772261	-6.507898188938642e+16
25.74498327959518	-6.940821287841599e+16
25.77719771146774	-7.402551423665914e+16
25.80941214334031	-7.895004175944128e+16
25.84162657521287	-8.420222152419686e+16
25.87384100708543	-8.980382544562288e+16
25.906055438958	-9.577806366268406e+16
25.93826987083056	-1.02149676555844e+17
25.97048430270313	-1.089450338338169e+17
26.00269873457569	-1.161996098709254e+17
26.03491316644826	-1.239283744217141e+17
26.06712759832082	-1.321701097422043e+17
26.09934203019338	-1.409587541218991e+17
26.13155646206595	-1.50330508778365e+17
26.16377089393851	-1.603239979788939e+17
26.19598532581108	-1.709804306759719e+17
26.22819975768364	-1.823437835102854e+17
26.2604141895562	-1.944609926114637e+17
26.29262862142877	-2.073821581547573e+17
26.32484305330133	-2.211401827302989e+17
26.3570574851739	-2.358331446998028e+17
26.38927191704646	-2.515043033613862e+17
26.42148634891903	-2.682185515680102e+17
26.45370078079159	-2.860456122493538e+17
26.48591521266415	-3.05059931589015e+17
26.51812964453672	-3.253406460021805e+17
26.55034407640928	-3.469730371686547e+17
26.58255850828185	-3.700465376775601e+17
26.61477294015441	-3.946576318357581e+17
26.64698737202697	-4.209356928160003e+17
26.67920180389954	-4.489364187559344e+17
26.7114162357721	-4.788003059533064e+17
26.74363066764467	-5.106510923902128e+17
26.77584509951723	-5.446207356700431e+17
26.80805953138979	-5.808499554684692e+17
26.84027396326236	-6.194888302375898e+17
26.87248839513492	-6.606974162463108e+17
26.90470282700749	-7.046464183869119e+17
26.93691725888005	-7.515179047933706e+17
26.96913169075262	-8.015060703530339e+17
27.00134612262518	-8.548049663071745e+17
27.03356055449774	-9.116625968980841e+17
27.06577498637031	-9.723020680178612e+17
27.09798941824287	-1.036974919855632e+18
27.13020385011544	-1.10594942852124e+18
27.162418281988	-1.179511708189616e+18
27.19463271386056	-1.257966904812247e+18
27.22684714573313	-1.341640460140846e+18
27.25906157760569	-1.430879461612745e+18
27.29127600947826	-1.526054082015883e+18
27.32349044135082	-1.627559114900812e+18
27.35570487322338	-1.735815612127374e+18
27.38791930509595	-1.851272630286928e+18
27.42013373696851	-1.974409073947219e+18
27.45234816884108	-2.10573575690119e+18
27.48456260071364	-2.245797414668346e+18
27.51677703258621	-2.39517503100707e+18
27.54899146445877	-2.55448823245278e+18
27.58120589633133	-2.724397859314642e+18
27.6134203282039	-2.905608708863342e+18
27.64563476007646	-3.098872464630151e+18
27.67784919194903	-3.304990834914945e+18
27.71006362382159	-3.52481898480754e+18
27.74227805569415	-3.759266687891293e+18
27.77449248756672	-4.00930946832446e+18
27.80670691943928	-4.275983256666114e+18
27.83892135131185	-4.560394207158249e+18
27.87113578318441	-4.863722045014585e+18
27.90335021505697	-5.187224959565238e+18
27.93556464692954	-5.53224482284479e+18
27.9677790788021	-5.900212755250812e+18
27.99999351067467	-6.292655061433741e+18
28.03220794254723	-6.711199560843239e+18
28.0644223744198	-7.157582315268461e+18
28.09663680629236	-7.633654927070514e+18
28.12885123816492	-8.141392073605551e+18
28.16106567003749	-8.682899792255903e+18
28.19328010191005	-9.260424192580639e+18
28.22549453378262	-9.876360772313758e+18
28.25770896565518	-1.053326435293548e+19
28.28992339752774	-1.123385967599349e+19
28.32213782940031	-1.198105270425673e+19
28.35435226127287	-1.277794267420358e+19
28.38656669314544	-1.362783228587896e+19
28.418781125018	-1.453425017588048e+19
28.45099555689056	-1.550094934292879e+19
28.48320998876313	-1.653197532099857e+19
28.51542442063569	-1.763154391943134e+19
28.54763885250826	-1.880425280902326e+19
28.57985328438082	-2.005496069947723e+19
28.61206771625339	-2.138885464840588e+19
28.64428214812595	-2.281146716679451e+19
28.67649657999851	-2.432869883511056e+19
28.70871101187108	-2.594684968045394e+19
28.74092544374364	-2.767262104702736e+19
28.77313987561621	-2.951319744462056e+19
28.80535430748877	-3.147611601404423e+19
28.83756873936133	-3.356964709900382e+19
28.8697831712339	-3.580241347698695e+19
28.90199760310646	-3.818368051824486e+19
28.93421203497903	-4.072332564509013e+19
28.96642646685159	-4.343188267514386e+19
28.99864089872415	-4.632058587089585e+19
29.03085533059672	-4.940141289858942e+19
29.06306976246928	-5.268714967762878e+19
29.09528419434185	-5.61914205520772e+19
29.12749862621441	-5.992875997850993e+19
29.15971305808698	-6.391466906962706e+19
29.19192748995954	-6.816567988410993e+19
29.2241419218321	-7.269942399263857e+19
29.25635635370467	-7.753470560495457e+19
29.28857078557723	-8.269157956231646e+19
29.3207852174498	-8.819143452300996e+19
29.35299964932236	-9.405706551871789e+19
29.38521408119492	-1.003128270423536e+20
29.41742851306749	-1.069846537905124e+20
29.44964294494005	-1.141002173461539e+20
29.48185737681262	-1.216890295886201e+20
29.51407180868518	-1.297825650442914e+20
29.54628624055774	-1.384143913360298e+20
29.57850067243031	-1.476203082201941e+20
29.61071510430287	-1.574384956416928e+20
29.64292953617544	-1.679096709402718e+20
29.675143968048	-1.79077400982222e+20
29.70735839992057	-1.909877868585287e+20
29.73957283179313	-2.036903185153203e+20
29.77178726366569	-2.172376801973811e+20
29.80400169553826	-2.316860601948833e+20
29.83621612741082	-2.470953840033924e+20
29.86843055928339	-2.635295630979446e+20
29.90064499115595	-2.810567604902042e+20
29.93285942302851	-2.997496745315634e+20
29.96507385490108	-3.196858432493684e+20
29.99728828677364	-3.409475644242221e+20
30.02950271864621	-3.636236111505958e+20
30.06171715051877	-3.878077699588966e+20
30.09393158239133	-4.136003183490953e+20
30.1261460142639	-4.411081685057999e+20
30.15836044613646	-4.704452054841749e+20
30.19057487800903	-5.017317583870023e+20
30.22278930988159	-5.351145301893113e+20
30.25500374175416	-5.706965114646006e+20
30.28721817362672	-6.086516251898901e+20
30.31943260549928	-6.491301788387727e+20
30.35164703737185	-6.923029964820206e+20
30.38386146924441	-7.383471291128013e+20
30.41607590111698	-7.874535311006454e+20
30.44829033298954	-8.398258552528289e+20
30.4805047648621	-8.95681297196425e+20
30.51271919673467	-9.552514959031469e+20
30.54493362860723	-1.018783494089494e+21
30.5771480604798	-1.0865407624729e+21
30.60936249235236	-1.158804292127218e+21
30.64157692422492	-1.235873319872954e+21
30.67379135609749	-1.318068319502226e+21
30.70600578797005	-1.405729767596301e+21
30.73822021984262	-1.49922120110477e+21
30.77043465171518	-1.598930330868456e+21
30.80264908358775	-1.705270648177322e+21
30.83486351546031	-1.818683137601747e+21
30.86707794733287	-1.939638102783288e+21
30.89929237920544	-2.068637111993065e+21
30.931506811078	-2.20621507005229e+21
30.96372124295057	-2.352944643645137e+21
30.99593567482313	-2.509430466033807e+21
31.02815010669569	-2.676322715515545e+21
31.06036453856826	-2.854312653812724e+21
31.09257897044082	-3.044135869395236e+21
31.12479340231339	-3.246567195692747e+21
31.15700783418595	-3.461335959375484e+21
31.18922226605851	-3.692878890813548e+21
31.22143669793108	-3.93844576580168e+21
31.25365112980364	-4.200365802707207e+21
31.28586556167621	-4.479722745742642e+21
31.31807999354877	-4.777641889325854e+21
31.35029442542134	-5.095377768466215e+21
31.3825088572939	-5.43424650008652e+21
31.41472328916646	-5.795652737782911e+21
31.44693772103903	-6.181094927444256e+21
31.47915215291159	-6.592171334914522e+21
31.51136658478416	-7.030586600286951e+21
31.54358101665672	-7.49815877370816e+21
31.57579544852928	-7.99682683810632e+21
31.60800988040185	-8.528658740999338e+21
31.64022431227441	-9.095859964847978e+21
31.67243874414698	-9.700782669717203e+21
31.70465317601954	-1.034593544526912e+22
31.7368676078921	-1.103399371206565e+22
31.76908203976467	-1.176781081505032e+22
31.80129647163723	-1.255042985506121e+22
31.8335109035098	-1.338509630734842e+22
31.86572533538236	-1.427527147936192e+22
31.89793976725493	-1.522464686357943e+22
31.93015419912749	-1.623715944486683e+22
31.96236863100005	-1.731700802582339e+22
31.99458306287262	-1.84686706378011e+22
32.02679749474518	-1.969692310977911e+22
32.05901192661774	-2.10068588720851e+22
32.0912263584903	-2.240391007707823e+22
32.12344079036286	-2.389387012436165e+22
32.15565522223542	-2.548291768392628e+22
32.18786965410798	-2.717764231683006e+22
32.22008408598055	-2.898507179965124e+22
