0
1000	1.0219978922	100000000000000.1
5	0	0	1
5	0	0	0
0.03786664528905326	5.6500099306123e-06
0.07008107716161713	1.565905893222312e-05
0.102295509034181	2.31554409412896e-05
0.1345099409067449	2.728707101209719e-05
0.1667243727793087	2.786642025223986e-05
0.1989388046518726	2.786744546923107e-05
0.2311532365244365	2.786840318458884e-05
0.2633676683970003	2.786884293368638e-05
0.2955821002695642	2.786592800454957e-05
0.3277965321421281	2.787153573892638e-05
0.360010964014692	2.787180346698188e-05
0.3922253958872559	2.787299667950106e-05
0.4244398277598198	2.787365128958552e-05
0.4566542596323837	2.786555323635381e-05
0.4888686915049476	2.874124592388431e-05
0.5210831233775115	4.916884578626148e-05
0.5532975552500754	0.0001023730376029882
0.5855119871226393	0.0001951756172431949
0.6177264189952032	0.0003354558374807449
0.6499408508677671	0.0005333987259348404
0.682155282740331	0.0007999926948942796
0.7143697146128949	0.001137109251390671
0.7465841464854588	0.001554363228443509
0.7787985783580227	0.002060140780539603
0.8110130102305866	0.002662233388553111
0.8432274421031505	0.003369356134624867
0.8754418739757144	0.004188842967164568
0.9076563058482783	0.005129663536097348
0.9398707377208422	0.006201946852486712
0.9720851695934061	0.007415793328458919
1.00429960146597	0.008788699662919402
1.036514033338534	0.01032358543760599
1.068728465211098	0.01202248683172032
1.100942897083662	0.01389778878044666
1.133157328956226	0.01594806490924613
1.165371760828789	0.018185196127855
1.197586192701353	0.02061290495014729
1.229800624573917	0.02325002712618278
1.262015056446481	0.02610247212809069
1.294229488319045	0.02916232584799253
1.326443920191609	0.03245990014204787
1.358658352064173	0.03598009518448239
1.390872783936737	0.03975679118092052
1.423087215809301	0.04377651946664757
1.455301647681865	0.04806943268292192
1.487516079554428	0.05263780807471775
1.519730511426992	0.05749316657316941
1.551944943299556	0.06264774117006593
1.58415937517212	0.06810548546992498
1.616373807044684	0.07388522812589055
1.648588238917248	0.08000326999553803
1.680802670789812	0.0864624011012813
1.713017102662376	0.09326331173228151
1.74523153453494	0.1004559927755993
1.777445966407504	0.1080300197735458
1.809660398280067	0.116006534390404
1.841874830152631	0.1243967563670239
1.874089262025195	0.1332138116818705
1.906303693897759	0.1424857443604284
1.938518125770323	0.1522213995763209
1.970732557642887	0.1624247419851735
2.002946989515451	0.1731447609495521
2.035161421388014	0.1843817197484876
2.067375853260578	0.1961393917087277
2.099590285133142	0.208467753269941
2.131804717005705	0.2213584410148756
2.164019148878269	0.23486197065804
2.196233580750833	0.2490003495562544
2.228448012623396	0.2637527858962201
2.26066244449596	0.2791831074479498
2.292876876368524	0.2953043823593601
2.325091308241087	0.312147348516899
2.357305740113651	0.329715126089644
2.389520171986215	0.348066732739243
2.421734603858778	0.3672183463614242
2.453949035731342	0.3871895873982781
2.486163467603906	0.4080262317848315
2.518377899476469	0.4297379978347302
2.550592331349033	0.4523611713003917
2.582806763221597	0.4759585049920979
2.61502119509416	0.5005296061205976
2.647235626966724	0.5261402633192884
2.679450058839288	0.5527816577520378
2.711664490711851	0.5805253480221683
2.743878922584415	0.609408274491737
2.776093354456979	0.639470136042542
2.808307786329542	0.6707385256695101
2.840522218202106	0.7032895164006938
2.87273665007467	0.7371186710819313
2.904951081947234	0.7723044886726735
2.937165513819797	0.8089201739010123
2.969379945692361	0.8469427572586684
3.001594377564925	0.886475977950089
3.033808809437488	0.9275573096573984
3.066023241310052	0.9702637799157197
3.098237673182616	1.014624374452836
3.130452105055179	1.060692019229148
3.162666536927743	1.108549073205209
3.194880968800307	1.15826931095477
3.22709540067287	1.209867003664175
3.259309832545434	1.263447636346403
3.291524264417998	1.31908750232121
3.323738696290561	1.376843655635138
3.355953128163125	1.436769136939706
3.388167560035689	1.498958295186792
3.420381991908252	1.563487919026616
3.452596423780816	1.630443473701652
3.48481085565338	1.699899547108767
3.517025287525943	1.771957483661502
3.549239719398507	1.846675182361036
3.581454151271071	1.924175713061419
3.613668583143634	2.004566078240608
3.645883015016198	2.087899151990533
3.678097446888762	2.174290541034799
3.710311878761325	2.263855613766069
3.742526310633889	2.356700963243381
3.774740742506453	2.452941182053435
3.806955174379016	2.552689851029041
3.83916960625158	2.656043626298123
3.871384038124144	2.763140809295227
3.903598469996707	2.874103998484495
3.935812901869271	2.989062050832805
3.968027333741835	3.108148889363051
4.000241765614398	3.231526168951188
4.032456197486963	3.359298380119855
4.064670629359527	3.491636418700024
4.096885061232091	3.628656584550902
4.129099493104655	3.770545745678023
4.161313924977219	3.917449043103622
4.193528356849783	4.06956198920396
4.225742788722347	4.227000351845153
4.257957220594911	4.389946400160928
4.290171652467476	4.5586127357502
4.32238608434004	4.733163679089297
4.354600516212604	4.913795788411893
4.386814948085168	5.100691435579684
4.419029379957732	5.294090595275584
4.451243811830296	5.494158434680201
4.48345824370286	5.701112371293529
4.515672675575424	5.915173869423214
4.547887107447989	6.136568594265714
4.580101539320553	6.365536930765862
4.612315971193117	6.602307211838856
4.644530403065681	6.847125126804553
4.676744834938245	7.100257813950447
4.708959266810809	7.361973993409856
4.741173698683373	7.632504515924261
4.773388130555937	7.912148680861781
4.805602562428501	8.201186214962858
4.837816994301066	8.499924845643731
4.87003142617363	8.808622905090497
4.902245858046194	9.127634468581451
4.934460289918758	9.457256202637998
4.966674721791322	9.797815534371583
4.998889153663886	10.14970579949518
5.03110358553645	10.51318755187473
5.063318017409014	10.88866221929504
5.095532449281579	11.2764697956378
5.127746881154143	11.67703321899982
5.159961313026707	12.09070325190273
5.192175744899271	12.51792021042695
5.224390176771835	12.95905988279153
5.256604608644399	13.41456486480356
5.288819040516963	13.88487893913211
5.321033472389527	14.37043382135277
5.353247904262092	14.87173847223433
5.385462336134656	15.38918889482608
5.41767676800722	15.92331365260061
5.449891199879784	16.47462241601978
5.482105631752348	17.04361546534233
5.514320063624912	17.63083286008177
5.546534495497476	18.23684097363607
5.57874892737004	18.86216286058105
5.610963359242604	19.50741247480483
5.643177791115169	20.17317229187038
5.675392222987733	20.8600488844725
5.707606654860297	21.56869339292236
5.739821086732861	22.29975200850473
5.772035518605425	23.05386568174426
5.804249950477989	23.83173556827815
5.836464382350553	24.63404694802849
5.868678814223117	25.4615525911999
5.900893246095682	26.31498186278507
5.933107677968246	27.19510111003092
5.96532210984081	28.10270195169418
5.997536541713374	29.03860111197142
6.029750973585938	30.00363088290684
6.061965405458502	30.99865720842599
6.094179837331066	32.02454836710523
6.12639426920363	33.08223189279695
6.158608701076195	34.17263682798635
6.190823132948759	35.29671100184866
6.223037564821323	36.45552325853465
6.255251996693887	37.64998359363531
6.287466428566451	38.88114960106461
6.319680860439015	40.15017006756489
6.351895292311579	41.45813373315333
6.384109724184143	42.80614625076593
6.416324156056707	44.19544414559909
6.448538587929272	45.62718455641319
6.480753019801836	47.10264758674108
6.5129674516744	48.62312101253939
6.545181883546964	50.18988132786495
6.577396315419528	51.80434330140535
6.609610747292092	53.467841809196
6.641825179164656	55.18187596743494
6.67403961103722	56.94789919467408
6.706254042909785	58.76741337491616
6.738468474782349	60.64205509024052
6.770682906654913	62.57338572372154
6.802897338527477	64.56304611514641
6.835111770400041	66.61279234664974
6.867326202272605	68.72436229482561
6.899540634145169	70.8995561315639
6.931755066017733	73.14026306133884
6.963969497890298	75.44838694609106
6.996183929762862	77.82590012952149
7.028398361635426	80.27487078791492
7.06061279350799	82.79733920532941
7.092827225380554	85.39547023813921
7.125041657253118	88.07154310440806
7.157256089125682	90.82778703230315
7.189470520998246	93.66651355055767
7.22168495287081	96.59020595939337
7.253899384743375	99.60136045080559
7.286113816615939	102.7024946026149
7.318328248488503	105.8962629723305
7.350542680361067	109.185412646556
7.382757112233631	112.5727196982496
7.414971544106195	116.0610687611138
7.447185975978759	119.653386299587
7.479400407851323	123.3527748399615
7.511614839723888	127.162355108887
7.543829271596452	131.0853690186064
7.576043703469016	135.125154704025
7.60825813534158	139.2851102431697
7.640472567214144	143.5688177033279
7.672686999086708	147.979864298124
7.704901430959272	152.5220280718082
7.737115862831836	157.1991226166859
7.769330294704401	162.0151757311571
7.801544726576965	166.9742692640528
7.833759158449529	172.0805503305906
7.865973590322093	177.3384121393932
7.898188022194657	182.7522614528583
7.930402454067221	188.3267332614104
7.962616885939785	194.0665421046166
7.994831317812349	199.9765876775544
8.027045749684913	206.0618372213847
8.059260181557477	212.3274689955726
8.091474613430041	218.7787934132568
8.123689045302605	225.4213248996041
8.155903477175169	232.2607375450587
8.188117909047733	239.3026920154597
8.220332340920297	246.5532385210836
8.252546772792861	254.0185844733618
8.284761204665426	261.7050502650371
8.31697563653799	269.6191022355628
8.349190068410554	277.7674581287276
8.381404500283118	286.1571211389096
8.413618932155682	294.795189955434
8.445833364028246	303.6889815018579
8.47804779590081	312.8460909417324
8.510262227773374	322.2742477383454
8.542476659645938	331.9815014784923
8.574691091518503	341.9761193522809
8.606905523391067	352.2666396269698
8.639119955263631	362.8617061871138
8.671334387136195	373.7703983438223
8.703548819008759	385.0020369151049
8.735763250881323	396.5661513766947
8.767977682753887	408.4725772239184
8.800192114626451	420.731393302673
8.832406546499016	433.3532115307409
8.86462097837158	446.3486754575361
8.896835410244144	459.7288882680506
8.929049842116708	473.5052968402667
8.961264273989272	487.6895313487745
8.993478705861836	502.2938270862741
9.0256931377344	517.3306047535962
9.057907569606964	532.8127121048872
9.090122001479529	548.7533419949311
9.122336433352093	565.1662058220766
9.154550865224657	582.0652293764433
9.186765297097221	599.4649307770694
9.218979728969785	617.3801335927799
9.251194160842349	635.8261610425761
9.283408592714913	654.8188239382656
9.315623024587477	674.3744556183054
9.347837456460041	694.5097036591395
9.380051888332606	715.2418317552889
9.41226632020517	736.5886543144721
9.444480752077734	758.5684575887088
9.476695183950298	781.2000870755977
9.508909615822862	804.5030115572731
9.541124047695426	828.4971715654782
9.57333847956799	853.2032246779372
9.605552911440554	878.6423356755879
9.637767343313119	904.8363798922121
9.669981775185683	931.8078950024759
9.702196207058247	959.5801067822426
9.734410638930811	988.1769129367093
9.766625070803375	1017.622871311442
9.798839502675939	1047.943364998109
9.831053934548503	1079.164468113863
9.863268366421067	1111.313183949108
9.895482798293632	1144.417179416306
9.927697230166196	1178.50503674115
9.95991166203876	1213.60612964714
9.992126093911324	1249.750770554635
10.02434052578389	1286.97015046049
10.05655495765645	1325.296482839206
10.08876938952902	1364.762805506554
10.12098382140158	1405.403333828445
10.15319825327414	1447.25320089078
10.18541268514671	1490.348573204421
10.21762711701927	1534.72678706641
10.24984154889184	1580.42631028657
10.2820559807644	1627.486714244696
10.31427041263697	1675.948829926548
10.34648484450953	1725.854552909732
10.37869927638209	1777.247284736068
10.41091370825466	1830.171601434067
10.44312814012722	1884.673483350409
10.47534257199979	1940.800223711174
10.50755700387235	1998.600630775749
10.53977143574491	2058.124942214036
10.57198586761748	2119.424952456368
10.60420029949004	2182.554392615589
10.63641473136261	2247.56728146944
10.66862916323517	2314.52081505601
10.70084359510773	2383.473150665195
10.7330580269803	2454.484741798954
10.76527245885286	2527.616886209012
10.79748689072543	2602.933742905531
10.82970132259799	2680.500965343707
10.86191575447056	2760.386693157328
10.89413018634312	2842.659969537182
10.92634461821568	2927.391083317717
10.95855905008825	3014.65802981257
10.99077348196081	3104.535398602216
11.02298791383338	3197.102258673957
11.05520234570594	3292.43759405914
11.0874167775785	3390.627790972615
11.11963120945107	3491.757720053167
11.15184564132363	3595.916404214448
11.1840600731962	3703.194636458918
11.21627450506876	3813.684831788452
11.24848893694132	3927.491569402655
11.28070336881389	4044.705688466869
11.31291780068645	4165.43391151927
11.34513223255902	4289.779368738193
11.37734666443158	4417.855797787652
11.40956109630415	4549.776203349624
11.44177552817671	4685.652386315583
11.47398996004927	4825.605170089494
11.50620439192184	4969.756949357009
11.5384188237944	5118.240783645678
11.57063325566697	5271.178987675271
11.60284768753953	5428.707133750891
11.63506211941209	5590.967347182784
11.66727655128466	5758.104183048488
11.69949098315722	5930.266957084727
11.73170541502979	6107.59834817404
11.76391984690235	6290.262410301787
11.79613427877491	6478.415979657615
11.82834871064748	6672.229778706596
11.86056314252004	6871.875632423537
11.89277757439261	7077.5224439175
11.92499200626517	7289.358174985596
11.95720643813774	7507.570488619411
11.9894208700103	7732.357031018395
12.02163530188286	7963.908059015153
12.05384973375543	8202.429487648418
12.08606416562799	8448.137201102492
12.11827859750056	8701.246794137307
12.15049302937312	8961.989498100858
12.18270746124568	9230.585006225627
12.21492189311825	9507.276437505059
12.24713632499081	9792.330545039935
12.27935075686338	10085.9619091569
12.31156518873594	10388.44501562606
12.3437796206085	10700.05267112567
12.37599405248107	11021.05780525912
12.40820848435363	11351.76181918641
12.4404229162262	11692.43328666491
12.47263734809876	12043.38377121565
12.50485177997133	12404.93255578101
12.53706621184389	12777.38742067695
12.56928064371645	13161.07578307558
12.60149507558902	13556.36936911841
12.63370950746158	13963.60563680938
12.66592393933415	14383.14922957755
12.69813837120671	14815.36680279934
12.73035280307927	15260.65098798084
12.76256723495184	15719.40294475521
12.7947816668244	16192.02959566441
12.82699609869697	16678.95183383616
12.85921053056953	17180.60812185045
12.89142496244209	17697.41920175174
12.92363939431466	18229.93494786375
12.95585382618722	18778.53938168416
12.98806825805979	19343.7557881786
13.02028268993235	19926.08951769249
13.05249712180492	20526.08253004801
13.08471155367748	21144.21800467348
13.11692598555004	21781.10227522663
13.14914041742261	22437.28964434718
13.18135484929517	23113.36882797845
13.21356928116774	23809.94859513367
13.2457837130403	24527.6625485386
13.27799814491286	25267.13066283459
13.31021257678543	26029.02957748095
13.34242700865799	26814.04368997354
13.37464144053056	27622.87840706908
13.40685587240312	28456.25825387072
13.43907030427568	29314.93598679806
13.47128473614825	30199.68499935513
13.50349916802081	31111.29980503598
13.53571359989338	32050.60095875559
13.56792803176594	33018.42313576495
13.60014246363851	34015.65804056302
13.63235689551107	35043.20163466054
13.66457132738363	36101.97128885486
13.6967857592562	37192.92477033554
13.72900019112876	38317.04599366457
13.76121462300133	39475.3724004716
13.79342905487389	40668.89491248409
13.82564348674645	41898.73029912114
13.85785791861902	43165.97480661974
13.89007235049158	44471.77920691502
13.92228678236415	45817.31384875638
13.95450121423671	47203.80422804226
13.98671564610927	48632.51791310793
14.01893007798184	50104.71120092591
14.0511445098544	51621.74124876806
14.08335894172697	53184.97407621863
14.11557337359953	54795.81228420852
14.1477878054721	56455.76046411775
14.18000223734466	58166.24564677664
14.21221666921722	59928.8786509772
14.24443110108979	61745.23681706523
14.27664553296235	63616.97585735481
14.30885996483492	65545.76679864759
14.34107439670748	67533.42721408779
14.37328882858004	69581.64638456547
14.40550326045261	71692.39243380202
14.43771769232517	73867.50946923206
14.46993212419774	76108.99702118008
14.5021465560703	78418.88885583317
14.53436098794286	80799.32122216753
14.56657541981543	83252.39827948176
14.59878985168799	85780.36799569335
14.63100428356056	88385.5100968492
14.66321871543312	91070.21291276976
14.69543314730569	93836.90010705659
14.72764757917825	96688.14714495887
14.75986201105081	99626.51503529417
14.79207644292338	102654.5957076256
14.82429087479594	105775.288902308
14.85650530666851	108991.3504890817
14.88871973854107	112305.4412400814
14.92093417041363	115721.168666457
14.9531486022862	119241.5013010826
14.98536303415876	122869.4515529433
15.01757746603133	126608.3879918236
15.04979189790389	130461.8138460491
15.08200632977645	134432.9889157867
15.11422076164902	138525.9373643707
15.14643519352158	142744.2996789753
15.17864962539415	147091.8474723809
15.21086405726671	151572.4928740482
15.24307848913928	156191.0549798983
15.27529292101184	160950.158231902
15.3075073528844	165855.3541454189
15.33972178475697	170910.8662868705
15.37193621662953	176121.2721923257
15.4041506485021	181491.3785642364
15.43636508037466	187026.4376297911
15.46857951224722	192730.3812174074
15.50079394411979	198609.5229506156
15.53300837599235	204668.9915291819
15.56522280786492	210913.5985636351
15.59743723973748	217350.3152954751
15.62965167161004	223985.1576322856
15.66186610348261	230822.8260202497
15.69408053535517	237870.0235219814
15.72629496722774	245133.6789786896
15.7585093991003	252619.9618110024
15.79072383097287	260336.2737973829
15.82293826284543	268290.0945225967
15.85515269471799	276487.4525843245
15.88736712659056	284936.2825833289
15.91958155846312	293644.6441408987
15.95179599033569	302619.8230960403
15.98401042220825	311871.2426899172
16.01622485408081	321407.2748042825
16.04843928595338	331235.8468747779
16.08065371782594	341366.5081862973
16.11286814969851	351808.0345873768
16.14508258157107	362570.7690282164
16.17729701344363	373663.8034712582
16.2095114453162	385098.3661001102
16.24172587718876	396885.2317145468
16.27394030906133	409033.8548084401
16.30615474093389	421556.1014861833
16.33836917280646	434463.4481518774
16.37058360467902	447767.4775793345
16.40279803655158	461481.1846343029
16.43501246842415	475616.7697578796
16.46722690029671	490187.9571691423
16.49944133216928	505207.0723628467
16.53165576404184	520687.8580668124
16.5638701959144	536645.4823752758
16.59608462778697	553093.7058252264
16.62829905965953	570049.0351897608
16.6605134915321	587526.372245958
16.69272792340466	605542.3539814216
16.72494235527722	624112.8439555591
16.75715678714979	643255.2467596267
16.78937121902235	662986.9748144065
16.82158565089492	683326.3902381031
16.85380008276748	704293.1956931476
16.88601451464005	725906.2501513913
16.91822894651261	748186.0565648052
16.95044337838517	771152.1100063418
16.98265781025774	794825.9099556748
17.0148722421303	819229.3015810428
17.04708667400287	844385.0028643644
17.07930110587543	870316.8568547561
17.11151553774799	897048.5459609199
17.14372996962056	924605.4171913663
17.17594440149312	953011.8473635298
17.20815883336569	982294.3308006714
17.24037326523825	1012479.895539059
17.27258769711081	1043596.579704166
17.30480212898338	1075674.130409641
17.33701656085594	1108741.752631918
17.36923099272851	1142830.143177456
17.40144542460107	1177971.389374342
17.43365985647364	1214197.001634361
17.4658742883462	1251541.147815015
17.49808872021876	1290038.065935252
17.53030315209133	1329723.621026224
17.56251758396389	1370635.611310614
17.59473201583646	1412811.364671857
17.62694644770902	1456290.914831058
17.65916087958158	1501113.29028771
17.69137531145415	1547320.423390071
17.72358974332671	1594955.461629157
17.75580417519928	1644062.096724307
17.78801860707184	1694687.153847137
17.82023303894441	1746877.154031748
17.85244747081697	1800680.635469914
17.88466190268953	1856148.643941078
17.9168763345621	1913330.70832482
17.94909076643466	1972281.114292645
17.98130519830723	2033054.65808369
18.01351963017979	2095707.266744784
18.04573406205235	2160298.208105831
18.07794849392492	2226887.831186856
18.11016292579748	2295537.647086566
18.14237735767005	2366311.830038311
18.17459178954261	2439276.547678174
18.20680622141517	2514498.874798902
18.23902065328774	2592049.412930457
18.2712350851603	2671999.860503359
18.30344951703287	2754425.678621927
18.33566394890543	2839403.857725214
18.367878380778	2927013.310842807
18.40009281265056	3017336.037307531
18.43230724452312	3110456.545076383
18.46452167639569	3206460.497934204
18.49673610826825	3305438.112092331
18.52895054014082	3407481.839081127
18.56116497201338	3512686.5060426
18.59337940388594	3621151.081748619
18.62559383575851	3732976.878063052
18.65780826763107	3848268.145800354
18.69002269950364	3967132.811071938
18.7222371313762	4089682.281437856
18.75445156324876	4216029.807745853
18.78666599512133	4346294.090660041
18.81888042699389	4480596.332070534
18.85109485886646	4619063.450888685
18.88330929073902	4761823.967534722
18.91552372261159	4909012.13132495
18.94773815448415	5060765.534941062
18.97995258635671	5217225.832890255
19.01216701822928	5378540.082776568
19.04438145010184	5544858.359770887
19.07659588197441	5716336.781085436
19.10881031384697	5893135.191683701
19.14102474571953	6075420.608845678
19.1732391775921	6263362.685867848
19.20545360946466	6457138.278583381
19.23766804133723	6656928.843811031
19.26988247320979	6862921.096203443
19.30209690508235	7075309.173528439
19.33431133695492	7294290.573440536
19.36652576882748	7520071.426219545
19.39874020070005	7752863.307690319
19.43095463257261	7992884.226765898
19.46316906444518	8240360.116122313
19.49538349631774	8495522.538861141
19.5275979281903	8758611.595014201
19.55981236006287	9029873.476927975
19.59202679193543	9309563.049712181
19.624241223808	9597943.630182717
19.65645565568056	9895284.318222648
19.68867008755312	10201865.2855518
19.72088451942569	10517973.55197082
19.75309895129825	10843907.53659568
19.78531338317082	11179972.80106977
19.81752781504338	11526484.79393585
19.84974224691594	11883769.68822466
19.88195667878851	12252163.05111583
19.91417111066107	12632011.67311117
19.94638554253364	13023671.67825034
19.9785999744062	13427511.8235859
20.01081440627877	13843911.90433695
20.04302883815133	14273262.85366917
20.07524327002389	14715970.05480725
20.10745770189646	15172449.32268259
20.13967213376902	15643130.04845278
20.17188656564159	16128455.57969355
20.20410099751415	16628882.49480264
20.23631542938671	17144881.95394967
20.26852986125928	17676940.61309512
20.30074429313184	18225557.86633792
20.33295872500441	18791251.18350359
20.36517315687697	19374552.97458375
20.39738758874953	19976013.77239779
20.4296020206221	20596199.64860171
20.46181645249466	21235695.43074702
20.49403088436723	21895103.05324345
20.52624531623979	22575044.86904496
20.55845974811236	23276161.68667866
20.59067417998492	23999115.30936624
20.62288861185748	24744585.87768064
20.65510304373005	25513277.28914919
20.68731747560261	26305913.88431892
20.71953190747518	27123244.95894846
20.75174633934774	27966041.09762855
20.7839607712203	28835097.55853834
20.81617520309287	29731234.37050626
20.84838963496543	30655297.09155551
20.880604066838	31608159.06694959
20.91281849871056	32590719.52189026
20.94503293058312	33603906.84250511
20.97724736245569	34648676.89054246
21.00946179432825	35726016.99458991
21.04167622620082	36836944.19800026
21.07389065807338	37982509.65785881
21.10610508994595	39163795.20525786
21.13831952181851	40381917.42562666
21.17053395369107	41638027.24575619
21.20274838556364	42933311.89797193
21.2349628174362	44268996.88225925
21.26717724930877	45646344.80812668
21.29939168118133	47066659.03614866
21.33160611305389	48531281.34423843
21.36382054492646	50041597.96745262
21.39603497679902	51599037.28595843
21.42824940867159	53205073.99612423
21.46046384054415	54861227.31708881
21.49267827241671	56569065.10431349
21.52489270428928	58330203.23789825
21.55710713616184	60146309.33011669
21.58932156803441	62019102.58586938
21.62153599990697	63950356.94476152
21.65375043177954	65941901.17411435
21.6859648636521	67995622.40087155
21.71817929552466	70113464.34276058
21.75039372739723	72297434.26225096
21.78260815926979	74549600.83324172
21.81482259114236	76872099.8366468
21.84703702301492	79267131.84312347
21.87925145488748	81736966.77267933
21.91146588676005	84283946.14539586
21.94368031863261	86910484.66719228
21.97589475050518	89619072.98372941
22.00810918237774	92412279.3278529
22.0403236142503	95292753.83357501
22.07253804612287	98263228.85325025
22.10475247799543	101326521.5972107
22.136966909868	104485538.9959896
22.16918134174056	107743277.8496131
22.20139577361313	111102831.5157483
22.23361020548569	114567388.1225352
22.26582463735825	118140236.0774684
22.29803906923082	121824767.5050848
22.33025350110338	125624480.9577983
22.36246793297595	129542984.3797312
22.39468236484851	133583999.5087516
22.42689679672107	137751364.4614359
22.45911122859364	142049038.0159599
22.4913256604662	146481104.0785447
22.52354009233877	151051771.9760337
22.55575452421133	155765385.4805634
22.58796895608389	160626425.322409
22.62018338795646	165639511.6892057
22.65239781982902	170809409.373999
22.68461225170159	176141034.257817
22.71682668357415	181639454.2663824
22.74904111544672	187309899.9049417
22.78125554731928	193157763.2313658
22.81346997919184	199188606.5165619
22.84568441106441	205408166.2596829
22.87789884293697	211822360.1203282
22.91011327480954	218437291.6933636
22.9423277066821	225259253.6086889
22.97454213855466	232294739.0728315
23.00675657042723	239550444.4367021
23.03897100229979	247033279.5776909
23.07118543417236	254750362.5956827
23.10339986604492	262709043.3518637
23.13561429791748	270916900.2025717
23.16782872979005	279381749.6914989
23.20004316166261	288111653.9086093
23.23225759353518	297114928.1384835
23.26447202540774	306400149.4431007
23.29668645728031	315976163.3381799
23.32890088915287	325852097.9704629
23.36111532102543	336037358.5730149
23.393329752898	346541655.252289
23.42554418477056	357375001.049597
23.45775861664313	368547722.3681383
23.48997304851569	380070470.2254695
23.52218748038825	391954231.3959352
23.55440191226082	404210337.6489966
23.58661634413338	416850477.7912266
23.61883077600595	429886705.9879283
23.65104520787851	443331461.4159412
23.68325963975107	457197563.6296602
23.71547407162364	471498243.4528265
23.7476885034962	486247149.1494623
23.77990293536877	501458355.1377776
23.81211736724133	517146376.0780838
23.8443317991139	533326186.1168737
23.87654623098646	550013231.8080868
23.90876066285902	567223441.7252688
23.94097509473159	584973250.9799201
23.97318952660415	603279602.0407439
24.00540395847672	622159979.804641
24.03761839034928	641632437.0287594
24.06983282222184	661715530.6123012
24.10204725409441	682428464.9022837
24.13426168596697	703791027.9833037
24.16647611783954	725823630.5838851
24.1986905497121	748547326.064698
24.23090498158466	771983828.8929586
24.26311941345723	796155542.6456234
24.29533384532979	821085561.7023259
24.32754827720236	846797740.1649296
24.35976270907492	873316625.6013017
24.39197714094749	900667594.5550989
24.42419157282005	928876796.6001865
24.45640600469261	957971208.449826
24.48862043656518	987978656.2913213
24.52083486843774	1018927842.621263
24.55304930031031	1050848372.174175
24.58526373218287	1083770786.790058
24.61747816405543	1117726579.400761
24.649692595928	1152748264.532397
24.68190702780056	1188869676.772949
24.71412145967313	1226124589.009835
24.74633589154569	1264549132.868038
24.77855032341825	1304180076.419199
24.81076475529082	1345055357.801296
24.84297918716338	1387214108.213041
24.87519361903595	1430696694.907529
24.90740805090851	1475544758.056693
24.93962248278108	1521801264.693538
24.97183691465364	1569510753.674099
25.0040513465262	1618718052.865713
25.03626577839877	1669471326.759718
25.06848021027133	1721818747.189798
25.1006946421439	1775810497.323398
25.13290907401646	1831498322.378387
25.16512350588902	1888935593.262676
25.19733793776159	1948177360.896472
25.22955236963415	2009280411.357426
25.26176680150672	2072303315.463328
25.29398123337928	2137306936.590015
25.32619566525184	2204352414.06789
25.35841009712441	2273505066.557028
25.39062452899697	2344830909.726037
25.42283896086954	2418398355.735482
25.4550533927421	2494277967.561775
25.48726782461467	2572542531.30821
25.51948225648723	2653267127.239665
25.55169668835979	2736529202.510947
25.58391112023236	2822408647.179235
25.61612555210492	2910988335.692025
25.64833998397749	3002351945.953737
25.68055441585005	3096588423.961865
25.71276884772261	3193787788.93399
25.74498327959518	3294043358.086691
25.77719771146774	3397451380.651514
25.80941214334031	3504111135.266423
25.84162657521287	3614108112.462514
25.87384100708543	3727583277.668618
25.906055438958	3844628749.666791
25.93826987083056	3965356908.576924
25.97048430270313	4089861693.700644
26.00269873457569	4218335983.363204
26.03491316644826	4350816576.848584
26.06712759832082	4487468311.98135
26.09934203019338	4628419111.641109
26.13155646206595	4773803192.350497
26.16377089393851	4923842893.67755
26.19598532581108	5078508579.318964
26.22819975768364	5238028586.743622
26.2604141895562	5402554554.90143
26.29262862142877	5572234503.790952
26.32484305330133	5747262801.843889
26.3570574851739	5927762773.690741
26.38927191704646	6113929852.880577
26.42148634891903	6305939899.130409
26.45370078079159	6503976989.649524
26.48591521266415	6708077557.838248
26.51812964453672	6918752441.056673
26.55034407640928	7136059635.960293
26.58255850828185	7360210101.379639
26.61477294015441	7591414498.30938
26.64698737202697	7829949121.081271
26.67920180389954	8075935291.035953
26.7114162357721	8329698897.331074
26.74363066764467	8591463480.910578
26.77584509951723	8861480856.693796
26.80805953138979	9140191642.5562
26.84027396326236	9427456803.36948
26.87248839513492	9723812392.86025
26.90470282700749	10029497797.38569
26.93691725888005	10344807679.22024
26.96913169075262	10670029161.33508
27.00134612262518	11005526853.47869
27.03356055449774	11351552717.89947
27.06577498637031	11708477718.94031
27.09798941824287	12076641084.01756
27.13020385011544	12456398351.32486
27.162418281988	12848070535.88605
27.19463271386056	13252180003.42475
27.22684714573313	13668614775.94941
27.25906157760569	14098738572.55565
27.29127600947826	14542182199.80635
27.32349044135082	14999586804.81041
27.35570487322338	15471431011.10296
27.38791930509595	15958120929.84769
27.42013373696851	16460148402.98743
27.45234816884108	16977987655.6976
27.48456260071364	17512047469.60643
27.51677703258621	18063816544.05073
27.54899146445877	18631943607.89746
27.58120589633133	19217837844.90597
27.6134203282039	19822718213.31402
27.64563476007646	20446592210.59687
27.67784919194903	21090130313.91909
27.71006362382159	21754004457.8025
27.74227805569415	22438777541.40668
27.77449248756672	23145175982.43637
27.80670691943928	23873924083.84446
27.83892135131185	24597404147.97315
27.87113578318441	25400641546.58934
27.90335021505697	26201292260.62422
27.93556464692954	27025437113.48383
27.9677790788021	27876549732.1375
27.99999351067467	28754379789.65082
28.03220794254723	29659887025.09958
28.0644223744198	30593900563.38289
28.09663680629236	31557453626.72956
28.12885123816492	32551326607.03127
28.16106567003749	33576555188.06593
28.19328010191005	34632455043.08875
28.22549453378262	35725421536.87695
28.25770896565518	36850907098.03011
28.28992339752774	38011235116.63976
28.32213782940031	39208884351.30267
28.35435226127287	40444192220.83907
28.38656669314544	41718507918.31423
28.418781125018	43033112092.85148
28.45099555689056	44389068938.63286
28.48320998876313	45802973627.3964
28.51542442063569	47228984617.5449
28.54763885250826	48689942618.26936
28.57985328438082	50254548587.10211
28.61206771625339	51838163704.19594
28.64428214812595	53471549181.15251
28.67649657999851	55157072562.71923
28.70871101187108	56895322844.30699
28.74092544374364	58690576885.10554
28.77313987561621	60539843569.99822
28.80535430748877	62448439611.79346
28.83756873936133	64420222517.33745
28.8697831712339	66446541598.82828
28.90199760310646	68541408708.27692
28.93421203497903	70701157458.00296
28.96642646685159	72932495176.17963
28.99864089872415	75232450563.2384
29.03085533059672	77604990628.76755
29.06306976246928	80051504366.40045
29.09528419434185	82578661472.82056
29.12749862621441	85181263692.58836
29.15971305808698	87867995864.94186
29.19192748995954	90640570980.67749
29.2241419218321	93497609473.51537
29.25635635370467	96458795361.77596
29.28857078557723	99487616591.21042
29.3207852174498	102626403129.4734
29.35299964932236	105865269368.5567
29.38521408119492	109205698852.6721
29.41742851306749	112649931122.0594
29.44964294494005	116204054768.4033
29.48185737681262	119872467604.0311
29.51407180868518	123654621134.2269
29.54628624055774	127556559868.4335
29.57850067243031	131586462294.8753
29.61071510430287	135733760066.0415
29.64292953617544	140012018345.0734
29.675143968048	144435820772.0753
29.70735839992057	148993164350.7138
29.73957283179313	153696763111.7139
29.77178726366569	158548995041.3671
29.80400169553826	163558217025.9263
29.83621612741082	168712679596.9896
29.86843055928339	174041734207.2878
29.90064499115595	179535569118.2972
29.93285942302851	185203600883.9424
29.96507385490108	191055405861.0761
29.99728828677364	197088519042.8134
30.02950271864621	203300062020.675
30.06171715051877	209722045468.7684
30.09393158239133	216343999379.8247
30.1261460142639	223172567152.27
30.15836044613646	230224940227.5715
30.19057487800903	237493485159.0183
30.22278930988159	244992023986.5997
30.25500374175416	252730688253.2434
30.28721817362672	260711872016.3839
30.31943260549928	268945860799.0951
30.35164703737185	277443819507.3387
30.38386146924441	286206742762.6924
30.41607590111698	295236660365.2062
30.44829033298954	304565235218.0303
30.4805047648621	314185834052.1448
30.51271919673467	324112167449.4525
30.54493362860723	334352793349.508
30.5771480604798	344912040417.4943
30.60936249235236	355806474816.9631
30.64157692422492	367044418526.4255
30.67379135609749	378626068400.1371
30.70600578797005	391292575558.6135
30.73822021984262	402989305989.9486
30.77043465171518	415714987631.5367
30.80264908358775	428830737025.594
30.83486351546031	442369326126.1078
30.86707794733287	456352711906.522
30.89929237920544	470778870907.859
30.931506811078	485658610039.9341
30.96372124295057	501005898789.5054
30.99593567482313	516845258795.7864
31.02815010669569	533179433152.9744
31.06036453856826	550026474469.1396
31.09257897044082	567724281881.8044
31.12479340231339	585385189428.5023
31.15700783418595	603880162401.1202
31.18922226605851	622976098512.6869
31.22143669793108	642639626454.4136
31.25365112980364	662958899233.4882
31.28586556167621	683921375433.6377
31.31807999354877	705543526397.5945
31.35029442542134	727848413235.8446
31.3825088572939	750857662202.8667
31.41472328916646	774594911126.0632
31.44693772103903	799073563963.3617
31.47915215291159	824160900678.8873
31.51136658478416	850383398972.7085
31.54358101665672	877242340885.9111
31.57579544852928	904974521819.1401
31.60800988040185	933578125046.9625
31.64022431227441	963081791235.1967
31.67243874414698	993546682074.9933
31.70465317601954	1024972562676.021
31.7368676078921	1057392201870.16
31.76908203976467	1090837903941.867
31.80129647163723	1125345709682.917
31.8335109035098	1160938768273.157
31.86572533538236	1197604172220.759
31.89793976725493	1235631671021.561
31.93015419912749	1274644968294.466
31.96236863100005	1314959604061.788
31.99458306287262	1356566505629.268
32.02679749474518	1399481475672.112
32.05901192661774	1443770540901.75
32.0912263584903	1489468147778.648
32.12344079036286	1536619180279.664
32.15565522223542	1585265765544.666
32.18786965410798	1635453664995.486
32.22008408598055	1687232889406.375
0
1000	1.0219978922	100000000000000.1
5	0	0	1
5	0	0	0
0.03786664528905326	-0.0003273460503774141
0.07008107716161713	-0.0002577275298819173
0.102295509034181	-0.0001665897411394956
0.1345099409067449	-5.975042241420353e-05
0.1667243727793087	-0
0.1989388046518726	-0
0.2311532365244365	-0
0.2633676683970003	-0
0.2955821002695642	-0
0.3277965321421281	-0
0.360010964014692	-0
0.3922253958872559	-0
0.4244398277598198	-0
0.4566542596323837	-0
0.4888686915049476	-0.0001245847137921088
0.5210831233775115	-0.0006566950392583586
0.5532975552500754	-0.001280711315561224
0.5855119871226393	-0.001993003695962637
0.6177264189952032	-0.002789149042764077
0.6499408508677671	-0.003790791112757858
0.682155282740331	-0.004729082545363889
0.7143697146128949	-0.005724494670277891
0.7465841464854588	-0.006771684626724434
0.7787985783580227	-0.007865266063656531
0.8110130102305866	-0.008999825939595371
0.8432274421031505	-0.01016993904413849
0.8754418739757144	-0.01137018047839943
0.9076563058482783	-0.01259513630962217
0.9398707377208422	-0.01383941259505621
0.9720851695934061	-0.01509764295174534
1.00429960146597	-0.01653389581443314
1.036514033338534	-0.01778007399309149
1.068728465211098	-0.01901206451896102
1.100942897083662	-0.02022693956816405
1.133157328956226	-0.02142230380821854
1.165371760828789	-0.0225962496464632
1.197586192701353	-0.02374731613804375
1.229800624573917	-0.02487445126545117
1.262015056446481	-0.02597697732327312
1.294229488319045	-0.02705455916200435
1.326443920191609	-0.02805222220485108
1.358658352064173	-0.02908674486039592
1.390872783936737	-0.03010117710595967
1.423087215809301	-0.03109561840037593
1.455301647681865	-0.03207022245309448
1.487516079554428	-0.0330251921496329
1.519730511426992	-0.03396077491404124
1.551944943299556	-0.03487725847245413
1.58415937517212	-0.03577496698466837
1.616373807044684	-0.03665425751332636
1.648588238917248	-0.03750733453527445
1.680802670789812	-0.03835179276426257
1.713017102662376	-0.03917969330448622
1.74523153453494	-0.0399914055943961
1.777445966407504	-0.04078729284051777
1.809660398280067	-0.04156771188322127
1.841874830152631	-0.0423330131020464
1.874089262025195	-0.04308354035565436
1.906303693897759	-0.04381963095202107
1.938518125770323	-0.0445416156449763
1.970732557642887	-0.04524897655635283
2.002946989515451	-0.0459437894255376
2.035161421388014	-0.04662551418313786
2.067375853260578	-0.04729444660218256
2.099590285133142	-0.04795087360660538
2.131804717005705	-0.04859507358299582
2.164019148878269	-0.0492273166818762
2.196233580750833	-0.04984786510873269
2.228448012623396	-0.05045697340503624
2.26066244449596	-0.05105488871951306
2.292876876368524	-0.05164125689315381
2.325091308241087	-0.05221761079693675
2.357305740113651	-0.05278348988829327
2.389520171986215	-0.05333910478177416
2.421734603858778	-0.05388466139085961
2.453949035731342	-0.0544203606993101
2.486163467603906	-0.05494639869842964
2.518377899476469	-0.05546296641467168
2.550592331349033	-0.05597024998773686
2.582806763221597	-0.05646843077714198
2.61502119509416	-0.05695758842755258
2.647235626966724	-0.05743817029644466
2.679450058839288	-0.05791009380515924
2.711664490711851	-0.05837359549360392
2.743878922584415	-0.05882883431943325
2.776093354456979	-0.05927596525829867
2.808307786329542	-0.05971513939683738
2.840522218202106	-0.06014650401394803
2.87273665007467	-0.06057020264839175
2.904951081947234	-0.06098637515006293
2.937165513819797	-0.06139536332982173
2.969379945692361	-0.06179629500734657
3.001594377564925	-0.06219072551327687
3.033808809437488	-0.0625781760851795
3.066023241310052	-0.0629587613023888
3.098237673182616	-0.06333259081969199
3.130452105055179	-0.06369976954208112
3.162666536927743	-0.06406039779031987
3.194880968800307	-0.06441457145769736
3.22709540067287	-0.06476238215830525
3.259309832545434	-0.06510398217924833
3.291524264417998	-0.06543832978166236
3.323738696290561	-0.06576763659828176
3.355953128163125	-0.06609097918025571
3.388167560035689	-0.06640842097542203
3.420381991908252	-0.06672001875890743
3.452596423780816	-0.06702582289772452
3.48481085565338	-0.06732587760262577
3.517025287525943	-0.06762022116789894
3.549239719398507	-0.06790888619975181
3.581454151271071	-0.06819193270422684
3.613668583143634	-0.06846911891629577
3.645883015016198	-0.06874089803890887
3.678097446888762	-0.06900708936518937
3.710311878761325	-0.06926769888152574
3.742526310633889	-0.06952272750799408
3.774740742506453	-0.06977217129093984
3.806955174379016	-0.07001602158687292
3.83916960625158	-0.07025426523813072
3.871384038124144	-0.07048688474073653
3.903598469996707	-0.0707138775216548
3.935812901869271	-0.07093642513680878
3.968027333741835	-0.07115196046623788
4.000241765614398	-0.07136165892041253
4.032456197486963	-0.07156549319974091
4.064670629359527	-0.07176343707205722
4.096885061232091	-0.07195546533395787
4.129099493104655	-0.0721415537740825
4.161313924977219	-0.07232167913824386
4.193528356849783	-0.07249581909630362
4.225742788722347	-0.07266396404044219
4.257957220594911	-0.07282606862763361
4.290171652467476	-0.07298337398806079
4.32238608434004	-0.0731332170576362
4.354600516212604	-0.07327687773627209
4.386814948085168	-0.07341435208750464
4.419029379957732	-0.07354564148886718
4.451243811830296	-0.07367075245774586
4.48345824370286	-0.07378969648445327
4.515672675575424	-0.0739024898721687
4.547887107447989	-0.07400916111561177
4.580101539320553	-0.07410971990398806
4.612315971193117	-0.07420394864385325
4.644530403065681	-0.0742924165336102
4.676744834938245	-0.07437490201576689
4.708959266810809	-0.07445144494731315
4.741173698683373	-0.07452208814480708
4.773388130555937	-0.0745868772963484
4.805602562428501	-0.07464586087691992
4.837816994301066	-0.07469909006693828
4.87003142617363	-0.07474662350853374
4.902245858046194	-0.07478850742159007
4.934460289918758	-0.07482405680529487
4.966674721791322	-0.07485488927399442
4.998889153663886	-0.07488032065369823
5.03110358553645	-0.07490041045147601
5.063318017409014	-0.07491521767638459
5.095532449281579	-0.07492480085767779
5.127746881154143	-0.07492921806232111
5.159961313026707	-0.07492852691184289
5.192175744899271	-0.07492278767949462
5.224390176771835	-0.07491205067933099
5.256604608644399	-0.07489666342287178
5.288819040516963	-0.0748760886867386
5.321033472389527	-0.07485066413468636
5.353247904262092	-0.07482044730528879
5.385462336134656	-0.07478549645868174
5.41767676800722	-0.07474587055936407
5.449891199879784	-0.07470162925953039
5.482105631752348	-0.07465283288290507
5.514320063624912	-0.0745995443305813
5.546534495497476	-0.0745418211894206
5.57874892737004	-0.07447972766215426
5.610963359242604	-0.07441368612555345
5.643177791115169	-0.07434299479249466
5.675392222987733	-0.07426809535609252
5.707606654860297	-0.07418905640473471
5.739821086732861	-0.07410594844050099
5.772035518605425	-0.07401884383150623
5.804249950477989	-0.07392781676569021
5.836464382350553	-0.07383294435865112
5.868678814223117	-0.07373430188479149
5.900893246095682	-0.07363196990265378
5.933107677968246	-0.07352569935679064
5.96532210984081	-0.07341626900067783
5.997536541713374	-0.07330342313814969
6.029750973585938	-0.07318724426780726
6.061965405458502	-0.07306781515690124
6.094179837331066	-0.07294521883597951
6.12639426920363	-0.07281953859365033
6.158608701076195	-0.07269085861886133
6.190823132948759	-0.07255926134153588
6.223037564821323	-0.07242483145425001
6.255251996693887	-0.07228728526884405
6.287466428566451	-0.07214747615422881
6.319680860439015	-0.07200511729264915
6.351895292311579	-0.07186029036992085
6.384109724184143	-0.07171307592569309
6.416324156056707	-0.07156355338090915
6.448538587929272	-0.07141180106445437
6.480753019801836	-0.07125789656120944
6.5129674516744	-0.07110191541613788
6.545181883546964	-0.07094393316275278
6.577396315419528	-0.07078393143844192
6.609610747292092	-0.07062217519359898
6.641825179164656	-0.07045864505816307
6.67403961103722	-0.07029341166638546
6.706254042909785	-0.07012654440438082
6.738468474782349	-0.06995811143821967
6.770682906654913	-0.06978817974124205
6.802897338527477	-0.06961681524023339
6.835111770400041	-0.06944408235080965
6.867326202272605	-0.06927004474660595
6.899540634145169	-0.06909471376894097
6.931755066017733	-0.06891825572878375
6.963969497890298	-0.06874068134902975
6.996183929762862	-0.0685620495972572
7.028398361635426	-0.06838241825136407
7.06061279350799	-0.0682018439249604
7.092827225380554	-0.06802038209209418
7.125041657253118	-0.0678380871109009
7.157256089125682	-0.06765501224883741
7.189470520998246	-0.06747120970284108
7.22168495287081	-0.06728673062338514
7.253899384743375	-0.06710154852883775
7.286113816615939	-0.06691587499710797
7.318328248488503	-0.06672967836531761
7.350542680361067	-0.06654300501370757
7.382757112233631	-0.06635590008707058
7.414971544106195	-0.06616840751978513
7.447185975978759	-0.06598056999412948
7.479400407851323	-0.06579242923511155
7.511614839723888	-0.06560402562257008
7.543829271596452	-0.06541539848671254
7.576043703469016	-0.06522655225426829
7.60825813534158	-0.06503759512161024
7.640472567214144	-0.06484852866564896
7.672686999086708	-0.0646593876499466
7.704901430959272	-0.06447020569926463
7.737115862831836	-0.06428101532166609
7.769330294704401	-0.06409184783310029
7.801544726576965	-0.06390273377613902
7.833759158449529	-0.06371370233734629
7.865973590322093	-0.06352478176771245
7.898188022194657	-0.06333601595541022
7.930402454067221	-0.06314739647428357
7.962616885939785	-0.06295896527063322
7.994831317812349	-0.06277074679276086
8.027045749684913	-0.06258276461175533
8.059260181557477	-0.06239504143782736
8.091474613430041	-0.06220759902970133
8.123689045302605	-0.06202045864713225
8.155903477175169	-0.06183364040347106
8.188117909047733	-0.06164716372035271
8.220332340920297	-0.06146107639912832
8.252546772792861	-0.06127533612590366
8.284761204665426	-0.06108998866053127
8.31697563653799	-0.06090505058858493
8.349190068410554	-0.06072053787564061
8.381404500283118	-0.06053646587837006
8.413618932155682	-0.06035284925153726
8.445833364028246	-0.0601697023843444
8.47804779590081	-0.05998703876515106
8.510262227773374	-0.05980487142007441
8.542476659645938	-0.05962321281792603
8.574691091518503	-0.05944209422549099
8.606905523391067	-0.05926148575848642
8.639119955263631	-0.05908141866649309
8.671334387136195	-0.05890190349579948
8.703548819008759	-0.05872295035723541
8.735763250881323	-0.05854456883892023
8.767977682753887	-0.05836676840185012
8.800192114626451	-0.05818955779825993
8.832406546499016	-0.0580129454693027
8.86462097837158	-0.05783693945617492
8.896835410244144	-0.05766155834635237
8.929049842116708	-0.0574867862855532
8.961264273989272	-0.05731264146242612
8.993478705861836	-0.05713913049250268
9.0256931377344	-0.05696625966572934
9.057907569606964	-0.05679403486899574
9.090122001479529	-0.05662246193104878
9.122336433352093	-0.05645154611268027
9.154550865224657	-0.05628129245345564
9.186765297097221	-0.05611170569295841
9.218979728969785	-0.05594279772096888
9.251194160842349	-0.05577455710354203
9.283408592714913	-0.05560699525641168
9.315623024587477	-0.05544011583345387
9.347837456460041	-0.05527392224041879
9.380051888332606	-0.0551084175684288
9.41226632020517	-0.05494360488670574
9.444480752077734	-0.05477948680847425
9.476695183950298	-0.05461606578520198
9.508909615822862	-0.05445334403908936
9.541124047695426	-0.05429133041148822
9.57333847956799	-0.05413001247458041
9.605552911440554	-0.05396939858914764
9.637767343313119	-0.05380949015041638
9.669981775185683	-0.05365028836770799
9.702196207058247	-0.05349179420853691
9.734410638930811	-0.05333400864234007
9.766625070803375	-0.05317693227803868
9.798839502675939	-0.0530205656090021
9.831053934548503	-0.05286490895636402
9.863268366421067	-0.05270996927687396
9.895482798293632	-0.05255573256029065
9.927697230166196	-0.05240220526122463
9.95991166203876	-0.05224938708599901
9.992126093911324	-0.05209727760717643
10.02434052578389	-0.05194587621721591
10.05655495765645	-0.05179518232858199
10.08876938952902	-0.05164519507532934
10.12098382140158	-0.05149591351420479
10.15319825327414	-0.05134733657770764
10.18541268514671	-0.05119946307593481
10.21762711701927	-0.05105229785428848
10.24984154889184	-0.05090582639879684
10.2820559807644	-0.05076005360366956
10.31427041263697	-0.05061497787144006
10.34648484450953	-0.05047059747553252
10.37869927638209	-0.05032691072301992
10.41091370825466	-0.0501839157111752
10.44312814012722	-0.05004161049102154
10.47534257199979	-0.04989999302880527
10.50755700387235	-0.04975906120721751
10.53977143574491	-0.04961888619766971
10.57198586761748	-0.04947931121924844
10.60420029949004	-0.04934040918523264
10.63641473136261	-0.04920217834725474
10.66862916323517	-0.04906461712954754
10.70084359510773	-0.0489277242568447
10.7330580269803	-0.04879149855316183
10.76527245885286	-0.04865593907045432
10.79748689072543	-0.04852104505359974
10.82970132259799	-0.04838681593765237
10.86191575447056	-0.04825301729366284
10.89413018634312	-0.04812013730488244
10.92634461821568	-0.0479879404551987
10.95855905008825	-0.047856424931302
10.99077348196081	-0.04772558817737859
11.02298791383338	-0.04759542701064836
11.05520234570594	-0.04746593747121127
11.0874167775785	-0.04733711493776799
11.11963120945107	-0.04720895411112859
11.15184564132363	-0.04708144902355337
11.1840600731962	-0.04695490491855863
11.21627450506876	-0.04682866957315032
11.24848893694132	-0.04670304284155554
11.28070336881389	-0.04657801853205969
11.31291780068645	-0.04645359099486608
11.34513223255902	-0.04632975519973263
11.37734666443158	-0.04620650659922697
11.40956109630415	-0.04608384120701033
11.44177552817671	-0.0459617555695752
11.47398996004927	-0.04584024675909119
11.50620439192184	-0.04571914381319038
11.5384188237944	-0.04559879031221714
11.57063325566697	-0.04547902175703845
11.60284768753953	-0.0453598361239071
11.63506211941209	-0.04524123122229468
11.66727655128466	-0.04512320476564434
11.69949098315722	-0.04500575426909943
11.73170541502979	-0.04488887712050812
11.76391984690235	-0.04477257056538429
11.79613427877491	-0.04465683170876568
11.82834871064748	-0.04454165751704217
11.86056314252004	-0.04442694113739066
11.89277757439261	-0.0443128988791991
11.92499200626517	-0.04419941962543684
11.95720643813774	-0.04408649875554657
11.9894208700103	-0.04397413115725383
12.02163530188286	-0.04386231114910955
12.05384973375543	-0.04375103254311758
12.08606416562799	-0.0436402886376848
12.11827859750056	-0.0435300722241602
12.15049302937312	-0.04342037559327486
12.18270746124568	-0.04331172233255846
12.21492189311825	-0.04320298772456051
12.24713632499081	-0.04309470422160958
12.27935075686338	-0.04298686695403799
12.31156518873594	-0.0428794726662412
12.3437796206085	-0.04277251962821673
12.37599405248107	-0.04266600766162851
12.40820848435363	-0.04255993810947446
12.4404229162262	-0.0424543138171943
12.47263734809876	-0.04234913911405894
12.50485177997133	-0.04224366263479317
12.53706621184389	-0.04213946629098959
12.56928064371645	-0.04203580238768755
12.60149507558902	-0.04193267488436376
12.63370950746158	-0.04183008626400014
12.66592393933415	-0.04172803749572926
12.69813837120671	-0.04162652808985552
12.73035280307927	-0.04152555610663906
12.76256723495184	-0.04142511817386643
12.7947816668244	-0.041325209504166
12.82699609869697	-0.0412263056977094
12.85921053056953	-0.04112740612382491
12.89142496244209	-0.04102897386159848
12.92363939431466	-0.04093100208749414
12.95585382618722	-0.04083348450867205
12.98806825805979	-0.04073641531036717
13.02028268993235	-0.04063978918079813
13.05249712180492	-0.0405436012977317
13.08471155367748	-0.04044784732269219
13.11692598555004	-0.04035252339525233
13.14914041742261	-0.04025762612740533
13.18135484929517	-0.04016304415793794
13.21356928116774	-0.0400690061106572
13.2457837130403	-0.03997539594978301
13.27799814491286	-0.03988221098380835
13.31021257678543	-0.03978944851997666
13.34242700865799	-0.03969710588865937
13.37464144053056	-0.03960518043713825
13.40685587240312	-0.03951366952941094
13.43907030427568	-0.03942257054599889
13.47128473614825	-0.03933188088375798
13.50349916802081	-0.03924159844775544
13.53571359989338	-0.03915171962824501
13.56792803176594	-0.03906224237206857
13.60014246363851	-0.03897316415528704
13.63235689551107	-0.0388844824549936
13.66457132738363	-0.03879619477068887
13.6967857592562	-0.03870829861880487
13.72900019112876	-0.03862079153251431
13.76121462300133	-0.03853367106154307
13.79342905487389	-0.0384469347719846
13.82564348674645	-0.03836058061186984
13.85785791861902	-0.03827460541445581
13.89007235049158	-0.03818900715958957
13.92228678236415	-0.03810378348881479
13.95450121423671	-0.03801893204775879
13.98671564610927	-0.03793445050288112
14.01893007798184	-0.03785033653714201
14.0511445098544	-0.0377665878498213
14.08335894172697	-0.03768320215633905
14.11557337359953	-0.03760017718807905
14.1477878054721	-0.03751751096244098
14.18000223734466	-0.03743520068205865
14.21221666921722	-0.03735324438938962
14.24443110108979	-0.0372716398879922
14.27664553296235	-0.03719038498576877
14.30885996483492	-0.03710947751040652
14.34107439670748	-0.03702891530538099
14.37328882858004	-0.03694869622978633
14.40550326045261	-0.03686881815816791
14.43771769232517	-0.03678927898035667
14.46993212419774	-0.0367102158228737
14.5021465560703	-0.03663134057007068
14.53436098794286	-0.03655278657015843
14.56657541981543	-0.0364745527292637
14.59878985168799	-0.03639663849261271
14.63100428356056	-0.03631904384994773
14.66321871543312	-0.0362417693270335
14.69543314730569	-0.03616481597998756
14.72764757917825	-0.03608818538968243
14.75986201105081	-0.03601187965621853
14.79207644292338	-0.03593590139346672
14.82429087479594	-0.03585973968006355
14.85650530666851	-0.03578448976650068
14.88871973854107	-0.03570961916522314
14.92093417041363	-0.03563512724823543
14.9531486022862	-0.03556101185243694
14.98536303415876	-0.03548726929256203
15.01757746603133	-0.0354138943769497
15.04979189790389	-0.03534088042311775
15.08200632977645	-0.03526821927314403
15.11422076164902	-0.03519590130885775
15.14643519352158	-0.03512466701520324
15.17864962539415	-0.0350529227417215
15.21086405726671	-0.03498142395623687
15.24307848913928	-0.03491016225233961
15.27529292101184	-0.03483913076331896
15.3075073528844	-0.03476832414441485
15.33972178475697	-0.03469773855737144
15.37193621662953	-0.03462737165517932
15.4041506485021	-0.03455722256700168
15.43636508037466	-0.03448729188328407
15.46857951224722	-0.03441709538208063
15.50079394411979	-0.03434765028287772
15.53300837599235	-0.03427847323051043
15.56522280786492	-0.03420956650406349
15.59743723973748	-0.03414093189763426
15.62965167161004	-0.03407257072334139
15.66186610348261	-0.03400448381612026
15.69408053535517	-0.03393667153846065
15.72629496722774	-0.03386913378508838
15.7585093991003	-0.03380186998759171
15.79072383097287	-0.03373499680156356
15.82293826284543	-0.03366826958665837
15.85515269471799	-0.03360180231102076
15.88736712659056	-0.03353559346175157
15.91958155846312	-0.03346964153900221
15.95179599033569	-0.03340394505403616
15.98401042220825	-0.03333850252912118
16.01622485408081	-0.03327331249742315
16.04843928595338	-0.03320837350290022
16.08065371782594	-0.03314368410019911
16.11286814969851	-0.03307924289566022
16.14508258157107	-0.03301504837974744
16.17729701344363	-0.0329510991804903
16.2095114453162	-0.03288739389346027
16.24172587718876	-0.03282393112563993
16.27394030906133	-0.03276070949425215
16.30615474093389	-0.03269772762666285
16.33836917280646	-0.03263498416028444
16.37058360467902	-0.03257247774248076
16.40279803655158	-0.03251020703047283
16.43501246842415	-0.03244817069124545
16.46722690029671	-0.03238636742812099
16.49944133216928	-0.03232479587085015
16.53165576404184	-0.03226345474285878
16.5638701959144	-0.03220234274953834
16.59608462778697	-0.03214145860569869
16.62829905965953	-0.03208080103548028
16.6605134915321	-0.03202036877226728
16.69272792340466	-0.0319601605586016
16.72494235527722	-0.03190017514609811
16.75715678714979	-0.03184041129536037
16.78937121902235	-0.03178086779741222
16.82158565089492	-0.03172154338547233
16.85380008276748	-0.03166243686848526
16.88601451464005	-0.03160354704237722
16.91822894651261	-0.03154487271174046
16.95044337838517	-0.0314864126897536
16.98265781025774	-0.03142816579810313
17.0148722421303	-0.03137013086690563
17.04708667400287	-0.03131230673463097
17.07930110587543	-0.03125469224802618
17.11151553774799	-0.03119728627452769
17.14372996962056	-0.03114008765131497
17.17594440149312	-0.03108309526192261
17.20815883336569	-0.03102630798555429
17.24037326523825	-0.0309697247093706
17.27258769711081	-0.03091334432841731
17.30480212898338	-0.03085716574555491
17.33701656085594	-0.03080118787138856
17.36923099272851	-0.03074540962419887
17.40144542460107	-0.03068982992987361
17.43365985647364	-0.03063444773783662
17.4658742883462	-0.03057926195588751
17.49808872021876	-0.03052427154812228
17.53030315209133	-0.03046947547031128
17.56251758396389	-0.03041487268556243
17.59473201583646	-0.03036046216425643
17.62694644770902	-0.03030624288398209
17.65916087958158	-0.03025221382947262
17.69137531145415	-0.03019837399254255
17.72358974332671	-0.03014472237202542
17.75580417519928	-0.0300912579655224
17.78801860707184	-0.03003797981094391
17.82023303894441	-0.02998488690233481
17.85244747081697	-0.02993197827438984
17.88466190268953	-0.02987925296009415
17.9168763345621	-0.02982670999909086
17.94909076643466	-0.02977434843762359
17.98130519830723	-0.02972216732847943
18.01351963017979	-0.02967016573093293
18.04573406205235	-0.02961834271069023
18.07794849392492	-0.02956669734477306
18.11016292579748	-0.02951522870722667
18.14237735767005	-0.02946393587510006
18.17459178954261	-0.0294128179454846
18.20680622141517	-0.02936187401555375
18.23902065328774	-0.02931110318863307
18.2712350851603	-0.02926050457414774
18.30344951703287	-0.02921007728757035
18.33566394890543	-0.02915982045036973
18.367878380778	-0.02910973318995953
18.40009281265056	-0.02905981463910553
18.43230724452312	-0.02901006394250974
18.46452167639569	-0.02896048023534857
18.49673610826825	-0.02891106267276562
18.52895054014082	-0.02886181041118284
18.56116497201338	-0.02881272261268697
18.59337940388594	-0.02876379844498209
18.62559383575851	-0.02871503708134218
18.65780826763107	-0.02866643770056482
18.69002269950364	-0.02861799948692495
18.7222371313762	-0.02856972161959379
18.75445156324876	-0.0285216033189616
18.78666599512133	-0.02847364376810018
18.81888042699389	-0.02842584217584876
18.85109485886646	-0.02837819775307135
18.88330929073902	-0.02833070971581238
18.91552372261159	-0.02828337728525501
18.94773815448415	-0.02823619968767902
18.97995258635671	-0.02818917615441971
19.01216701822928	-0.02814230592182687
19.04438145010184	-0.02809558825129956
19.07659588197441	-0.02804902234944232
19.10881031384697	-0.02800260748281846
19.14102474571953	-0.02795634290993718
19.1732391775921	-0.0279102278919133
19.20545360946466	-0.02786426169472688
19.23766804133723	-0.02781844358918302
19.26988247320979	-0.02777277285087164
19.30209690508235	-0.02772724876012796
19.33431133695492	-0.0276818706019935
19.36652576882748	-0.02763663764008817
19.39874020070005	-0.02759154922336355
19.43095463257261	-0.02754660462605999
19.46316906444518	-0.02750180314785804
19.49538349631774	-0.02745714409813905
19.5275979281903	-0.02741262678893437
19.55981236006287	-0.02736825053662408
19.59202679193543	-0.02732401466190277
19.624241223808	-0.02727991848974638
19.65645565568056	-0.02723596134937892
19.68867008755312	-0.02719214258993272
19.72088451942569	-0.02714846151618132
19.75309895129825	-0.02710491748698972
19.78531338317082	-0.0270615098457921
19.81752781504338	-0.02701823794404948
19.84974224691594	-0.02697510113608395
19.88195667878851	-0.02693209878030761
19.91417111066107	-0.0268892302391904
19.94638554253364	-0.02684649487922804
19.9785999744062	-0.02680389207091039
20.01081440627877	-0.02676142120253673
20.04302883815133	-0.02671908162350084
20.07524327002389	-0.02667687273099819
20.10745770189646	-0.02663479390941483
20.13967213376902	-0.02659284454985393
20.17188656564159	-0.02655102404637409
20.20410099751415	-0.02650933179687113
20.23631542938671	-0.02646776720304696
20.26852986125928	-0.0264263296703791
20.30074429313184	-0.02638501860809078
20.33295872500441	-0.02634383339808316
20.36517315687697	-0.02630277352194921
20.39738758874953	-0.02626183836928985
20.4296020206221	-0.02622102736232281
20.46181645249466	-0.02618033992879126
20.49403088436723	-0.02613977549922799
20.52624531623979	-0.0260993335075902
20.55845974811236	-0.02605901339123409
20.59067417998492	-0.0260188145908901
20.62288861185748	-0.02597873655063837
20.65510304373005	-0.02593877871766195
20.68731747560261	-0.02589894054313105
20.71953190747518	-0.02585922148129563
20.75174633934774	-0.0258196209883834
20.7839607712203	-0.02578013852532959
20.81617520309287	-0.02574077355580373
20.84838963496543	-0.02570152554665884
20.880604066838	-0.02566239396790837
20.91281849871056	-0.0256233782927033
20.94503293058312	-0.02558447799730966
20.97724736245569	-0.02554569257547238
21.00946179432825	-0.02550702147951163
21.04167622620082	-0.02546846420942923
21.07389065807338	-0.02543002025421329
21.10610508994595	-0.02539168910483285
21.13831952181851	-0.02535347025639196
21.17053395369107	-0.02531536320665626
21.20274838556364	-0.02527736745638841
21.2349628174362	-0.02523948250932578
21.26717724930877	-0.02520170787215845
21.29939168118133	-0.02516404308885782
21.33160611305389	-0.0251264876000271
21.36382054492646	-0.02508904095581797
21.39603497679902	-0.02505170267510998
21.42824940867159	-0.02501447227897122
21.46046384054415	-0.02497734929222785
21.49267827241671	-0.02494033324238212
21.52489270428928	-0.02490342365984785
21.55710713616184	-0.02486662007792648
21.58932156803441	-0.02482992203278346
21.62153599990697	-0.02479332905165444
21.65375043177954	-0.02475684070101391
21.6859648636521	-0.02472045651357117
21.71817929552466	-0.02468417603678475
21.75039372739723	-0.0246479988202441
21.78260815926979	-0.02461192441679079
21.81482259114236	-0.02457595238174371
21.84703702301492	-0.02454008227306315
21.87925145488748	-0.0245043136513303
21.91146588676005	-0.02446864607972736
21.94368031863261	-0.02443307899787991
21.97589475050518	-0.02439761223778766
22.00810918237774	-0.02436224524339236
22.0403236142503	-0.02432697758708586
22.07253804612287	-0.02429180884282209
22.10475247799543	-0.02425673858691454
22.136966909868	-0.02422176639748704
22.16918134174056	-0.02418689185458892
22.20139577361313	-0.02415211454017959
22.23361020548569	-0.02411743403811408
22.26582463735825	-0.02408285025295402
22.29803906923082	-0.02404836210436476
22.33025350110338	-0.02401396950466411
22.36246793297595	-0.02397967204834756
22.39468236484851	-0.02394546933307833
22.42689679672107	-0.02391136095926228
22.45911122859364	-0.02387734653056113
22.4913256604662	-0.02384342565346319
22.52354009233877	-0.02380959793732788
22.55575452421133	-0.02377586299433761
22.58796895608389	-0.02374222006535756
22.62018338795646	-0.0237086695497617
22.65239781982902	-0.02367521069190878
22.68461225170159	-0.0236418431115763
22.71682668357415	-0.02360856642962353
22.74904111544672	-0.02357538026769144
22.78125554731928	-0.02354228424855155
22.81346997919184	-0.02350927799579986
22.84568441106441	-0.0234763611338741
22.87789884293697	-0.02344353328800495
22.91011327480954	-0.02341079490009256
22.9423277066821	-0.0233781438868477
22.97454213855466	-0.02334558070278859
23.00675657042723	-0.02331310498400116
23.03897100229979	-0.02328071637024489
23.07118543417236	-0.02324841450464583
23.10339986604492	-0.02321619903380631
23.13561429791748	-0.02318406960751788
23.16782872979005	-0.02315202587868442
23.20004316166261	-0.02312006750321383
23.23225759353518	-0.02308819391263432
23.26447202540774	-0.02305640524659967
23.29668645728031	-0.02302470093664101
23.32890088915287	-0.02299308064703047
23.36111532102543	-0.0229615440438583
23.393329752898	-0.02293009079492209
23.42554418477056	-0.02289872056986374
23.45775861664313	-0.02286743304005941
23.48997304851569	-0.02283622787863173
23.52218748038825	-0.02280510476043818
23.55440191226082	-0.02277406302417833
23.58661634413338	-0.02274310304991207
23.61883077600595	-0.02271222418378619
23.65104520787851	-0.02268142610569994
23.68325963975107	-0.02265070849562228
23.71547407162364	-0.0226200710334238
23.7476885034962	-0.02258951339879002
23.77990293536877	-0.02255903527102545
23.81211736724133	-0.0225286363288862
23.8443317991139	-0.02249831625038412
23.87654623098646	-0.02246807721811607
23.90876066285902	-0.02243791361789564
23.94097509473159	-0.02240782772262885
23.97318952660415	-0.02237781923524426
24.00540395847672	-0.02234788786249486
24.03761839034928	-0.0223180333144983
24.06983282222184	-0.02228825530436441
24.10204725409441	-0.02225855354790702
24.13426168596697	-0.02222892776339934
24.16647611783954	-0.02219937767137889
24.1986905497121	-0.02216990259526226
24.23090498158466	-0.02214050309260279
24.26311941345723	-0.02211117848969879
24.29533384532979	-0.02208192851221998
24.32754827720236	-0.02205275288610195
24.35976270907492	-0.02202365133733247
24.39197714094749	-0.02199462359173391
24.42419157282005	-0.0219656693745801
24.45640600469261	-0.02193678841021933
24.48862043656518	-0.02190798042152585
24.52083486843774	-0.02187927039075979
24.55304930031031	-0.02185060001221541
24.58526373218287	-0.02182200348440601
24.61747816405543	-0.02179347952197688
24.649692595928	-0.02176502745302085
24.68190702780056	-0.02173664682366733
24.71412145967313	-0.02170833727407316
24.74633589154569	-0.02168009849067508
24.77855032341825	-0.02165193018519393
24.81076475529082	-0.02162383208432466
24.84297918716338	-0.02159578959980799
24.87519361903595	-0.02156783789106529
24.90740805090851	-0.02153995226281621
24.93962248278108	-0.02151213452778486
24.97183691465364	-0.02148438505190696
25.0040513465262	-0.02145670383890074
25.03626577839877	-0.02142909076700749
25.06848021027133	-0.02140154566182118
25.1006946421439	-0.02137406832408442
25.13290907401646	-0.02134665854179853
25.16512350588902	-0.02131931461617345
25.19733793776159	-0.02129203950247559
25.22955236963415	-0.02126483135981081
25.26176680150672	-0.02123768994063033
25.29398123337928	-0.02121061499727182
25.32619566525184	-0.02118360628181609
25.35841009712441	-0.02115666354604345
25.39062452899697	-0.02112978654114577
25.42283896086954	-0.02110297501764555
25.4550533927421	-0.02107622872518222
25.48726782461467	-0.02104954739163927
25.51948225648723	-0.02102293080651311
25.55169668835979	-0.02099637869573748
25.58391112023236	-0.02096989080300399
25.61612555210492	-0.02094346686958206
25.64833998397749	-0.02091710663386788
25.68055441585005	-0.02089048187554295
25.71276884772261	-0.02086428547122946
25.74498327959518	-0.02083817826619573
25.77719771146774	-0.02081215685234104
25.80941214334031	-0.02078588207691826
25.84162657521287	-0.02076048315222914
25.87384100708543	-0.02073459913552471
25.906055438958	-0.02070883488039851
25.93826987083056	-0.02068313158182889
25.97048430270313	-0.02065747088873687
26.00269873457569	-0.02063314580061571
26.03491316644826	-0.02060740392494388
26.06712759832082	-0.02058155514565048
26.09934203019338	-0.02055559446028303
26.13155646206595	-0.02052952745831401
26.16377089393851	-0.02050334269943418
26.19598532581108	-0.02047705447651221
26.22819975768364	-0.02045067353966309
26.2604141895562	-0.02042421444387593
26.29262862142877	-0.02039769552615093
26.32484305330133	-0.02036919224825553
26.3570574851739	-0.02034277036708133
26.38927191704646	-0.02031652434688399
26.42148634891903	-0.02029047253972647
26.45370078079159	-0.0202646331301644
26.48591521266415	-0.02023900912323093
26.51812964453672	-0.02021361073547952
26.55034407640928	-0.02018844083783922
26.58255850828185	-0.02016349850643146
26.61477294015441	-0.02013877904846853
26.64698737202697	-0.02011555699279997
26.67920180389954	-0.0200911812414237
26.7114162357721	-0.02006688677626064
26.74363066764467	-0.02004266283531184
26.77584509951723	-0.02001850698850068
26.80805953138979	-0.01999439895295272
26.84027396326236	-0.01997033765599491
26.87248839513492	-0.01994631831830613
26.90470282700749	-0.01992233835805185
26.93691725888005	-0.01989839874781986
26.96913169075262	-0.01987450877246849
27.00134612262518	-0.01985040749915809
27.03356055449774	-0.019827211365768
27.06577498637031	-0.01980190132574426
27.09798941824287	-0.01977885350377336
27.13020385011544	-0.01975516411735287
27.162418281988	-0.0197315247347091
27.19463271386056	-0.01970793307291745
27.22684714573313	-0.0196843844285827
27.25906157760569	-0.01966086682766571
27.29127600947826	-0.0196373367217896
27.32349044135082	-0.01961340064417062
27.35570487322338	-0.0195917861166153
27.38791930509595	-0.01956796653775298
27.42013373696851	-0.01954437769853576
27.45234816884108	-0.01952124082155872
27.48456260071364	-0.01949816135998124
27.51677703258621	-0.01947514176399272
27.54899146445877	-0.01945218735071825
27.58120589633133	-0.0194293116895556
27.6134203282039	-0.01940656143931218
27.64563476007646	-0.01938426659023679
27.67784919194903	-0.01935885989305891
27.71006362382159	-0.01933743111586303
27.74227805569415	-0.01931530379041459
27.77449248756672	-0.019292651578063
27.80670691943928	-0.01927004478301302
27.83892135131185	-0.01924748182491994
27.87113578318441	-0.01922496015587426
27.90335021505697	-0.01920247527782731
27.93556464692954	-0.01918001825854729
27.9677790788021	-0.01915756815457829
27.99999351067467	-0.01913506083548626
28.03220794254723	-0.01911215590051819
28.0644223744198	-0.01909110406903822
28.09663680629236	-0.01906898968367553
28.12885123816492	-0.01904693512008585
28.16106567003749	-0.0190249463409637
28.19328010191005	-0.01900303609038049
28.22549453378262	-0.01898123686836085
28.25770896565518	-0.01895966216569775
28.28992339752774	-0.0189391669855285
28.32213782940031	-0.01891176568395067
28.35435226127287	-0.01889250341222182
28.38656669314544	-0.01887216212899746
28.418781125018	-0.0188504873078348
28.45099555689056	-0.01882884604540419
28.48320998876313	-0.01880722284403369
28.51542442063569	-0.01878554964840177
28.54763885250826	-0.01876215779123354
28.57985328438082	-0.01874341739582036
28.61206771625339	-0.01872177640415487
28.64428214812595	-0.01870035594519671
28.67649657999851	-0.01867901756099331
28.70871101187108	-0.01865705755272809
28.74092544374364	-0.0186358578460886
28.77313987561621	-0.01861471223297446
28.80535430748877	-0.01859362963512024
28.83756873936133	-0.01857267009906399
28.8697831712339	-0.01855106149578094
28.90199760310646	-0.01853042652918536
28.93421203497903	-0.01850955245760687
28.96642646685159	-0.01848870107817574
28.99864089872415	-0.01846788990767575
29.03085533059672	-0.01844845163550238
29.06306976246928	-0.01842916056592932
29.09528419434185	-0.01840304398828276
29.12749862621441	-0.01838464072588801
29.15971305808698	-0.01836443180544831
29.19192748995954	-0.0183440400845249
29.2241419218321	-0.01832361877241264
29.25635635370467	-0.01830320786113145
29.28857078557723	-0.01828282233778676
29.3207852174498	-0.01826246904073138
29.35299964932236	-0.01824203879240394
29.38521408119492	-0.01822178219654749
29.41742851306749	-0.01820156690310538
29.44964294494005	-0.01818139188734458
29.48185737681262	-0.01816125620951586
29.51407180868518	-0.01814115900588716
29.54628624055774	-0.01812109948088979
29.57850067243031	-0.01810107690021951
29.61071510430287	-0.01808109058472487
29.64292953617544	-0.0180611399051818
29.675143968048	-0.01804120897495392
29.70735839992057	-0.01802132931182337
29.73957283179313	-0.01800148490366592
29.77178726366569	-0.01798167512911566
29.80400169553826	-0.01796189934001763
29.83621612741082	-0.0179421568593666
29.86843055928339	-0.017922446979058
29.90064499115595	-0.01790276895743078
29.93285942302851	-0.01788312201654403
29.96507385490108	-0.01786350533937533
29.99728828677364	-0.01784388852326622
30.02950271864621	-0.01782433052651117
30.06171715051877	-0.01780480309854945
30.09393158239133	-0.01778530560119583
30.1261460142639	-0.01776583725281014
30.15836044613646	-0.01774639707914692
30.19057487800903	-0.01772698384254754
30.22278930988159	-0.01770759593745785
30.25500374175416	-0.01768823123197971
30.28721817362672	-0.01766888681984008
30.31943260549928	-0.01764991991416648
30.35164703737185	-0.01763067946299228
30.38386146924441	-0.01761142323098893
30.41607590111698	-0.01759209657640057
30.44829033298954	-0.01757254000245024
30.4805047648621	-0.01755200367564141
30.51271919673467	-0.01749221059568359
30.54493362860723	-0.01752128902305099
30.5771480604798	-0.0175004453711559
30.60936249235236	-0.01748100834609105
30.64157692422492	-0.01746026199885027
30.67379135609749	-0.01744182324866291
30.70600578797005	-0.01742341342590445
30.73822021984262	-0.01740502608038808
30.77043465171518	-0.01738665507541665
30.80264908358775	-0.01736829456378865
30.83486351546031	-0.01734993896584975
30.86707794733287	-0.01733158294938661
30.89929237920544	-0.01731322141118271
30.931506811078	-0.01729484946004336
30.96372124295057	-0.01727613402523137
30.99593567482313	-0.01725773878292843
31.02815010669569	-0.01723935189784484
31.06036453856826	-0.01722097273690102
31.09257897044082	-0.01720260043980201
31.12479340231339	-0.01718423380758419
31.15700783418595	-0.01716587111841941
31.18922226605851	-0.01714750980852546
31.22143669793108	-0.01712914588690836
31.25365112980364	-0.01711077278305048
31.28586556167621	-0.01708811327902432
31.31807999354877	-0.01706958169338919
31.35029442542134	-0.017051176141112
31.3825088572939	-0.01703288754928512
31.41472328916646	-0.01701470926335593
31.44693772103903	-0.01699663623917073
31.47915215291159	-0.01697866453937872
31.51136658478416	-0.01696079100832507
31.54358101665672	-0.0169430130557342
31.57579544852928	-0.01692532850894738
31.60800988040185	-0.01690773550963112
31.64022431227441	-0.01689023244008125
31.67243874414698	-0.01687281786967449
31.70465317601954	-0.01685549051531587
31.7368676078921	-0.01683824921178783
31.76908203976467	-0.01682109288922047
31.80129647163723	-0.01680402055576044
31.8335109035098	-0.01678703128408753
31.86572533538236	-0.01677012420081428
31.89793976725493	-0.01675329847807134
31.93015419912749	-0.01673655332676775
31.96236863100005	-0.01671988799114668
31.99458306287262	-0.01670330174435354
32.02679749474518	-0.01668679388480049
32.05901192661774	-0.01667036373316406
32.0912263584903	-0.01665401062988856
32.12344079036286	-0.01663773393309712
32.15565522223542	-0.01662153301683342
32.18786965410798	-0.01660540726957261
32.22008408598055	-0.01658935609295392
