0
1000	1.0219978922	100000000000000.1
5	0	0	1
5	0	0	0
0.03786664528905326	10.37327765677362
0.07008107716161713	31.38150540084311
0.102295509034181	52.74096670976849
0.1345099409067449	74.45444511255238
0.1667243727793087	96.52496412401156
0.1989388046518726	118.9570144090519
0.2311532365244365	141.7539598095818
0.2633676683970003	164.91884617164
0.2955821002695642	188.4546681077695
0.3277965321421281	212.3643754800359
0.360010964014692	236.6508527771975
0.3922253958872559	261.3169392652423
0.4244398277598198	286.3654144939028
0.4566542596323837	311.7989974690321
0.4888686915049476	337.6208825213244
0.5210831233775115	363.845019687115
0.5532975552500754	390.4826552642137
0.5855119871226393	417.5415342943343
0.6177264189952032	445.0303037929924
0.6499408508677671	472.9592250409326
0.682155282740331	501.3394111003915
0.7143697146128949	530.1771933843013
0.7465841464854588	559.483575652689
0.7787985783580227	589.2692322993797
0.8110130102305866	619.5449034597256
0.8432274421031505	650.3222452472414
0.8754418739757144	681.6125638404263
0.9076563058482783	713.4284691040241
0.9398707377208422	745.7836857789601
0.9720851695934061	778.6923011955487
1.00429960146597	812.1765227268828
1.036514033338534	846.2460830612699
1.068728465211098	880.9078681695298
1.100942897083662	916.181209315521
1.133157328956226	952.0714172362697
1.165371760828789	988.597828995983
1.197586192701353	1025.771639918468
1.229800624573917	1063.617610145902
1.262015056446481	1102.15014922694
1.294229488319045	1141.372160787603
1.326443920191609	1181.31898348804
1.358658352064173	1221.988234351626
1.390872783936737	1263.421483856252
1.423087215809301	1305.61721303438
1.455301647681865	1348.613885198451
1.487516079554428	1392.428272845891
1.519730511426992	1437.082883725262
1.551944943299556	1482.600753408698
1.58415937517212	1529.000276763344
1.616373807044684	1576.316314138163
1.648588238917248	1624.575673586042
1.680802670789812	1673.798465490365
1.713017102662376	1724.004726675095
1.74523153453494	1775.254999386363
1.777445966407504	1827.561839806084
1.809660398280067	1880.96218337038
1.841874830152631	1935.489368248019
1.874089262025195	1991.173696414311
1.906303693897759	2048.068934206799
1.938518125770323	2106.202708455138
1.970732557642887	2165.609114140817
2.002946989515451	2226.355552003982
2.035161421388014	2288.473749341639
2.067375853260578	2351.993373280833
2.099590285133142	2416.989775189605
2.131804717005705	2483.492380756382
2.164019148878269	2551.576843316876
2.196233580750833	2621.298159605288
2.228448012623396	2692.679270149183
2.26066244449596	2765.814405006054
2.292876876368524	2840.756416299633
2.325091308241087	2917.576290376059
2.357305740113651	2996.321890392616
2.389520171986215	3077.091518792857
2.421734603858778	3159.952067772655
2.453949035731342	3244.970667398637
2.486163467603906	3332.238772074371
2.518377899476469	3421.829658675746
2.550592331349033	3513.830742092676
2.582806763221597	3608.360479115623
2.61502119509416	3705.480296231377
2.647235626966724	3805.318610469605
2.679450058839288	3907.940844399449
2.711664490711851	4013.482854844657
2.743878922584415	4122.053750997168
2.776093354456979	4233.768339374104
2.808307786329542	4348.738584220913
2.840522218202106	4467.119409889176
2.87273665007467	4588.997119181201
2.904951081947234	4714.541015696219
2.937165513819797	4843.907284159909
2.969379945692361	4977.19223505406
3.001594377564925	5114.591264203437
3.033808809437488	5256.249818364168
3.066023241310052	5402.357897117618
3.098237673182616	5553.061896758628
3.130452105055179	5708.541053848637
3.162666536927743	5869.004556928577
3.194880968800307	6034.655901603091
3.22709540067287	6205.654576695408
3.259309832545434	6382.248259528442
3.291524264417998	6564.656982774284
3.323738696290561	6753.105744770295
3.355953128163125	6947.808955401016
3.388167560035689	7149.033748948962
3.420381991908252	7357.036161873345
3.452596423780816	7572.080762452318
3.48481085565338	7794.442561564211
3.517025287525943	8024.415421154265
3.549239719398507	8262.280723909851
3.581454151271071	8508.370786036568
3.613668583143634	8763.016463503334
3.645883015016198	9026.518020355681
3.678097446888762	9299.228677673693
3.710311878761325	9581.516670328268
3.742526310633889	9873.76491430147
3.774740742506453	10176.34621096586
3.806955174379016	10489.6770593399
3.83916960625158	10814.14361310053
3.871384038124144	11150.20193393446
3.903598469996707	11498.28427510363
3.935812901869271	11858.8619633578
3.968027333741835	12232.41595310352
4.000241765614398	12619.45783458151
4.032456197486963	13020.47636807535
4.064670629359527	13436.02183566296
4.096885061232091	13866.61699752694
4.129099493104655	14312.8688281157
4.161313924977219	14775.34295639107
4.193528356849783	15254.68862122614
4.225742788722347	15751.50024436711
4.257957220594911	16266.41737496729
4.290171652467476	16800.17900280015
4.32238608434004	17353.44933063079
4.354600516212604	17926.97639575463
4.386814948085168	18521.47540709312
4.419029379957732	19137.7952082561
4.451243811830296	19776.67183823443
4.48345824370286	20438.969374842
4.515672675575424	21125.52870171594
4.547887107447989	21837.25473503175
4.580101539320553	22575.07121824995
4.612315971193117	23339.93509766927
4.644530403065681	24132.79921752006
4.676744834938245	24954.74536362001
4.708959266810809	25806.79177759638
4.741173698683373	26690.01590060853
4.773388130555937	27605.58480769323
4.805602562428501	28554.63310690004
4.837816994301066	29538.4047230702
4.87003142617363	30558.09474855718
4.902245858046194	31615.04444920155
4.934460289918758	32710.54036420873
4.966674721791322	33845.99485288353
4.998889153663886	35022.86673045504
5.03110358553645	36242.56803666106
5.063318017409014	37506.64137644108
5.095532449281579	38816.65335731685
5.127746881154143	40174.26034843518
5.159961313026707	41581.08344521096
5.192175744899271	43038.96947352665
5.224390176771835	44549.5855029924
5.256604608644399	46114.87661495528
5.288819040516963	47736.75478259277
5.321033472389527	49417.16398163487
5.353247904262092	51158.18378548626
5.385462336134656	52961.87212072098
5.41767676800722	54830.44320511496
5.449891199879784	56766.17225382978
5.482105631752348	58771.33736914057
5.514320063624912	60848.37052262874
5.546534495497476	62999.7815123925
5.57874892737004	65228.07412962308
5.610963359242604	67535.92395325103
5.643177791115169	69926.11096041214
5.675392222987733	72401.38403933025
5.707606654860297	74964.70562833329
5.739821086732861	77619.12198144487
5.772035518605425	80367.66434699332
5.804249950477989	83213.61242402803
5.836464382350553	86160.21303022436
5.868678814223117	89210.96981076879
5.900893246095682	92369.38106204729
5.933107677968246	95639.09062616051
5.96532210984081	99023.86669009499
5.997536541713374	102527.6484184538
6.029750973585938	106154.4407397792
6.061965405458502	109908.4407635931
6.094179837331066	113793.8720977195
6.12639426920363	117815.2193302644
6.158608701076195	121977.0400855411
6.190823132948759	126284.0310142305
6.223037564821323	130741.2447738491
6.255251996693887	135353.4948517053
6.287466428566451	140126.0272667745
6.319680860439015	145064.3937550119
6.351895292311579	150173.97670983
6.384109724184143	155460.5616261455
6.416324156056707	160930.1634897763
6.448538587929272	166588.7439919508
6.480753019801836	172442.7436644564
6.5129674516744	178498.6333017836
6.545181883546964	184763.1538212461
6.577396315419528	191243.3327587876
6.609610747292092	197946.1492445477
6.641825179164656	204879.3042011034
6.67403961103722	212050.3188951038
6.706254042909785	219467.0191527695
6.738468474782349	227137.7849964335
6.770682906654913	235070.9253417789
6.802897338527477	243275.1062169868
6.835111770400041	251759.440542822
6.867326202272605	260533.1891996445
6.899540634145169	269605.8633197648
6.931755066017733	278987.5354738585
6.963969497890298	288688.2763481615
6.996183929762862	298718.7603268879
7.028398361635426	309089.9393994782
7.06061279350799	319812.9959032754
7.092827225380554	330899.5478589549
7.125041657253118	342361.7667876165
7.157256089125682	354212.0237127417
7.189470520998246	366463.0307845764
7.22168495287081	379128.042044914
7.253899384743375	392220.9032630511
7.286113816615939	405755.5892782575
7.318328248488503	419746.7114780453
7.350542680361067	434209.4001803976
7.382757112233631	449159.1388624959
7.414971544106195	464612.1017474795
7.447185975978759	480584.7012911185
7.479400407851323	497094.2075376044
7.511614839723888	514158.3065144283
7.543829271596452	531795.245204151
7.576043703469016	550023.9443595845
7.60825813534158	568863.7848716814
7.640472567214144	588335.0533698137
7.672686999086708	608458.3715190565
7.704901430959272	629255.3448909656
7.737115862831836	650748.0459965608
7.769330294704401	672959.4641772826
7.801544726576965	695913.2350286108
7.833759158449529	719633.6663494862
7.865973590322093	744146.1566706122
7.898188022194657	769476.5969485586
7.930402454067221	795651.9109926873
7.962616885939785	822699.9820761242
7.994831317812349	850649.4238274042
8.027045749684913	879529.8296925313
8.059260181557477	909371.7920783517
8.091474613430041	940206.9495169536
8.123689045302605	972067.9732504374
8.155903477175169	1004988.556349858
8.188117909047733	1039003.325583121
8.220332340920297	1074148.396702874
8.252546772792861	1110460.944057513
8.284761204665426	1147979.191031541
8.31697563653799	1186742.593227087
8.349190068410554	1226792.156372866
8.381404500283118	1268170.169264461
8.413618932155682	1310920.165624164
8.445833364028246	1355087.108707687
8.47804779590081	1400717.651983865
8.510262227773374	1447859.64186489
8.542476659645938	1496562.702165684
8.574691091518503	1546878.216496398
8.606905523391067	1598859.091823085
8.639119955263631	1652559.588690212
8.671334387136195	1708036.212672303
8.703548819008759	1765347.64022598
8.735763250881323	1824553.678692863
8.767977682753887	1885716.508273719
8.800192114626451	1948899.890572874
8.832406546499016	2014170.974916129
8.86462097837158	2081597.630833937
8.896835410244144	2151250.59461509
8.929049842116708	2223203.006503167
8.961264273989272	2297529.801027691
8.993478705861836	2374309.288316465
9.0256931377344	2453621.628031731
9.057907569606964	2535550.027783291
9.090122001479529	2620179.929049138
9.122336433352093	2707600.047515528
9.154550865224657	2797901.923145614
9.186765297097221	2891179.950742744
9.218979728969785	2987531.443500604
9.251194160842349	3087057.193754084
9.283408592714913	3189861.338983383
9.315623024587477	3296051.347168437
9.347837456460041	3405737.958858244
9.380051888332606	3519035.695725527
9.41226632020517	3636062.992903029
9.444480752077734	3756942.027639076
9.476695183950298	3881798.928411048
9.508909615822862	4010764.251432658
9.541124047695426	4143972.276501417
9.57333847956799	4281562.184439878
9.605552911440554	4423677.415156602
9.637767343313119	4570466.142823091
9.669981775185683	4722081.379363772
9.702196207058247	4878681.475049791
9.734410638930811	5040429.62259063
9.766625070803375	5207494.347420604
9.798839502675939	5380049.771062586
9.831053934548503	5558275.680504306
9.863268366421067	5742358.010875314
9.895482798293632	5932488.401058642
9.927697230166196	6128865.129338289
9.95991166203876	6331692.559338585
9.992126093911324	6541181.864533874
10.02434052578389	6757551.308300637
10.05655495765645	6981026.319354118
10.08876938952902	7211839.230553973
10.12098382140158	7450230.815059302
10.15319825327414	7696448.988821442
10.18541268514671	7950750.009205393
10.21762711701927	8213398.662566057
10.24984154889184	8484668.31809774
10.2820559807644	8764841.305123873
10.31427041263697	9054209.037762234
10.34648484450953	9353072.385656618
10.37869927638209	9661742.588645132
10.41091370825466	9980540.613656335
10.44312814012722	10309798.28665693
10.47534257199979	10649857.62893681
10.50755700387235	11001072.84342365
10.53977143574491	11363808.90161607
10.57198586761748	11738443.14796025
10.60420029949004	12125367.98310789
10.63641473136261	12524979.46462603
10.66862916323517	12937696.6780086
10.70084359510773	13363947.84505978
10.7330580269803	13804178.49929239
10.76527245885286	14258842.04550116
10.79748689072543	14728413.54368907
10.82970132259799	15213380.70239849
10.86191575447056	15714250.54592538
10.89413018634312	16231538.32446178
10.92634461821568	16765770.27307944
10.95855905008825	17317530.35972013
10.99077348196081	17887378.89826505
11.02298791383338	18475911.45250655
11.05520234570594	19083724.9726699
11.0874167775785	19711472.22135776
11.11963120945107	20359797.4590878
11.15184564132363	21029376.68583199
11.1840600731962	21720902.17698457
11.21627450506876	22435080.42672321
11.24848893694132	23172710.25567747
11.28070336881389	23934489.20539905
11.31291780068645	24721237.25261058
11.34513223255902	25533750.97835997
11.37734666443158	26372906.64383084
11.40956109630415	27239579.77379659
11.44177552817671	28134637.50609472
11.47398996004927	29059020.19782944
11.50620439192184	30013681.81468413
11.5384188237944	30999660.38711696
11.57063325566697	32017914.32456491
11.60284768753953	33069505.81474119
11.63506211941209	34155556.34299763
11.66727655128466	35277201.77185482
11.69949098315722	36435621.8445041
11.73170541502979	37631946.5101049
11.76391984690235	38867478.02417842
11.79613427877491	40143464.61275271
11.82834871064748	41461263.95170026
11.86056314252004	42822248.78018421
11.89277757439261	44227771.01072815
11.92499200626517	45679344.38665984
11.95720643813774	47178468.54795805
11.9894208700103	48726736.76397178
12.02163530188286	50325688.97200905
12.05384973375543	51976988.93499217
12.08606416562799	53682392.03285195
12.11827859750056	55443645.46992939
12.15049302937312	57262630.13162387
12.18270746124568	59141144.14497354
12.21492189311825	61081180.06846018
12.24713632499081	63084892.9066097
12.27935075686338	65154093.62591946
12.31156518873594	67291024.51655123
12.3437796206085	69497930.09081925
12.37599405248107	71777077.76441328
12.40820848435363	74130937.59569223
12.4404229162262	76561774.42913365
12.47263734809876	79072168.9011931
12.50485177997133	81664777.32001738
12.53706621184389	84342181.16066864
12.56928064371645	87107129.18092504
12.60149507558902	89962709.00112115
12.63370950746158	92911772.96145964
12.66592393933415	95957393.06932954
12.69813837120671	99102671.5355933
12.73035280307927	102350918.1878577
12.76256723495184	105705536.9842923
12.7947816668244	109169985.1541879
12.82699609869697	112747846.7315242
12.85921053056953	116442856.8127472
12.89142496244209	120258653.8199479
12.92363939431466	124199829.7592285
12.95585382618722	128269798.1149153
12.98806825805979	132473019.2209097
13.02028268993235	136813849.6300509
13.05249712180492	141296937.592574
13.08471155367748	145926552.5355935
13.11692598555004	150707864.7839567
13.14914041742261	155645718.2514826
13.18135484929517	160745237.2660964
13.21356928116774	166011731.8955071
13.2457837130403	171450722.5857888
13.27799814491286	177067681.060103
13.31021257678543	182868524.4479226
13.34242700865799	188859270.7756238
13.37464144053056	195046135.7834351
13.40685587240312	201435522.0247513
13.43907030427568	208034078.4079904
13.47128473614825	214848661.3711065
13.50349916802081	221886329.0160897
13.53571359989338	229154383.3994291
13.56792803176594	236660281.6319086
13.60014246363851	244411961.9237632
13.63235689551107	252417450.3073598
13.66457132738363	260684984.5972903
13.6967857592562	269223168.1168942
13.72900019112876	278040860.1087486
13.76121462300133	287147379.7853518
13.79342905487389	296551779.6753492
13.82564348674645	306264104.1428042
13.85785791861902	316294326.3307083
13.89007235049158	326652898.2156772
13.92228678236415	337350495.8681303
13.95450121423671	348398298.4982061
13.98671564610927	359807851.2642208
14.01893007798184	371590745.6037781
14.0511445098544	383759388.9941973
14.08335894172697	396326356.5191271
14.11557337359953	409304594.3576794
14.1477878054721	422707912.3605409
14.18000223734466	436549650.8057599
14.21221666921722	450844625.8699375
14.24443110108979	465607512.6496986
14.27664553296235	480853707.1892064
14.30885996483492	496598826.0681165
14.34107439670748	512859714.0145725
14.37328882858004	529652403.7895784
14.40550326045261	546995107.0311857
14.43771769232517	564905310.2352802
14.46993212419774	583401757.6721385
14.5021465560703	602503632.4715203
14.53436098794286	622231027.981698
14.56657541981543	642604030.9598455
14.59878985168799	663643791.4579397
14.63100428356056	685372065.2576501
14.66321871543312	707811520.6202877
14.69543314730569	730985296.9567249
14.72764757917825	754917874.9656022
14.75986201105081	779633854.1819868
14.79207644292338	805158204.821394
14.82429087479594	831518462.4401877
14.85650530666851	858741360.8066373
14.88871973854107	886852821.8292556
14.92093417041363	915886978.1884104
14.9531486022862	945872654.2064344
14.98536303415876	976839399.0394838
15.01757746603133	1008819832.995611
15.04979189790389	1041847802.041308
15.08200632977645	1075955499.945385
15.11422076164902	1111181666.882605
15.14643519352158	1147561995.194714
15.17864962539415	1185133537.317911
15.21086405726671	1223934893.393821
15.24307848913928	1264012415.060333
15.27529292101184	1305393981.281279
15.3075073528844	1348132800.281485
15.33972178475697	1392270991.180201
15.37193621662953	1437853921.560121
15.4041506485021	1484929194.729033
15.43636508037466	1533548623.561064
15.46857951224722	1583752928.977559
15.50079394411979	1635603359.008897
15.53300837599235	1689151551.654936
15.56522280786492	1744446701.993304
15.59743723973748	1801557070.134142
15.62965167161004	1860542776.501093
15.66186610348261	1921453185.808779
15.69408053535517	1984355238.240334
15.72629496722774	2049318043.53317
15.7585093991003	2116404670.253645
15.79072383097287	2185689566.735535
15.82293826284543	2257247901.289328
15.85515269471799	2331142875.440768
15.88736712659056	2407454857.268929
15.91958155846312	2486265290.415862
15.95179599033569	2567649824.888517
15.98401042220825	2651703121.24749
16.01622485408081	2738511180.93497
16.04843928595338	2828156838.480727
16.08065371782594	2920737516.839628
16.11286814969851	3016344518.143642
16.14508258157107	3115083334.35683
16.17729701344363	3217049283.718036
16.2095114453162	3322357255.770932
16.24172587718876	3431118369.334368
16.27394030906133	3543433449.861354
16.30615474093389	3659424872.977498
16.33836917280646	3779212313.678349
16.37058360467902	3902917285.90247
16.40279803655158	4030674655.66561
16.43501246842415	4162613058.286584
16.46722690029671	4298875333.57496
16.49944133216928	4439593199.93659
16.53165576404184	4584911613.355303
16.5638701959144	4734988821.251661
16.59608462778697	4889972185.979012
16.62829905965953	5050034000.941845
16.6605134915321	5215333841.455361
16.69272792340466	5386047399.790681
16.72494235527722	5562345136.601129
16.75715678714979	5744411824.688606
16.78937121902235	5932434107.570836
16.82158565089492	6126607820.305493
16.85380008276748	6327142411.775231
16.88601451464005	6534241221.803243
16.91822894651261	6748123595.700312
16.95044337838517	6969001785.99314
16.98265781025774	7197106906.993732
17.0148722421303	7432675169.39302
17.04708667400287	7675951766.00351
17.07930110587543	7927194020.534987
17.11151553774799	8186659609.621808
17.14372996962056	8454622744.858835
17.17594440149312	8731351513.306875
17.20815883336569	9017134353.853413
17.24037326523825	9312266815.196009
17.27258769711081	9617055275.6814
17.30480212898338	9931823931.936749
17.33701656085594	10256894420.99927
17.36923099272851	10592604150.31303
17.40144542460107	10939305423.71731
17.43365985647364	11297348220.55616
17.4658742883462	11667108711.65255
17.49808872021876	12048966870.34275
17.53030315209133	12443319521.64011
17.56251758396389	12850584159.64131
17.59473201583646	13271177385.09612
17.62694644770902	13705542645.51141
17.65916087958158	14154118821.33195
17.69137531145415	14617373394.74815
17.72358974332671	15095788632.71432
17.75580417519928	15589855528.56735
17.78801860707184	16100096735.47367
17.82023303894441	16627036541.85986
17.85244747081697	17171221402.3784
17.88466190268953	17733224314.92274
17.9168763345621	18313610163.13841
17.94909076643466	18912989940.74614
17.98130519830723	19531984702.16367
18.01351963017979	20171230651.67767
18.04573406205235	20831399045.16636
18.07794849392492	21513175874.19397
18.11016292579748	22217264009.79879
18.14237735767005	22944395449.38159
18.17459178954261	23695326060.00388
18.20680622141517	24470826681.45897
18.23902065328774	25271705726.33737
18.2712350851603	26098788340.32936
18.30344951703287	26952940410.99229
18.33566394890543	27835048506.17514
18.367878380778	28746024401.86479
18.40009281265056	29686815094.98943
18.43230724452312	30658398068.1467
18.46452167639569	31661770210.08195
18.49673610826825	32697977218.26439
18.52895054014082	33768094013.20987
18.56116497201338	34873226315.67771
18.59337940388594	36014526369.1562
18.62559383575851	37193177581.46335
18.65780826763107	38410400293.81101
18.69002269950364	39667458546.12043
18.7222371313762	40965658438.12638
18.75445156324876	42306335051.45505
18.78666599512133	43690883697.65393
18.81888042699389	45120734743.23668
18.85109485886646	46597382524.95771
18.88330929073902	48122349592.89564
18.91552372261159	49697223219.11372
18.94773815448415	51323635341.31998
18.97995258635671	53003269337.66893
19.01216701822928	54737872224.48738
19.04438145010184	56529234539.85086
19.07659588197441	58379217335.72935
19.10881031384697	60289732422.16518
19.14102474571953	62262773376.62793
19.1732391775921	64300376633.97018
19.20545360946466	66404661541.60442
19.23766804133723	68577809156.50588
19.26988247320979	70822068172.31403
19.30209690508235	73139774746.70259
19.33431133695492	75533318209.17995
19.36652576882748	78005187337.81454
19.39874020070005	80557943853.49901
19.43095463257261	83194231631.42918
19.46316906444518	85916791142.18794
19.49538349631774	88728439825.04152
19.5275979281903	91632098764.95181
19.55981236006287	94630772304.95277
19.59202679193543	97727571774.69434
19.624241223808	100925714545.9056
19.65645565568056	104228502215.3424
19.68867008755312	107639367211.3282
19.72088451942569	111161838013.6003
19.75309895129825	114799579785.535
19.78531338317082	118556358375.5497
19.81752781504338	122436066184.5006
19.84974224691594	126442729991.8075
19.88195667878851	130580501827.3172
19.91417111066107	134853675819.3975
19.94638554253364	139266673675.9432
19.9785999744062	143824074704.8631
20.01081440627877	148530603817.4331
20.04302883815133	153391134174.4518
20.07524327002389	158410717831.5133
20.10745770189646	163594552603.023
20.13967213376902	168948011548.2307
20.17188656564159	174476647630.8439
20.20410099751415	180186190676.4162
20.23631542938671	186082560307.052
20.26852986125928	192171876435.1078
20.30074429313184	198460437773.9506
20.33295872500441	204954770491.5881
20.36517315687697	211661603319.1527
20.39738758874953	218587898080.8394
20.4296020206221	225740829782.2037
20.46181645249466	233127817206.2194
20.49403088436723	240756511406.4964
20.52624531623979	248634827671.1071
20.55845974811236	256770931469.5093
20.59067417998492	265173263704.7079
20.62288861185748	273850520836.2163
20.65510304373005	282811705189.4617
20.68731747560261	292066099899.8986
20.71953190747518	301623311919.9865
20.75174633934774	311493243311.0537
20.7839607712203	321686125426.1061
20.81617520309287	332212522805.6785
20.84838963496543	343083344885.2753
20.880604066838	354309868849.0431
20.91281849871056	365903728668.7662
20.94503293058312	377876947535.1511
20.97724736245569	390241928204.8694
21.00946179432825	403011492476.7451
21.04167622620082	416198871152.267
21.07389065807338	429817747817.223
21.10610508994595	443882233889.1511
21.13831952181851	458406910422.6092
21.17053395369107	473406829538.9558
21.20274838556364	488897538549.1522
21.2349628174362	504895102315.2433
21.26717724930877	521416100330.6475
21.29939168118133	538477665014.4809
21.33160611305389	556097468108.0654
21.36382054492646	574293780549.5021
21.39603497679902	593085459827.644
21.42824940867159	612491993793.7766
21.46046384054415	632533493663.3119
21.49267827241671	653230736980.5017
21.52489270428928	674605171457.6515
21.55710713616184	696678955885.6205
21.58932156803441	719474968339.0988
21.62153599990697	743016842418.9824
21.65375043177954	767328978167.4915
21.6859648636521	792436582966.4774
21.71817929552466	818365666645.6198
21.75039372739723	845143112316.1351
21.78260815926979	872796669008.566
21.81482259114236	901355013750.0172
21.84703702301492	930847742213.6299
21.87925145488748	961305421276.3081
21.91146588676005	992759621636.4431
21.94368031863261	1025242944610.299
21.97589475050518	1058789059439.164
22.00810918237774	1093432732853.231
22.0403236142503	1129209879919.126
22.07253804612287	1166157584072.496
22.10475247799543	1204314131093.609
22.136966909868	1243719074002.543
22.16918134174056	1284413247288.064
22.20139577361313	1326438843338.324
22.23361020548569	1369839414958.028
22.26582463735825	1414659941018.214
22.29803906923082	1460946877569.477
22.33025350110338	1508748199203.163
22.36246793297595	1558113447678.762
22.39468236484851	1609093783834.309
22.42689679672107	1661742052770.707
22.45911122859364	1716112817152.451
22.4913256604662	1772262435834.322
22.52354009233877	1830249087435.77
22.55575452421133	1890132873320.794
22.58796895608389	1951975866580.861
22.62018338795646	2015842159649.897
22.65239781982902	2081797938859.769
22.68461225170159	2149911562512.798
22.71682668357415	2220253623103.857
22.74904111544672	2292897022424.662
22.78125554731928	2367917046317.173
22.81346997919184	2445391444461.275
22.84568441106441	2525400506025.979
22.87789884293697	2608027155178.278
22.91011327480954	2693357028728.804
22.9423277066821	2781478543067.97
22.97454213855466	2872483023914.606
23.00675657042723	2966464798400.82
23.03897100229979	3063521258680.416
23.07118543417236	3163752985252.844
23.10339986604492	3267263853447.116
23.13561429791748	3374161134998.064
23.16782872979005	3484555610762.825
23.20004316166261	3598561685375.562
23.23225759353518	3716297504273.879
23.26447202540774	3837885075245.2
23.29668645728031	3963450409207.308
23.32890088915287	4093123631572.161
23.36111532102543	4227039111816.499
23.393329752898	4365335623868.875
23.42554418477056	4508156498303.658
23.45775861664313	4655649733874.563
23.48997304851569	4807968170257.462
23.52218748038825	4965269654059.891
23.55440191226082	5127717192714.974
23.58661634413338	5295479125540.286
23.61883077600595	5468729298365.045
23.65104520787851	5647647243338.366
23.68325963975107	5832418365654.383
23.71547407162364	6023234133561.382
23.7476885034962	6220292275869.412
23.77990293536877	6423797008340.398
23.81211736724133	6633959189401.896
23.8443317991139	6850996600176.378
23.87654623098646	7075134150124.205
23.90876066285902	7306604093235.128
23.94097509473159	7545646277926.337
23.97318952660415	7792508405938.411
24.00540395847672	8047446278013.917
24.03761839034928	8310724062051.867
24.06983282222184	8582614566568.849
24.10204725409441	8863399523432.402
24.13426168596697	9153369879558.711
24.16647611783954	9452826099039.471
24.1986905497121	9762078468882.48
24.23090498158466	10081447435492.34
24.26311941345723	10411263926148.67
24.29533384532979	10751869661694.65
24.32754827720236	11103617589045.55
24.35976270907492	11466872168972.26
24.39197714094749	11842009785688.29
24.42419157282005	12229419141068.66
24.45640600469261	12629501646074.22
24.48862043656518	13042671842808.53
24.52083486843774	13469357832005.42
24.55304930031031	13910001716348.83
24.58526373218287	14365060058795.57
24.61747816405543	14835004355417.4
24.649692595928	15320321523778.77
24.68190702780056	15821514408092.31
24.71412145967313	16339102292750.54
24.74633589154569	16873621467204.53
24.77855032341825	17425625723525.96
24.81076475529082	17995687013749.61
24.84297918716338	18584395959848.86
24.87519361903595	19192362517106.7
24.90740805090851	19820216587965.78
24.93962248278108	20468608677231.13
24.97183691465364	21138210564583.53
25.0040513465262	21829716003695.46
25.03626577839877	22543841435960.28
25.06848021027133	23281326736717.83
25.1006946421439	24042935980089.34
25.13290907401646	24829458229874.82
25.16512350588902	25641708357469.8
25.19733793776159	26480527886206.4
25.22955236963415	27346785856689.79
25.26176680150672	28241379755824.39
25.29398123337928	29165236378418.9
25.32619566525184	30119312880452.04
25.35841009712441	31104597689790.82
25.39062452899697	32122111575219.98
25.42283896086954	33172908687813.43
25.4550533927421	34258077655370.16
25.48726782461467	35378742710100.3
25.51948225648723	36536064852600.99
25.55169668835979	37731243054860.23
25.58391112023236	38965515501869.57
25.61612555210492	40240160872549.39
25.64833998397749	41556499667942.92
25.68055441585005	42915895573995.33
25.71276884772261	44319756877157.34
25.74498327959518	45769537922605.71
25.77719771146774	47266740623555.85
25.80941214334031	48812915988803.39
25.84162657521287	50409421285652.74
25.87384100708543	52058420796518.55
25.906055438958	53761379648529.51
25.93826987083056	55520061633621.34
25.97048430270313	57336286942482.99
26.00269873457569	59211933844417.53
26.03491316644826	61148940408516.9
26.06712759832082	63149306266566.23
26.09934203019338	65215094418090.15
26.13155646206595	67348433077841.3
26.16377089393851	69552744303924.45
26.19598532581108	71827767116362.47
26.22819975768364	74177023717314.25
26.2604141895562	76602922326908.97
26.29262862142877	79107952457732.94
26.32484305330133	81694688021242.91
26.3570574851739	84365790603760.08
26.38927191704646	87124012850239.09
26.42148634891903	89972202047677.8
26.45370078079159	92913303855345.27
26.48591521266415	95948080785812.66
26.51812964453672	99084338111537.19
26.55034407640928	102323181789553.8
26.58255850828185	105667995099283.4
26.61477294015441	109122270126476.6
26.64698737202697	112689610877162
26.67920180389954	116373736450212.6
26.7114162357721	120178484267267.5
26.74363066764467	124107813358612.5
26.77584509951723	128165807703360.1
26.80805953138979	132359381161200.3
26.84027396326236	136686776967750.3
26.87248839513492	141156368295135.1
26.90470282700749	145772093103422.4
26.93691725888005	150538716144387.6
26.96913169075262	155461159046107.8
27.00134612262518	160544505721775.8
27.03356055449774	165794007914481.9
27.06577498637031	171215090973908.8
27.09798941824287	176813359844023.2
27.13020385011544	182594605273648.2
27.162418281988	188564033395268.1
27.19463271386056	194729275012019.3
27.22684714573313	201096295219381.2
27.25906157760569	207671529889971.7
27.29127600947826	214461795742660.3
27.32349044135082	221474132449911.7
27.35570487322338	228715809881911.1
27.38791930509595	236194335582107.9
27.42013373696851	243917462481580.3
27.45234816884108	251893196859389.6
27.48456260071364	260129205902782.7
27.51677703258621	268635914797773.9
27.54899146445877	277419881845530
27.58120589633133	286491453865294.9
27.6134203282039	295859774261037.4
27.64563476007646	305534552887181.9
27.67784919194903	315525816003052.7
27.71006362382159	325843916453676.1
27.74227805569415	336499544177345.4
27.77449248756672	347503737031273.9
27.80670691943928	358867891966394.9
27.83892135131185	370602801448372.8
27.87113578318441	382723442808153.3
27.90335021505697	395240799091030.6
27.93556464692954	408166239180038.1
27.9677790788021	421514337471322.6
27.99999351067467	435298902960935.6
28.03220794254723	449534197199031.7
28.0644223744198	464234949288952.4
28.09663680629236	479416371397631.8
28.12885123816492	495094174768467.4
28.16106567003749	511284586358901.9
28.19328010191005	528003380130417.6
28.22549453378262	545271684228873.4
28.25770896565518	563101131471890.9
28.28992339752774	581515149053134.1
28.32213782940031	600531508086684.5
28.35435226127287	620169741413699.1
28.38656669314544	640450191006670
28.418781125018	661393863971659.8
28.45099555689056	683022454254312.1
28.48320998876313	705358365048654.6
28.51542442063569	728424731943917.1
28.54763885250826	752245446809030.1
28.57985328438082	776844545271267
28.61206771625339	802248551186267.8
28.64428214812595	828484462605246
28.67649657999851	855577167283976.6
28.70871101187108	883556195533350.8
28.74092544374364	912450261183725.5
28.77313987561621	942289290957885.9
28.80535430748877	973104189132037.8
28.83756873936133	1004926869271243
28.8697831712339	1037790287154713
28.90199760310646	1071728474663520
28.93421203497903	1106775567059545
28.96642646685159	1142972798363442
28.99864089872415	1180348850481449
29.03085533059672	1218950674996432
29.06306976246928	1258813008059918
29.09528419434185	1299979110798771
29.12749862621441	1342491333269507
29.15971305808698	1386393680889334
29.19192748995954	1431731598982604
29.2241419218321	1478552020048081
29.25635635370467	1526903412585892
29.28857078557723	1576835831535054
29.3207852174498	1628400970383182
29.35299964932236	1681651197823948
29.38521408119492	1736645611187212
29.41742851306749	1793433087691600
29.44964294494005	1852082440058416
29.48185737681262	1912647882354498
29.51407180868518	1975193997552887
29.54628624055774	2039785381579010
29.57850067243031	2106488916599197
29.61071510430287	2175373671451360
29.64292953617544	2246510973083345
29.675143968048	2319974480342128
29.70735839992057	2395840260160684
29.73957283179313	2474186215522935
29.77178726366569	2555097814647822
29.80400169553826	2638652097608084
29.83621612741082	2724935196568146
29.86843055928339	2814044155588012
29.90064499115595	2906065695261748
29.93285942302851	3001096631660769
29.96507385490108	3099235090109080
29.99728828677364	3200582682976406
30.02950271864621	3305244343989344
30.06171715051877	3413328436700586
30.09393158239133	3524946866486423
30.1261460142639	3640215196219268
30.15836044613646	3759251716214846
30.19057487800903	3882184893965766
30.22278930988159	4009134749898862
30.25500374175416	4140233574521714
30.28721817362672	4275622938401800
30.31943260549928	4415437720136744
30.35164703737185	4559823892856756
30.38386146924441	4708931514837776
30.41607590111698	4862914658263012
30.44829033298954	5021932726572735
30.4805047648621	5186150336039147
30.51271919673467	5355737486376113
30.54493362860723	5530869736917592
30.5771480604798	5711727322025119
30.60936249235236	5898501599333013
30.64157692422492	6091380990250367
30.67379135609749	6290563622026802
30.70600578797005	6496262515107130
30.73822021984262	6708689018616712
30.77043465171518	6928059742528923
30.80264908358775	7154603184594645
30.83486351546031	7388554256071127
30.86707794733287	7630154968125085
30.89929237920544	7879655434521959
30.931506811078	8137313945941283
30.96372124295057	8403397237191953
30.99593567482313	8678180084543012
31.02815010669569	8961948323763012
31.06036453856826	9254998211277330
31.09257897044082	9557626720993324
31.12479340231339	9870146746098448
31.15700783418595	1.019288874384264e+16
31.18922226605851	1.052618456493259e+16
31.22143669793108	1.087037710128986e+16
31.25365112980364	1.122582337843887e+16
31.28586556167621	1.159289195201077e+16
31.31807999354877	1.197196251775294e+16
31.35029442542134	1.236342748062629e+16
31.3825088572939	1.276769207358599e+16
31.41472328916646	1.318517477683773e+16
31.44693772103903	1.361630664911014e+16
31.47915215291159	1.406153622206833e+16
31.51136658478416	1.452132649637665e+16
31.54358101665672	1.499614695016864e+16
31.57579544852928	1.54864899385754e+16
31.60800988040185	1.599286746480811e+16
31.64022431227441	1.651580158597815e+16
31.67243874414698	1.705583526654346e+16
31.70465317601954	1.761352407182275e+16
31.7368676078921	1.818944661508846e+16
31.76908203976467	1.878419964458139e+16
31.80129647163723	1.939839848825111e+16
31.8335109035098	2.003267889639282e+16
31.86572533538236	2.068769740440248e+16
31.89793976725493	2.13641308955059e+16
31.93015419912749	2.206268179292922e+16
31.96236863100005	2.278407208711498e+16
31.99458306287262	2.352905053719621e+16
32.02679749474518	2.429838401577148e+16
32.05901192661774	2.509286736433721e+16
32.0912263584903	2.591333006833626e+16
32.12344079036286	2.676061796562944e+16
32.15565522223542	2.763560975883806e+16
32.18786965410798	2.853920764945229e+16
32.22008408598055	2.947234840671705e+16
0
1000	1.0219978922	100000000000000.1
5	0	0	1
5	0	0	0
0.03786664528905326	-622.6835692286272
0.07008107716161713	-613.0684110865328
0.102295509034181	-603.5153626733976
0.1345099409067449	-594.0272919431868
0.1667243727793087	-584.6343868238716
0.1989388046518726	-575.345353069093
0.2311532365244365	-566.1333755351405
0.2633676683970003	-556.9993302849291
0.2955821002695642	-547.9440732450612
0.3277965321421281	-538.9684396525724
0.360010964014692	-530.0732434735814
0.3922253958872559	-521.259276799785
0.4244398277598198	-512.5273092280357
0.4566542596323837	-503.8780872277026
0.4888686915049476	-495.3868524184754
0.5210831233775115	-487.2326153721515
0.5532975552500754	-479.235675384802
0.5855119871226393	-471.3985668737308
0.6177264189952032	-463.723172725745
0.6499408508677671	-456.2819984611342
0.682155282740331	-448.9290910690168
0.7143697146128949	-441.7337786263731
0.7465841464854588	-434.6958071743401
0.7787985783580227	-427.8145503317673
0.8110130102305866	-421.0890089306764
0.8432274421031505	-414.5178106349263
0.8754418739757144	-408.0992095452354
0.9076563058482783	-401.8310857934221
0.9398707377208422	-395.7109451283866
0.9720851695934061	-389.7359184961126
1.00429960146597	-384.0543580301513
1.036514033338534	-378.3404213832724
1.068728465211098	-372.7485494487562
1.100942897083662	-367.2758822349222
1.133157328956226	-361.9197979819442
1.165371760828789	-356.6779123150706
1.197586192701353	-351.548077445112
1.229800624573917	-346.528381413877
1.262015056446481	-341.6171473823046
1.294229488319045	-336.8129329591338
1.326443920191609	-332.0598892305727
1.358658352064173	-327.4721096006573
1.390872783936737	-322.9928306903011
1.423087215809301	-318.6210523676922
1.455301647681865	-314.3557881192426
1.487516079554428	-310.1960647073095
1.519730511426992	-306.1409218416758
1.551944943299556	-302.1894118644699
1.58415937517212	-298.3405994481322
1.616373807044684	-294.5935613060841
1.648588238917248	-290.9396627631384
1.680802670789812	-287.3941098425686
1.713017102662376	-283.9482493941503
1.74523153453494	-280.6011435659653
1.777445966407504	-277.3518356731848
1.809660398280067	-274.1993499947861
1.841874830152631	-271.142691577809
1.874089262025195	-268.1808460490434
1.906303693897759	-265.3127794339706
1.938518125770323	-262.5374379828092
1.970732557642887	-259.8559279013183
2.002946989515451	-257.2625864656987
2.035161421388014	-254.7585020100517
2.067375853260578	-252.3425599788018
2.099590285133142	-250.0136349615929
2.131804717005705	-247.7705905593722
2.164019148878269	-245.6122792557802
2.196233580750833	-243.5375422937324
2.228448012623396	-241.5452095570467
2.26066244449596	-239.6340994569924
2.292876876368524	-237.8057567848478
2.325091308241087	-236.0532644707977
2.357305740113651	-234.3781486506333
2.389520171986215	-232.7792039737472
2.421734603858778	-231.2552248638385
2.453949035731342	-229.8050054320117
2.486163467603906	-228.4273393935638
2.518377899476469	-227.1210199883453
2.550592331349033	-225.8848399045765
2.582806763221597	-224.7175912060278
2.61502119509416	-223.6199807131524
2.647235626966724	-222.5865010194448
2.679450058839288	-221.61849404726
2.711664490711851	-220.7144573441917
2.743878922584415	-219.8732008134536
2.776093354456979	-219.0935404298881
2.808307786329542	-218.3742981879444
2.840522218202106	-217.7143020519855
2.87273665007467	-217.1123859088503
2.904951081947234	-216.5673895225774
2.937165513819797	-216.0793965922243
2.969379945692361	-215.6427862775177
3.001594377564925	-215.2616167782489
3.033808809437488	-214.9328425461322
3.066023241310052	-214.655331954361
3.098237673182616	-214.427956847389
3.130452105055179	-214.2495925099171
3.162666536927743	-214.1191176372745
3.194880968800307	-214.0354143071351
3.22709540067287	-213.9973679525408
3.259309832545434	-214.0045311708164
3.291524264417998	-214.0524792789944
3.323738696290561	-214.1447879819951
3.355953128163125	-214.2784351885577
3.388167560035689	-214.4523165746232
3.420381991908252	-214.6653262802585
3.452596423780816	-214.9163568915205
3.48481085565338	-215.2042994231153
3.517025287525943	-215.5280433018375
3.549239719398507	-215.8864763507563
3.581454151271071	-216.2787255745058
3.613668583143634	-216.7042092069045
3.645883015016198	-217.1599153409363
3.678097446888762	-217.6457421581109
3.710311878761325	-218.1605793639157
3.742526310633889	-218.7033200908749
3.774740742506453	-219.2728608874617
3.806955174379016	-219.8681017075166
3.83916960625158	-220.4879459001623
3.871384038124144	-221.1313002001804
3.903598469996707	-221.7970380684674
3.935812901869271	-222.4882303738973
3.968027333741835	-223.1954208273654
4.000241765614398	-223.9214465681749
4.032456197486963	-224.6652547158174
4.064670629359527	-225.4258115587641
4.096885061232091	-226.2021025473888
4.129099493104655	-226.9931322872542
4.161313924977219	-227.7979245327377
4.193528356849783	-228.6155221809908
4.225742788722347	-229.4447901360774
4.257957220594911	-230.2852213877387
4.290171652467476	-231.1378933549565
4.32238608434004	-231.997331694435
4.354600516212604	-232.8649137218737
4.386814948085168	-233.7398137212703
4.419029379957732	-234.6212329903686
4.451243811830296	-235.5083998367879
4.48345824370286	-236.4005695743647
4.515672675575424	-237.2970245196869
4.547887107447989	-238.1968001592167
4.580101539320553	-239.0998048485483
4.612315971193117	-240.0030560171431
4.644530403065681	-240.9102733709549
4.676744834938245	-241.8187777388196
4.708959266810809	-242.7279915933485
4.741173698683373	-243.6373549815917
4.773388130555937	-244.5463255232231
4.805602562428501	-245.454378408808
4.837816994301066	-246.3610063981494
4.87003142617363	-247.2654239764304
4.902245858046194	-248.1677770606887
4.934460289918758	-249.0659459431608
4.966674721791322	-249.962327027452
4.998889153663886	-250.8551409074412
5.03110358553645	-251.7439706009598
5.063318017409014	-252.6284100206371
5.095532449281579	-253.5080639730314
5.127746881154143	-254.3825481577926
5.159961313026707	-255.2514891668566
5.192175744899271	-256.1142391077997
5.224390176771835	-256.9710425109058
5.256604608644399	-257.8227972299603
5.288819040516963	-258.6660372553299
5.321033472389527	-259.5019227968452
5.353247904262092	-260.3301506916715
5.385462336134656	-261.1504334154095
5.41767676800722	-261.9624990815644
5.449891199879784	-262.7660914410268
5.482105631752348	-263.5609698815659
5.514320063624912	-264.3466515308916
5.546534495497476	-265.1234657986899
5.57874892737004	-265.890959961421
5.610963359242604	-266.6490798489731
5.643177791115169	-267.3973917835943
5.675392222987733	-268.1358761355527
5.707606654860297	-268.8643974205729
5.739821086732861	-269.5828351888725
5.772035518605425	-270.2910840248847
5.804249950477989	-270.9890535469779
5.836464382350553	-271.6764450058291
5.868678814223117	-272.3536647748256
5.900893246095682	-273.0204431998818
5.933107677968246	-273.6753055607645
5.96532210984081	-274.3212692165082
5.997536541713374	-274.9568538388087
6.029750973585938	-275.5820566693347
6.061965405458502	-276.1968832411272
6.094179837331066	-276.8013473784742
6.12639426920363	-277.3954711967714
6.158608701076195	-277.9790972107209
6.190823132948759	-278.5526566248448
6.223037564821323	-279.116007719194
6.255251996693887	-279.6683703767719
6.287466428566451	-280.211544246819
6.319680860439015	-280.7447610066588
6.351895292311579	-281.2680901544001
6.384109724184143	-281.7816053660588
6.416324156056707	-282.2853844954774
6.448538587929272	-282.7795095742407
6.480753019801836	-283.263912158667
6.5129674516744	-283.7390057065061
6.545181883546964	-284.2047294577615
6.577396315419528	-284.6608510359652
6.609610747292092	-285.1081528492594
6.641825179164656	-285.5464146288755
6.67403961103722	-285.9757419997808
6.706254042909785	-286.3962428003485
6.738468474782349	-286.8080270822942
6.770682906654913	-287.2112071106068
6.802897338527477	-287.6057721307556
6.835111770400041	-287.9921004458025
6.867326202272605	-288.3701851840545
6.899540634145169	-288.7397903779565
6.931755066017733	-289.1017668918693
6.963969497890298	-289.4558943755503
6.996183929762862	-289.802295695651
7.028398361635426	-290.1410939961574
7.06061279350799	-290.4724126983309
7.092827225380554	-290.7963755006549
7.125041657253118	-291.1130062482775
7.157256089125682	-291.4226383668687
7.189470520998246	-291.7252958214703
7.22168495287081	-292.0211025544262
7.253899384743375	-292.3099487247981
7.286113816615939	-292.592452556191
7.318328248488503	-292.8684953982657
7.350542680361067	-293.1381983506623
7.382757112233631	-293.4016814132131
7.414971544106195	-293.6590634858908
7.447185975978759	-293.9103831120406
7.479400407851323	-294.1559225592199
7.511614839723888	-294.39571782721
7.543829271596452	-294.6298827318438
7.576043703469016	-294.8585102217707
7.60825813534158	-295.0817519717828
7.640472567214144	-295.2996977272387
7.672686999086708	-295.5124553701421
7.704901430959272	-295.720131262873
7.737115862831836	-295.9228302481444
7.769330294704401	-296.1205934246141
7.801544726576965	-296.3136525822518
7.833759158449529	-296.5020455104976
7.865973590322093	-296.6858704358126
7.898188022194657	-296.8653159300604
7.930402454067221	-297.0402851430499
7.962616885939785	-297.2109627924619
7.994831317812349	-297.3774406506277
8.027045749684913	-297.5398090652045
8.059260181557477	-297.6981569591429
8.091474613430041	-297.852523305671
8.123689045302605	-298.0030955469095
8.155903477175169	-298.1499095962577
8.188117909047733	-298.2930482585994
8.220332340920297	-298.4326919618833
8.252546772792861	-298.5687157722876
8.284761204665426	-298.7012946507193
8.31697563653799	-298.8305055302129
8.349190068410554	-298.9564240991135
8.381404500283118	-299.0791248010444
8.413618932155682	-299.1986432052078
8.445833364028246	-299.3151298740675
8.47804779590081	-299.4286177242506
8.510262227773374	-299.5391758953894
8.542476659645938	-299.6468721199264
8.574691091518503	-299.7518473430547
8.606905523391067	-299.8540075336762
8.639119955263631	-299.9534945290605
8.671334387136195	-300.0503711930334
8.703548819008759	-300.144699287238
8.735763250881323	-300.2365104290147
8.767977682753887	-300.3259248445051
8.800192114626451	-300.4129718208125
8.832406546499016	-300.4977084599533
8.86462097837158	-300.5801906363691
8.896835410244144	-300.6605352258334
8.929049842116708	-300.738664343379
8.961264273989272	-300.8146942313882
8.993478705861836	-300.8886764236078
9.0256931377344	-300.9606614763752
9.057907569606964	-301.0306766456238
9.090122001479529	-301.0988171654645
9.122336433352093	-301.1651082402706
9.154550865224657	-301.2295963238747
9.186765297097221	-301.2923267963077
9.218979728969785	-301.3534011560894
9.251194160842349	-301.4127430637296
9.283408592714913	-301.4704524151691
9.315623024587477	-301.5265707634193
9.347837456460041	-301.5811388147777
9.380051888332606	-301.6341793311361
9.41226632020517	-301.6857670423154
9.444480752077734	-301.7359229426954
9.476695183950298	-301.7846842039935
9.508909615822862	-301.8320870773853
9.541124047695426	-301.8782203749007
9.57333847956799	-301.9230076962628
9.605552911440554	-301.9665354892486
9.637767343313119	-302.0088367117072
9.669981775185683	-302.0499436115321
9.702196207058247	-302.0898746717725
9.734410638930811	-302.1286879919887
9.766625070803375	-302.1664005787624
9.798839502675939	-302.2030417273844
9.831053934548503	-302.2386399668198
9.863268366421067	-302.2732712261017
9.895482798293632	-302.3068635893529
9.927697230166196	-302.3394900628946
9.95991166203876	-302.3711764184346
9.992126093911324	-302.4019478501913
10.02434052578389	-302.4318190342232
10.05655495765645	-302.4608347757595
10.08876938952902	-302.4890085528242
10.12098382140158	-302.5163631638039
10.15319825327414	-302.5429207866708
10.18541268514671	-302.5687029789863
10.21762711701927	-302.5937705253255
10.24984154889184	-302.6180591491171
10.2820559807644	-302.6416300834255
10.31427041263697	-302.6645027952821
10.34648484450953	-302.686688742378
10.37869927638209	-302.7082222482599
10.41091370825466	-302.7291138208554
10.44312814012722	-302.749381027838
10.47534257199979	-302.7690409457472
10.50755700387235	-302.7881101599857
10.53977143574491	-302.8071100151678
10.57198586761748	-302.8249935058627
10.60420029949004	-302.8422922385762
10.63641473136261	-302.859025284549
10.66862916323517	-302.8752075229899
10.70084359510773	-302.8908730418825
10.7330580269803	-302.9060397573564
10.76527245885286	-302.9207328146091
10.79748689072543	-302.9349788649801
10.82970132259799	-302.9488060659434
10.86191575447056	-302.9605238215719
10.89413018634312	-302.9737483815192
10.92634461821568	-302.9867875425595
10.95855905008825	-302.9996619650904
10.99077348196081	-303.0123826777812
11.02298791383338	-303.024968778105
11.05520234570594	-303.0374206701925
11.0874167775785	-303.0497377654428
11.11963120945107	-303.0619141536685
11.15184564132363	-303.0739386030877
11.1840600731962	-303.0882092250055
11.21627450506876	-303.0997168294081
11.24848893694132	-303.110808989487
11.28070336881389	-303.1214699928044
11.31291780068645	-303.1316850280881
11.34513223255902	-303.1414535497755
11.37734666443158	-303.1507690716181
11.40956109630415	-303.1596325312922
11.44177552817671	-303.1680490219467
11.47398996004927	-303.1760277922026
11.50620439192184	-303.182169554541
11.5384188237944	-303.1893838221324
11.57063325566697	-303.1963298568857
11.60284768753953	-303.2030249177507
11.63506211941209	-303.2094824192574
11.66727655128466	-303.2157220055236
11.69949098315722	-303.2217543189632
11.73170541502979	-303.2275910743366
11.76391984690235	-303.2332425950397
11.79613427877491	-303.2387178131033
11.82834871064748	-303.2440242691947
11.86056314252004	-303.2485336523255
11.89277757439261	-303.2535931485605
11.92499200626517	-303.2585493198521
11.95720643813774	-303.2633962890116
11.9894208700103	-303.2681299523451
12.02163530188286	-303.2727365160293
12.05384973375543	-303.2772000782111
12.08606416562799	-303.2815007747278
12.11827859750056	-303.2856147791078
12.15049302937312	-303.2895143025681
12.18270746124568	-303.2968996558647
12.21492189311825	-303.2999114808825
12.24713632499081	-303.3022992778457
12.27935075686338	-303.3040496180686
12.31156518873594	-303.3051642862745
12.3437796206085	-303.3056516647626
12.37599405248107	-303.3055324319623
12.40820848435363	-303.304838168791
12.4404229162262	-303.3036113586577
12.47263734809876	-303.3019053874613
12.50485177997133	-303.2943307933779
12.53706621184389	-303.2922925542031
12.56928064371645	-303.2904454557957
12.60149507558902	-303.2888443373272
12.63370950746158	-303.2875366478279
12.66592393933415	-303.2865559791455
12.69813837120671	-303.2859263432732
12.73035280307927	-303.2856611262928
12.76256723495184	-303.285763088368
12.7947816668244	-303.2862243637462
12.82699609869697	-303.290581212443
12.85921053056953	-303.29148545648
12.89142496244209	-303.2923694851646
12.92363939431466	-303.2932057902069
12.95585382618722	-303.2939726112866
12.98806825805979	-303.2946490877492
13.02028268993235	-303.2952184652999
13.05249712180492	-303.295667311769
13.08471155367748	-303.2959855171183
13.11692598555004	-303.296166293439
13.14914041742261	-303.296206174946
13.18135484929517	-303.2952822153889
13.21356928116774	-303.2951492885214
13.2457837130403	-303.2949506141304
13.27799814491286	-303.2946889077284
13.31021257678543	-303.2943650294289
13.34242700865799	-303.2939803852651
13.37464144053056	-303.2935363399292
13.40685587240312	-303.2930342167659
13.43907030427568	-303.2924752977768
13.47128473614825	-303.2918608236172
13.50349916802081	-303.2911950965314
13.53571359989338	-303.2904727307313
13.56792803176594	-303.2896975937448
13.60014246363851	-303.2888717067888
13.63235689551107	-303.2879957032857
13.66457132738363	-303.2870706251929
13.6967857592562	-303.2860974836968
13.72900019112876	-303.2850772592074
13.76121462300133	-303.2840109013605
13.79342905487389	-303.2828993290185
13.82564348674645	-303.2817457800514
13.85785791861902	-303.280546201641
13.89007235049158	-303.2793034615758
13.92228678236415	-303.2780190605537
13.95450121423671	-303.2766934622804
13.98671564610927	-303.2753274359046
14.01893007798184	-303.273921727706
14.0511445098544	-303.272477061102
14.08335894172697	-303.270994136644
14.11557337359953	-303.269473632016
14.1477878054721	-303.267917971183
14.18000223734466	-303.2663241224179
14.21221666921722	-303.2646941995873
14.24443110108979	-303.2630293137407
14.27664553296235	-303.2613298017999
14.30885996483492	-303.2595962288448
14.34107439670748	-303.2578291429974
14.37328882858004	-303.256029075425
14.40550326045261	-303.2541965403331
14.43771769232517	-303.2523320349682
14.46993212419774	-303.2515868698112
14.5021465560703	-303.2495994241431
14.53436098794286	-303.2474863251471
14.56657541981543	-303.2452556893243
14.59878985168799	-303.2429195627134
14.63100428356056	-303.2404946685721
14.66321871543312	-303.2380022245241
14.69543314730569	-303.2354679425607
14.72764757917825	-303.2329220290381
14.75986201105081	-303.230399184681
14.79207644292338	-303.2279386045792
14.82429087479594	-303.2212329870255
14.85650530666851	-303.219562188107
14.88871973854107	-303.2184488247883
14.92093417041363	-303.2179074776016
14.9531486022862	-303.2179396957079
14.98536303415876	-303.2185338606128
15.01757746603133	-303.2196651861637
15.04979189790389	-303.2212957185494
15.08200632977645	-303.2233743363011
15.11422076164902	-303.2258367502931
15.14643519352158	-303.2350997457998
15.17864962539415	-303.2374215624943
15.21086405726671	-303.2393300182225
15.24307848913928	-303.2407648921984
15.27529292101184	-303.2416788676175
15.3075073528844	-303.2420374301515
15.33972178475697	-303.241818867948
15.37193621662953	-303.2410142716282
15.4041506485021	-303.2396275342885
15.43636508037466	-303.2376753515013
15.46857951224722	-303.2308987806923
15.50079394411979	-303.2282726815228
15.53300837599235	-303.2255571132806
15.56522280786492	-303.2227864239117
15.59743723973748	-303.2199908734381
15.62965167161004	-303.2171965584079
15.66186610348261	-303.2144254118958
15.69408053535517	-303.2116952035052
15.72629496722774	-303.2090195393654
15.7585093991003	-303.206407862134
15.79072383097287	-303.2049240908216
15.82293826284543	-303.2023838585903
15.85515269471799	-303.199824225848
15.88736712659056	-303.197245239558
15.91958155846312	-303.1946469991334
15.95179599033569	-303.1920296002474
15.98401042220825	-303.1893931348367
16.01622485408081	-303.1867376910997
16.04843928595338	-303.1840633534956
16.08065371782594	-303.1813702027486
16.11286814969851	-303.1786586174372
16.14508258157107	-303.1759280119664
16.17729701344363	-303.1731788336161
16.2095114453162	-303.1704111080432
16.24172587718876	-303.1676248999267
16.27394030906133	-303.1648202712089
16.30615474093389	-303.1619972810971
16.33836917280646	-303.159155986061
16.37058360467902	-303.1562964398335
16.40279803655158	-303.1534186934135
16.43501246842415	-303.1505227950614
16.46722690029671	-303.1476089765879
16.49944133216928	-303.1446768860432
16.53165576404184	-303.1417267570309
16.5638701959144	-303.1387586286414
16.59608462778697	-303.1357725379721
16.62829905965953	-303.1327685201271
16.6605134915321	-303.1297466082159
16.69272792340466	-303.1267068333573
16.72494235527722	-303.1236492246741
16.75715678714979	-303.1205738092982
16.78937121902235	-303.11748075269
16.82158565089492	-303.1143697838418
16.85380008276748	-303.1112410664437
16.88601451464005	-303.1080946208308
16.91822894651261	-303.1049304658932
16.95044337838517	-303.1017486190808
16.98265781025774	-303.0985490964023
17.0148722421303	-303.0953319124214
17.04708667400287	-303.0920970802621
17.07930110587543	-303.0888446116049
17.11151553774799	-303.0855746218631
17.14372996962056	-303.0822869016695
17.17594440149312	-303.0789815628397
17.20815883336569	-303.0756586120547
17.24037326523825	-303.0723180549613
17.27258769711081	-303.0689598961716
17.30480212898338	-303.0655841392653
17.33701656085594	-303.0621907867879
17.36923099272851	-303.0587798402512
17.40144542460107	-303.0553513001346
17.43365985647364	-303.0519052443327
17.4658742883462	-303.0484415102068
17.49808872021876	-303.0449601713121
17.53030315209133	-303.0414612244855
17.56251758396389	-303.0379446658326
17.59473201583646	-303.0344104907281
17.62694644770902	-303.0308586938156
17.65916087958158	-303.027289269008
17.69137531145415	-303.0237022094882
17.72358974332671	-303.0200975077074
17.75580417519928	-303.0164751459999
17.78801860707184	-303.0128351999159
17.82023303894441	-303.0091775120852
17.85244747081697	-303.0055021399784
17.88466190268953	-303.0018090729273
17.9168763345621	-302.9980982997549
17.94909076643466	-302.9943698087781
17.98130519830723	-302.9906235878086
18.01351963017979	-302.9868596241525
18.04573406205235	-302.9830779046072
18.07794849392492	-302.9792784085129
18.11016292579748	-302.9754611851135
18.14237735767005	-302.9716261095667
18.17459178954261	-302.96777321684
18.20680622141517	-302.9639024915527
18.23902065328774	-302.9600139179853
18.2712350851603	-302.9561074800779
18.30344951703287	-302.9521831614312
18.33566394890543	-302.9482409453055
18.367878380778	-302.9442808146218
18.40009281265056	-302.9403027468144
18.43230724452312	-302.9363067716023
18.46452167639569	-302.9322927890152
18.49673610826825	-302.9282608175624
18.52895054014082	-302.9242108386979
18.56116497201338	-302.9201428336559
18.59337940388594	-302.9160567834562
18.62559383575851	-302.9119526689018
18.65780826763107	-302.9078304705789
18.69002269950364	-302.9036901688566
18.7222371313762	-302.8995317400808
18.75445156324876	-302.8953551995937
18.78666599512133	-302.8911604664792
18.81888042699389	-302.8869475473273
18.85109485886646	-302.8827164215746
18.88330929073902	-302.8784670685312
18.91552372261159	-302.8741994673845
18.94773815448415	-302.869913597195
18.97995258635671	-302.8656094369005
19.01216701822928	-302.8612869653124
19.04438145010184	-302.8569461583
19.07659588197441	-302.8525870207728
19.10881031384697	-302.8482094863644
19.14102474571953	-302.84381355319
19.1732391775921	-302.839399199528
19.20545360946466	-302.8349664036036
19.23766804133723	-302.8305151435845
19.26988247320979	-302.8260453975799
19.30209690508235	-302.8215571436435
19.33431133695492	-302.8170503597726
19.36652576882748	-302.8125250218223
19.39874020070005	-302.8079811120317
19.43095463257261	-302.8034186207967
19.46316906444518	-302.798837494772
19.49538349631774	-302.7942377268957
19.5275979281903	-302.7896192949314
19.55981236006287	-302.7849821766339
19.59202679193543	-302.7803263497553
19.624241223808	-302.7756517920387
19.65645565568056	-302.770958481222
19.68867008755312	-302.7662463934956
19.72088451942569	-302.7615155098043
19.75309895129825	-302.7567658173895
19.78531338317082	-302.7519972706915
19.81752781504338	-302.7472098586906
19.84974224691594	-302.742403559154
19.88195667878851	-302.7375783498854
19.91417111066107	-302.7327342087166
19.94638554253364	-302.7278711135114
19.9785999744062	-302.7229890421652
20.01081440627877	-302.7180879714675
20.04302883815133	-302.7131678817512
20.07524327002389	-302.7082287581597
20.10745770189646	-302.7032705614342
20.13967213376902	-302.698293277912
20.17188656564159	-302.693296885719
20.20410099751415	-302.688281363043
20.23631542938671	-302.6832466881316
20.26852986125928	-302.6781928392899
20.30074429313184	-302.6731197948819
20.33295872500441	-302.6680275324929
20.36517315687697	-302.66291603236
20.39738758874953	-302.6577852783998
20.4296020206221	-302.6526352363796
20.46181645249466	-302.6474658910497
20.49403088436723	-302.6422772211583
20.52624531623979	-302.6370692055341
20.55845974811236	-302.6318418230849
20.59067417998492	-302.6265950527996
20.62288861185748	-302.6213288737479
20.65510304373005	-302.6160432644559
20.68731747560261	-302.6107382054487
20.71953190747518	-302.6054136800179
20.75174633934774	-302.6000696581277
20.7839607712203	-302.5947061236692
20.81617520309287	-302.5893230562099
20.84838963496543	-302.5839204354091
20.880604066838	-302.5784982410241
20.91281849871056	-302.5730564529056
20.94503293058312	-302.567595051001
20.97724736245569	-302.5621140148959
21.00946179432825	-302.556613325683
21.04167622620082	-302.5510929631371
21.07389065807338	-302.5455529108958
21.10610508994595	-302.5399931423729
21.13831952181851	-302.5344136415024
21.17053395369107	-302.5288143889215
21.20274838556364	-302.5231953653716
21.2349628174362	-302.517556551703
21.26717724930877	-302.5118979288713
21.29939168118133	-302.5062194776019
21.33160611305389	-302.5005211797695
21.36382054492646	-302.4948030163127
21.39603497679902	-302.4890649710995
21.42824940867159	-302.4833070204043
21.46046384054415	-302.4775291483385
21.49267827241671	-302.471731336621
21.52489270428928	-302.4659135670821
21.55710713616184	-302.4600758216713
21.58932156803441	-302.4542180824502
21.62153599990697	-302.4483403313473
21.65375043177954	-302.4424425511785
21.6859648636521	-302.4365247240989
21.71817929552466	-302.4305868344531
21.75039372739723	-302.4246288610985
21.78260815926979	-302.4186507885929
21.81482259114236	-302.4126525998142
21.84703702301492	-302.4066342777613
21.87925145488748	-302.400595805556
21.91146588676005	-302.3945371664366
21.94368031863261	-302.3884583435857
21.97589475050518	-302.3823593208689
22.00810918237774	-302.3762400817076
22.0403236142503	-302.3701006111492
22.07253804612287	-302.363940890321
22.10475247799543	-302.357760904478
22.136966909868	-302.3515606377141
22.16918134174056	-302.3453400742524
22.20139577361313	-302.3390991984381
22.23361020548569	-302.3328379947449
22.26582463735825	-302.3265564476357
22.29803906923082	-302.3202545421175
22.33025350110338	-302.3139322629036
22.36246793297595	-302.3075895949692
22.39468236484851	-302.3012265243081
22.42689679672107	-302.2948430342421
22.45911122859364	-302.2884391110568
22.4913256604662	-302.2820147402363
22.52354009233877	-302.2755699073944
22.55575452421133	-302.2691045982699
22.58796895608389	-302.2626187986356
22.62018338795646	-302.2561124946969
22.65239781982902	-302.2495856724833
22.68461225170159	-302.2430383182493
22.71682668357415	-302.2364704190045
22.74904111544672	-302.2298819599446
22.78125554731928	-302.2232729283511
22.81346997919184	-302.2166433109974
22.84568441106441	-302.2099930947915
22.87789884293697	-302.2033222667685
22.91011327480954	-302.1966308140229
22.9423277066821	-302.1899187240056
22.97454213855466	-302.1831859840717
23.00675657042723	-302.1764325817803
23.03897100229979	-302.1696585052027
23.07118543417236	-302.1628637413649
23.10339986604492	-302.1560482785994
23.13561429791748	-302.1492121049908
23.16782872979005	-302.1423552087565
23.20004316166261	-302.135477578244
23.23225759353518	-302.1285792018813
23.26447202540774	-302.121660068392
23.29668645728031	-302.114720166467
23.32890088915287	-302.1077594849835
23.36111532102543	-302.100778013171
23.393329752898	-302.0937757397106
23.42554418477056	-302.086752654092
23.45775861664313	-302.079708745721
23.48997304851569	-302.072644004135
23.52218748038825	-302.0655584190047
23.55440191226082	-302.0584519800943
23.58661634413338	-302.0513246774215
23.61883077600595	-302.0441765010139
23.65104520787851	-302.037007441075
23.68325963975107	-302.0298174879892
23.71547407162364	-302.0226066321146
23.7476885034962	-302.015374864101
23.77990293536877	-302.0081221746798
23.81211736724133	-302.0008485547143
23.8443317991139	-301.9935539952018
23.87654623098646	-301.9862384872419
23.90876066285902	-301.9789020221579
23.94097509473159	-301.9715445913156
23.97318952660415	-301.964166186242
24.00540395847672	-301.9567667985978
24.03761839034928	-301.9493464201385
24.06983282222184	-301.9419050428661
24.10204725409441	-301.9344426588005
24.13426168596697	-301.9269592601318
24.16647611783954	-301.9194548391824
24.1986905497121	-301.911929388385
24.23090498158466	-301.9043829003728
24.26311941345723	-301.8968153678439
24.29533384532979	-301.8892267836497
24.32754827720236	-301.8816171407746
24.35976270907492	-301.8739864321669
24.39197714094749	-301.8663346514301
24.42419157282005	-301.8586617917722
24.45640600469261	-301.8509678467075
24.48862043656518	-301.8432528098784
24.52083486843774	-301.8355166750451
24.55304930031031	-301.8277594361489
24.58526373218287	-301.8199810872122
24.61747816405543	-301.8121816224054
24.649692595928	-301.8043610360316
24.68190702780056	-301.7965193223147
24.71412145967313	-301.7886564762553
24.74633589154569	-301.7807724923415
24.77855032341825	-301.7728673654001
24.81076475529082	-301.7649410903897
24.84297918716338	-301.7569936623866
24.87519361903595	-301.7490250766348
24.90740805090851	-301.7410353284718
24.93962248278108	-301.7330244133803
24.97183691465364	-301.7249923269707
25.0040513465262	-301.7169390646584
25.03626577839877	-301.7088646229905
25.06848021027133	-301.7007689976512
25.1006946421439	-301.692652184772
25.13290907401646	-301.6845141806151
25.16512350588902	-301.6763549815601
25.19733793776159	-301.6681745841529
25.22955236963415	-301.65997298503
25.26176680150672	-301.6517501809709
25.29398123337928	-301.6435061688852
25.32619566525184	-301.6352409454748
25.35841009712441	-301.6269545085947
25.39062452899697	-301.6186468552194
25.42283896086954	-301.6103179827738
25.4550533927421	-301.6019678888096
25.48726782461467	-301.5935965710015
25.51948225648723	-301.585204027172
25.55169668835979	-301.576790255252
25.58391112023236	-301.568355253306
25.61612555210492	-301.5598990195268
25.64833998397749	-301.5514215522365
25.68055441585005	-301.5381846547261
25.71276884772261	-301.5301975129302
25.74498327959518	-301.5225714985657
25.77719771146774	-301.5152626410646
25.80941214334031	-301.50820788051
25.84162657521287	-301.5013250676717
25.87384100708543	-301.4945129639555
25.906055438958	-301.4876512414393
25.93826987083056	-301.4806004828606
25.97048430270313	-301.4732021816184
26.00269873457569	-301.4844006381797
26.03491316644826	-301.4739761958119
26.06712759832082	-301.4610631959293
26.09934203019338	-301.4455855710976
26.13155646206595	-301.4275242104478
26.16377089393851	-301.4069169596895
26.19598532581108	-301.383858621089
26.22819975768364	-301.358500953485
26.2604141895562	-301.3310526722825
26.29262862142877	-301.3017794494544
26.32484305330133	-301.2421880550185
26.3570574851739	-301.212428733476
26.38927191704646	-301.18433596606
26.42148634891903	-301.1581905076559
26.45370078079159	-301.1342164854264
26.48591521266415	-301.1125813988269
26.51812964453672	-301.0933961195859
26.55034407640928	-301.0767148917159
26.58255850828185	-301.0625353315095
26.61477294015441	-301.050798427548
26.64698737202697	-301.0606080170353
26.67920180389954	-301.0522803842376
26.7114162357721	-301.0442964970096
26.74363066764467	-301.0364958158656
26.77584509951723	-301.0287365628542
26.80805953138979	-301.0208957215628
26.84027396326236	-301.0128690371081
26.87248839513492	-301.0045710161412
26.90470282700749	-300.9959349268486
26.93691725888005	-300.9869127989511
26.96913169075262	-300.9774754237055
27.00134612262518	-300.9630048942571
27.03356055449774	-300.9533023404898
27.06577498637031	-300.9435803812491
27.09798941824287	-300.9338390259433
27.13020385011544	-300.9240782840589
27.162418281988	-300.9142981651592
27.19463271386056	-300.9044986788863
27.22684714573313	-300.8946798349584
27.25906157760569	-300.8848416431736
27.29127600947826	-300.8749841134053
27.32349044135082	-300.8651072549901
27.35570487322338	-300.8552110792579
27.38791930509595	-300.8452955956836
27.42013373696851	-300.8353608144478
27.45234816884108	-300.8254067458072
27.48456260071364	-300.8154334000932
27.51677703258621	-300.8054407877114
27.54899146445877	-300.7954289191432
27.58120589633133	-300.7853978049467
27.6134203282039	-300.7753474557537
27.64563476007646	-300.7652778815926
27.67784919194903	-300.7551890946636
27.71006362382159	-300.7450811051423
27.74227805569415	-300.7349539239556
27.77449248756672	-300.724807562107
27.80670691943928	-300.7146420306685
27.83892135131185	-300.7044573407858
27.87113578318441	-300.6942535036786
27.90335021505697	-300.6840305306378
27.93556464692954	-300.6737884330272
27.9677790788021	-300.6635272216312
27.99999351067467	-300.6532469093075
28.03220794254723	-300.642947506995
28.0644223744198	-300.6326290263427
28.09663680629236	-300.6222914790719
28.12885123816492	-300.6119348769714
28.16106567003749	-300.6015592319021
28.19328010191005	-300.5911645557937
28.22549453378262	-300.5807508606461
28.25770896565518	-300.5703181585295
28.28992339752774	-300.5598664609479
28.32213782940031	-300.5493957814155
28.35435226127287	-300.5389061315977
28.38656669314544	-300.5283975238391
28.418781125018	-300.5178699705567
28.45099555689056	-300.5073234842311
28.48320998876313	-300.496758077407
28.51542442063569	-300.4861737627081
28.54763885250826	-300.475570552815
28.57985328438082	-300.4649484604799
28.61206771625339	-300.4543074985222
28.64428214812595	-300.4436476792017
28.67649657999851	-300.4329690168012
28.70871101187108	-300.4222715236913
28.74092544374364	-300.4115552129573
28.77313987561621	-300.400820097747
28.80535430748877	-300.3900661912739
28.83756873936133	-300.3792935068167
28.8697831712339	-300.3685020577192
28.90199760310646	-300.35769185739
28.93421203497903	-300.3468629193029
28.96642646685159	-300.336015256408
28.99864089872415	-300.3251488835443
29.03085533059672	-300.3142638137811
29.06306976246928	-300.3033600608482
29.09528419434185	-300.2924376385366
29.12749862621441	-300.2814965607004
29.15971305808698	-300.2705368412564
29.19192748995954	-300.2595584941839
29.2241419218321	-300.2485615335252
29.25635635370467	-300.237545973385
29.28857078557723	-300.2265118273017
29.3207852174498	-300.2154591108139
29.35299964932236	-300.204387837586
29.38521408119492	-300.1932980219693
29.41742851306749	-300.1821896783744
29.44964294494005	-300.1710628212724
29.48185737681262	-300.1599174651944
29.51407180868518	-300.148753624732
29.54628624055774	-300.1375713145367
29.57850067243031	-300.1263705493204
29.61071510430287	-300.1151513432771
29.64292953617544	-300.1039137124302
29.675143968048	-300.0926576711055
29.70735839992057	-300.0813832342531
29.73957283179313	-300.0700904168788
29.77178726366569	-300.0587792340471
29.80400169553826	-300.0474497008805
29.83621612741082	-300.0361018325591
29.86843055928339	-300.0247356443213
29.90064499115595	-300.0133511514632
29.93285942302851	-300.0019483687447
29.96507385490108	-299.9905273127917
29.99728828677364	-299.9790879985035
30.02950271864621	-299.9676304414047
30.06171715051877	-299.9561546570748
30.09393158239133	-299.9446606611498
30.1261460142639	-299.9331484693204
30.15836044613646	-299.9216180973335
30.19057487800903	-299.9100695609911
30.22278930988159	-299.8985028761512
30.25500374175416	-299.8869180587274
30.28721817362672	-299.875315124134
30.31943260549928	-299.8636940895662
30.35164703737185	-299.8520549705331
30.38386146924441	-299.8403977831651
30.41607590111698	-299.8287225436463
30.44829033298954	-299.8170292682144
30.4805047648621	-299.8053179731597
30.51271919673467	-299.7935886748266
30.54493362860723	-299.7818413896123
30.5771480604798	-299.7700761339679
30.60936249235236	-299.7582929238462
30.64157692422492	-299.7464917769579
30.67379135609749	-299.7346727093567
30.70600578797005	-299.7228357377024
30.73822021984262	-299.7109808787058
30.77043465171518	-299.6991081491289
30.80264908358775	-299.6872175657848
30.83486351546031	-299.6753091455382
30.86707794733287	-299.6633829053043
30.89929237920544	-299.6514388620499
30.931506811078	-299.6394770322478
30.96372124295057	-299.6274974340964
30.99593567482313	-299.6155000841768
31.02815010669569	-299.6034849996557
31.06036453856826	-299.5914521977496
31.09257897044082	-299.5794016957236
31.12479340231339	-299.5673335108924
31.15700783418595	-299.5552476606192
31.18922226605851	-299.5431441623165
31.22143669793108	-299.5310230334459
31.25365112980364	-299.5188842909827
31.28586556167621	-299.5067279535859
31.31807999354877	-299.4945540383437
31.35029442542134	-299.4823625629103
31.3825088572939	-299.4701535449865
31.41472328916646	-299.4579270023204
31.44693772103903	-299.4456829527068
31.47915215291159	-299.4334214139874
31.51136658478416	-299.4211424040508
31.54358101665672	-299.4088459408327
31.57579544852928	-299.3965320423157
31.60800988040185	-299.3842007265291
31.64022431227441	-299.3718520115491
31.67243874414698	-299.3594859154993
31.70465317601954	-299.3471024565496
31.7368676078921	-299.3347016529174
31.76908203976467	-299.3222835228663
31.80129647163723	-299.3098480847077
31.8335109035098	-299.2973953567991
31.86572533538236	-299.2849253575454
31.89793976725493	-299.2724381053986
31.93015419912749	-299.2599336188567
31.96236863100005	-299.2474119164657
31.99458306287262	-299.234873016818
32.02679749474518	-299.2223169385528
32.05901192661774	-299.2097437003564
32.0912263584903	-299.1971533209622
32.12344079036286	-299.1845458191502
32.15565522223542	-299.1719212137474
32.18786965410798	-299.1592795236277
32.22008408598055	-299.1466207677122
