0
1000	1.0219978922	100000000000000.1
5	0	0	1
5	0	0	0
0.03786664528905326	7.939808358191284e-06
0.07008107716161713	2.200525813553765e-05
0.102295509034181	3.253972396174734e-05
0.1345099409067449	3.834579357437142e-05
0.1667243727793087	3.915993761937101e-05
0.1989388046518726	3.916137832948228e-05
0.2311532365244365	3.916272418134728e-05
0.2633676683970003	3.916334214903284e-05
0.2955821002695642	3.91592458768124e-05
0.3277965321421281	3.916712627646164e-05
0.360010964014692	3.916750250756193e-05
0.3922253958872559	3.916917929731083e-05
0.4244398277598198	3.917009920341433e-05
0.4566542596323837	3.915871922505608e-05
0.4888686915049476	4.038124244141618e-05
0.5210831233775115	6.890946847823423e-05
0.5532975552500754	0.0001432502395661361
0.5855119871226393	0.0002729936403616977
0.6177264189952032	0.0004692297750546421
0.6499408508677671	0.0007458218899181653
0.682155282740331	0.001117581598682651
0.7143697146128949	0.001588768340831205
0.7465841464854588	0.002172860531804705
0.7787985783580227	0.002881945280077455
0.8110130102305866	0.003727327748667394
0.8432274421031505	0.004721605114131272
0.8754418739757144	0.005875872682290008
0.9076563058482783	0.007202996273554001
0.9398707377208422	0.008717386938486905
0.9720851695934061	0.01043336231718126
1.00429960146597	0.0123775335316079
1.036514033338534	0.01455424094178507
1.068728465211098	0.0169645165559854
1.100942897083662	0.01962792886448823
1.133157328956226	0.02254052356775471
1.165371760828789	0.02572101884673263
1.197586192701353	0.02917419069403504
1.229800624573917	0.03292707700921738
1.262015056446481	0.03698838241224572
1.294229488319045	0.04134610375148494
1.326443920191609	0.04604459018290734
1.358658352064173	0.05106087389674024
1.390872783936737	0.05644573317456758
1.423087215809301	0.06217716245496632
1.455301647681865	0.06829986694811419
1.487516079554428	0.07481747117881023
1.519730511426992	0.08174721501326489
1.551944943299556	0.08910358873983992
1.58415937517212	0.0968936347776702
1.616373807044684	0.1051462859646093
1.648588238917248	0.1138822026601825
1.680802670789812	0.123105579032102
1.713017102662376	0.1328188895754445
1.74523153453494	0.143092521625556
1.777445966407504	0.1539132263326213
1.809660398280067	0.1653088694871439
1.841874830152631	0.1772978569343857
1.874089262025195	0.1898949950498801
1.906303693897759	0.203145699776439
1.938518125770323	0.2170579395057216
1.970732557642887	0.2316403773617847
2.002946989515451	0.2469620216966743
2.035161421388014	0.2630242754385955
2.067375853260578	0.2798302860219958
2.099590285133142	0.2974513808331862
2.131804717005705	0.3158779321019821
2.164019148878269	0.3351818773886835
2.196233580750833	0.3553917005417277
2.228448012623396	0.3764802212928837
2.26066244449596	0.3985386322550346
2.292876876368524	0.4215827136742807
2.325091308241087	0.4456608686058411
2.357305740113651	0.4707735244410441
2.389520171986215	0.4970043370066088
2.421734603858778	0.5243813481138454
2.453949035731342	0.5529280056177889
2.486163467603906	0.5827093662505148
2.518377899476469	0.6137420074806776
2.550592331349033	0.6460761969969819
2.582806763221597	0.67980260639748
2.61502119509416	0.7149162851888485
2.647235626966724	0.7515167116128338
2.679450058839288	0.7895868697371942
2.711664490711851	0.8292300600209063
2.743878922584415	0.8704997767353414
2.776093354456979	0.9134484038771838
2.808307786329542	0.9581208173899857
2.840522218202106	1.004623997061537
2.87273665007467	1.052948747849574
2.904951081947234	1.103208187489707
2.937165513819797	1.155505755206663
2.969379945692361	1.209809493207086
3.001594377564925	1.266267537299694
3.033808809437488	1.324931744056024
3.066023241310052	1.385913193087275
3.098237673182616	1.449249095391334
3.130452105055179	1.515019610736153
3.162666536927743	1.583339441567556
3.194880968800307	1.654315517431538
3.22709540067287	1.727964105239054
3.259309832545434	1.804436640660182
3.291524264417998	1.883839429576443
3.323738696290561	1.966259560111968
3.355953128163125	2.05176583326523
3.388167560035689	2.140494692854702
3.420381991908252	2.232554144897659
3.452596423780816	2.328066218890932
3.48481085565338	2.42713463251342
3.517025287525943	2.529900685512008
3.549239719398507	2.636451557055696
3.581454151271071	2.746958998758969
3.613668583143634	2.861575242596901
3.645883015016198	2.980372539973334
3.678097446888762	3.103514522644042
3.710311878761325	3.231161616234635
3.742526310633889	3.36346832277517
3.774740742506453	3.500590342704512
3.806955174379016	3.642692856062361
3.83916960625158	3.789907414225462
3.871384038124144	3.942430453359739
3.903598469996707	4.100430714139746
3.935812901869271	4.264092815565284
3.968027333741835	4.433601002928672
4.000241765614398	4.60918578412852
4.032456197486963	4.790989117187855
4.064670629359527	4.97924737234446
4.096885061232091	5.174129167287049
4.129099493104655	5.375892991498032
4.161313924977219	5.584740055202294
4.193528356849783	5.800946994117758
4.225742788722347	6.024671218554561
4.257957220594911	6.256163942305066
4.290171652467476	6.495728479939381
4.32238608434004	6.743582631234228
4.354600516212604	7.000011378906799
4.386814948085168	7.265262312326887
4.419029379957732	7.539669854785956
4.451243811830296	7.823469522161941
4.48345824370286	8.116956601977748
4.515672675575424	8.420439034221053
4.547887107447989	8.734236230085326
4.580101539320553	9.05867370033549
4.612315971193117	9.394079884280915
4.644530403065681	9.740776921888029
4.676744834938245	10.09916049969816
4.708959266810809	10.46958541894849
4.741173698683373	10.85237644138894
4.773388130555937	11.24795215272127
4.805602562428501	11.65669942447702
4.837816994301066	12.0790440107642
4.87003142617363	12.51534723784969
4.902245858046194	12.96610019319406
4.934460289918758	13.43170647981821
4.966674721791322	13.91263582661559
4.998889153663886	14.40941534061989
5.03110358553645	14.92241974034673
5.063318017409014	15.452188747042
5.095532449281579	15.99921584322966
5.127746881154143	16.56406294067427
5.159961313026707	17.14722664198154
5.192175744899271	17.74931588921119
5.224390176771835	18.37084538860924
5.256604608644399	19.01243329805373
5.288819040516963	19.67469259759298
5.321033472389527	20.35821269365206
5.353247904262092	21.06370319216451
5.385462336134656	21.79170447509379
5.41767676800722	22.54294912689469
5.449891199879784	23.31814264747512
5.482105631752348	24.11797053518281
5.514320063624912	24.94318552852523
5.546534495497476	25.79455774274083
5.57874892737004	26.67282350952601
5.610963359242604	27.57880364908537
5.643177791115169	28.51332157982868
5.675392222987733	29.47722073120056
5.707606654860297	30.47136867122119
5.739821086732861	31.49670408340871
5.772035518605425	32.55406068919348
5.804249950477989	33.64443782327579
5.836464382350553	34.76876699831865
5.868678814223117	35.92809753428365
5.900893246095682	37.12342631017869
5.933107677968246	38.35580974924907
5.96532210984081	39.62633838545689
5.997536541713374	40.93614390745027
6.029750973585938	42.28637440767587
6.061965405458502	43.67822718730242
6.094179837331066	45.11288769202926
6.12639426920363	46.59164561932918
6.158608701076195	48.11577228864336
6.190823132948759	49.68659217291784
6.223037564821323	51.30557446541339
6.255251996693887	52.97394397568484
6.287466428566451	54.69321300947166
6.319680860439015	56.46492595387095
6.351895292311579	58.29056879631717
6.384109724184143	60.17171584050777
6.416324156056707	62.11003808163967
6.448538587929272	64.10714102166108
6.480753019801836	66.1647786599144
6.5129674516744	68.28472557275761
6.545181883546964	70.46876553379397
6.577396315419528	72.71881877801533
6.609610747292092	75.03673858476847
6.641825179164656	77.42458841617047
6.67403961103722	79.88437080424917
6.706254042909785	82.41816033874657
6.738468474782349	85.02820598057147
6.770682906654913	87.71665229786807
6.802897338527477	90.48577155887067
6.835111770400041	93.33797011808429
6.867326202272605	96.2756638285267
6.899540634145169	99.30130421162809
6.931755066017733	102.4175275564659
6.963969497890298	105.6269207191862
6.996183929762862	108.9322369234704
7.028398361635426	112.3362993218566
7.06061279350799	115.8419365836675
7.092827225380554	119.4521187422278
7.125041657253118	123.1699630091963
7.157256089125682	126.998597863703
7.189470520998246	130.9411775125113
7.22168495287081	135.0010996621253
7.253899384743375	139.1818277718457
7.286113816615939	143.48685462915
7.318328248488503	147.9197962123058
7.350542680361067	152.4844450767884
7.382757112233631	157.1846527542957
7.414971544106195	162.0243548444531
7.447185975978759	167.0076061394234
7.479400407851323	172.1386604840845
7.511614839723888	177.4218385763908
7.543829271596452	182.8615981109993
7.576043703469016	188.4625366223391
7.60825813534158	194.2293373116361
7.640472567214144	200.1669228754562
7.672686999086708	206.2802395670526
7.704901430959272	212.5744919316309
7.737115862831836	219.0549398923451
7.769330294704401	225.7271173511072
7.801544726576965	232.5966519330262
7.833759158449529	239.6692422411147
7.865973590322093	246.9509477684609
7.898188022194657	254.4478601405696
7.930402454067221	262.1663127384249
7.962616885939785	270.1128568481208
7.994831317812349	278.2941712335086
8.027045749684913	286.7171524092435
8.059260181557477	295.3889002455466
8.091474613430041	304.3167605187234
8.123689045302605	313.5082874727229
8.155903477175169	322.9712976188022
8.188117909047733	332.7135967749774
8.220332340920297	342.7435490048744
8.252546772792861	353.0696492719102
8.284761204665426	363.7005912083222
8.31697563653799	374.6453199855976
8.349190068410554	385.9130883209969
8.381404500283118	397.513519722982
8.413618932155682	409.4563892485079
8.445833364028246	421.7517776456889
8.47804779590081	434.4101338743147
8.510262227773374	447.4421257967608
8.542476659645938	460.8588058220608
8.574691091518503	474.6715950083079
8.606905523391067	488.8921992430273
8.639119955263631	503.5325709358188
8.671334387136195	518.6051890643196
8.703548819008759	534.122900320252
8.735763250881323	550.0988066380584
8.767977682753887	566.5464753162879
8.800192114626451	583.4797888590383
8.832406546499016	600.9133448686753
8.86462097837158	618.861805521574
8.896835410244144	637.3404637084675
8.929049842116708	656.3650755551752
8.961264273989272	675.9516866133947
8.993478705861836	696.1171137889594
9.0256931377344	716.8784773516634
9.057907569606964	738.2534656528887
9.090122001479529	760.2602665794807
9.122336433352093	782.9177478232565
9.154550865224657	806.2450996700371
9.186765297097221	830.2622836401945
9.218979728969785	854.9897731741422
9.251194160842349	880.4486290220351
9.283408592714913	906.6606604119837
9.315623024587477	933.6483028397687
9.347837456460041	961.4345719628379
9.380051888332606	990.0432010405245
9.41226632020517	1019.498695015501
9.444480752077734	1049.826293695629
9.476695183950298	1081.051925708253
9.508909615822862	1113.202419821037
9.541124047695426	1146.305242222764
9.57333847956799	1180.388833663566
9.605552911440554	1215.482375428506
9.637767343313119	1251.615987427356
9.669981775185683	1288.82067263452
9.702196207058247	1327.12845191488
9.734410638930811	1366.572226408504
9.766625070803375	1407.185877180029
9.798839502675939	1449.004337476057
9.831053934548503	1492.063523275582
9.863268366421067	1536.400600384155
9.895482798293632	1582.053707662972
9.927697230166196	1629.062190584597
9.95991166203876	1677.466556807949
9.992126093911324	1727.308526321512
10.02434052578389	1778.631086031623
10.05655495765645	1831.478577562565
10.08876938952902	1885.896527954074
10.12098382140158	1941.932070638113
10.15319825327414	1999.633566775269
10.18541268514671	2059.050886079418
10.21762711701927	2120.235449402913
10.24984154889184	2183.240222898217
10.2820559807644	2248.119731938979
10.31427041263697	2314.930210190796
10.34648484450953	2383.729376026533
10.37869927638209	2454.577004393021
10.41091370825466	2527.534512763807
10.44312814012722	2602.665226468776
10.47534257199979	2680.034278465715
10.50755700387235	2759.708934932802
10.53977143574491	2841.758386708381
10.57198586761748	2926.253968426114
10.60420029949004	3013.269782701357
10.63641473136261	3102.880087153465
10.66862916323517	3195.163733971069
10.70084359510773	3290.200832560628
10.7330580269803	3388.074729597672
10.76527245885286	3488.869726910723
10.79748689072543	3592.674291749808
10.82970132259799	3699.578839200436
10.86191575447056	3809.677310385291
10.89413018634312	3923.06465289623
10.92634461821568	4039.837362352939
10.95855905008825	4160.103769482832
10.99077348196081	4283.966191318222
11.02298791383338	4411.533664517326
11.05520234570594	4542.914532937541
11.0874167775785	4678.22844300643
11.11963120945107	4817.592107422453
11.15184564132363	4961.128147601578
11.1840600731962	5108.961573827899
11.21627450506876	5261.219306659103
11.24848893694132	5418.047292699596
11.28070336881389	5579.568266243103
11.31291780068645	5745.93021956258
11.34513223255902	5917.274624113428
11.37734666443158	6093.759117829966
11.40956109630415	6275.539553552579
11.44177552817671	6462.768712418541
11.47398996004927	6655.613506642917
11.50620439192184	6854.242290051512
11.5384188237944	7058.839955512721
11.57063325566697	7269.572662919391
11.60284768753953	7486.62716867484
11.63506211941209	7710.200713362775
11.66727655128466	7940.492433720268
11.69949098315722	8177.708563932347
11.73170541502979	8422.042935372005
11.76391984690235	8673.723894855309
11.79613427877491	8932.966237122539
11.82834871064748	9200.006182850117
11.86056314252004	9475.080615885767
11.89277757439261	9758.419890753294
11.92499200626517	10050.28600566838
11.95720643813774	10350.93532847938
11.9894208700103	10660.64218681296
12.02163530188286	10979.6662869544
12.05384973375543	11308.29121498908
12.08606416562799	11646.81679997854
12.11827859750056	11995.53792947415
12.15049302937312	12354.77543263233
12.18270746124568	12724.82869085354
12.21492189311825	13106.03529512085
12.24713632499081	13498.76141234036
12.27935075686338	13903.3029169837
12.31156518873594	14320.0373402661
12.3437796206085	14749.34114038677
12.37599405248107	15191.59093233354
12.40820848435363	15647.20087519026
12.4404229162262	16116.54125610052
12.47263734809876	16600.04085564781
12.50485177997133	17098.14127158451
12.53706621184389	17611.26310934337
12.56928064371645	18139.8601080153
12.60149507558902	18684.44368350839
12.63370950746158	19245.47866984317
12.66592393933415	19823.46780247054
12.69813837120671	20418.9147644859
12.73035280307927	21032.36152108171
12.76256723495184	21664.36050388472
12.7947816668244	22315.47220333741
12.82699609869697	22986.27592625068
12.85921053056953	23677.37616075009
12.89142496244209	24389.35313590353
12.92363939431466	25122.96352860119
12.95585382618722	25878.73636562153
12.98806825805979	26657.39259988644
13.02028268993235	27459.628077293
13.05249712180492	28286.1902193776
13.08471155367748	29137.74360885894
13.11692598555004	30015.12401996044
13.14914041742261	30919.09490429891
13.18135484929517	31850.46722694098
13.21356928116774	32810.08027335435
13.2457837130403	33798.8051679827
13.27799814491286	34817.49719840411
13.31021257678543	35867.08814575632
13.34242700865799	36948.52077835948
13.37464144053056	38062.76680558822
13.40685587240312	39210.8242186137
13.43907030427568	40393.72965578149
13.47128473614825	41612.54925316929
13.50349916802081	42868.37709322215
13.53571359989338	44162.34351412827
13.56792803176594	45495.59817535614
13.60014246363851	46869.36867403015
13.63235689551107	48284.89194584506
13.66457132738363	49743.42892170601
13.6967857592562	51246.29980758786
13.72900019112876	52794.85999595863
13.76121462300133	54390.53867482336
13.79342905487389	56034.70104110507
13.82564348674645	57728.88530084881
13.85785791861902	59474.60045773852
13.89007235049158	61273.43317302818
13.92228678236415	63126.99508476364
13.95450121423671	65036.97441460908
13.98671564610927	67005.1172984232
14.01893007798184	69033.15339028282
14.0511445098544	71122.9540814115
14.08335894172697	73276.39995437389
14.11557337359953	75495.42309312537
14.1477878054721	77782.09644513096
14.18000223734466	80138.38539822288
14.21221666921722	82566.50951138228
14.24443110108979	85068.63963623151
14.27664553296235	87647.06057211924
14.30885996483492	90304.0700859994
14.34107439670748	93042.17425475802
14.37328882858004	95863.69904810521
14.40550326045261	98771.35615822386
14.43771769232517	101767.6860047593
14.46993212419774	104855.4414149489
14.5021465560703	108037.427164123
14.53436098794286	111316.5823145151
14.56657541981543	114695.8073583912
14.59878985168799	118178.1987019517
14.63100428356056	121766.8969841338
14.66321871543312	125465.1913347065
14.69543314730569	129276.4194996704
14.72764757917825	133204.13285087
14.75986201105081	137251.8555204057
14.79207644292338	141423.1596943396
14.82429087479594	145722.0399540255
14.85650530666851	150152.2922555293
14.88871973854107	154717.5810861734
14.92093417041363	159422.8756175217
14.9531486022862	164272.2676293918
14.98536303415876	169269.9063429412
15.01757746603133	174420.4290595661
15.04979189790389	179728.6639860325
15.08200632977645	185199.100736945
15.11422076164902	190837.2834949602
15.14643519352158	196648.2253586803
15.17864962539415	202637.1238740438
15.21086405726671	208809.3681986303
15.24307848913928	215171.5953901502
15.27529292101184	221727.4191090824
15.3075073528844	228484.4894407551
15.33972178475697	235448.6240221339
15.37193621662953	242626.1274894219
15.4041506485021	250023.6204186813
15.43636508037466	257648.3407884889
15.46857951224722	265505.7027693852
15.50079394411979	273604.403607277
15.53300837599235	281951.5084933745
15.56522280786492	290553.6437434054
15.59743723973748	299420.4158642673
15.62965167161004	308560.1109240622
15.66186610348261	317979.2005370462
15.69408053535517	327686.9217595027
15.72629496722774	337692.8186820742
15.7585093991003	348005.3904607189
15.79072383097287	358634.8310438836
15.82293826284543	369591.4452579144
15.85515269471799	380883.5373443872
15.88736712659056	392522.0362424908
15.91958155846312	404518.0454184416
15.95179599033569	416881.5989340324
15.98401042220825	429625.6813977355
16.01622485408081	442761.825316304
16.04843928595338	456300.9470917677
16.08065371782594	470256.2030025976
16.11286814969851	484639.6811117502
16.14508258157107	499465.6302843881
16.17729701344363	514746.5735677487
16.2095114453162	530497.9779611066
16.24172587718876	546734.6893979626
16.27394030906133	563469.7280953475
16.30615474093389	580719.4418556493
16.33836917280646	598499.6376595385
16.37058360467902	616826.2716064411
16.40279803655158	635717.2453776181
16.43501246842415	655189.3636007787
16.46722690029671	675261.5341681677
16.49944133216928	695950.7322374291
16.53165576404184	717275.8914529013
16.5638701959144	739257.905868282
16.59608462778697	761915.7295173954
16.62829905965953	785272.1042156423
16.6605134915321	809347.5533008159
16.69272792340466	834164.9972049101
16.72494235527722	859746.2856726227
16.75715678714979	886115.3959079536
16.78937121902235	913296.3118652531
16.82158565089492	941314.3298669086
16.85380008276748	970196.5910505941
16.88601451464005	999969.0733883032
16.91822894651261	1030660.021958904
16.95044337838517	1062296.287300405
16.98265781025774	1094907.487612721
17.0148722421303	1128523.713780528
17.04708667400287	1163176.260524258
17.07930110587543	1198897.974155227
17.11151553774799	1235721.475060967
17.14372996962056	1273681.683019796
17.17594440149312	1312812.174605369
17.20815883336569	1353149.446297296
17.24037326523825	1394730.730609092
17.27258769711081	1437594.649124778
17.30480212898338	1481782.180449933
17.33701656085594	1527333.5548193
17.36923099272851	1574291.057605803
17.40144542460107	1622698.889611478
17.43365985647364	1672600.45554355
17.4658742883462	1724042.825410918
17.49808872021876	1777073.160416321
17.53030315209133	1831740.865642349
17.56251758396389	1888098.010337459
17.59473201583646	1946196.01507142
17.62694644770902	2006090.024351113
17.65916087958158	2067833.800907346
17.69137531145415	2131485.107748849
17.72358974332671	2197103.381574924
17.75580417519928	2264748.80633256
17.78801860707184	2334485.888933209
17.82023303894441	2406378.710908819
17.85244747081697	2480494.134505914
17.88466190268953	2556902.477409604
17.9168763345621	2635671.965931958
17.94909076643466	2716877.377397955
17.98130519830723	2800594.196032668
18.01351963017979	2886899.461500581
18.04573406205235	2975874.817757054
18.07794849392492	3067603.397214331
18.11016292579748	3162169.92904072
18.14237735767005	3259662.819622413
18.17459178954261	3360173.214125655
18.20680622141517	3463793.507983537
18.23902065328774	3570620.956817482
18.2712350851603	3680754.326216152
18.30344951703287	3794297.566723587
18.33566394890543	3911356.73260431
18.367878380778	4032040.528329598
18.40009281265056	4156461.910164017
18.43230724452312	4284737.28933797
18.46452167639569	4416984.666162881
18.49673610826825	4553328.318428714
18.52895054014082	4693895.59973048
18.56116497201338	4838817.134754967
18.59337940388594	4988229.256151864
18.62559383575851	5142271.52318112
18.65780826763107	5301087.543503831
18.69002269950364	5464825.984793884
18.7222371313762	5633640.315250994
18.75445156324876	5807686.537849449
18.78666599512133	5987128.165861445
18.81888042699389	6172132.155225247
18.85109485886646	6362873.342879102
18.88330929073902	6559528.765262033
18.91552372261159	6762283.354912647
18.94773815448415	6971326.647964917
18.97995258635671	7186853.776045874
19.01216701822928	7409067.313210681
19.04438145010184	7638173.991966856
19.07659588197441	7874388.863324635
19.10881031384697	8117932.117430621
19.14102474571953	8369033.825764542
19.1732391775921	8627927.686791206
19.20545360946466	8894857.322144482
19.23766804133723	9170072.695139211
19.26988247320979	9453831.005990718
19.30209690508235	9746399.683860801
19.33431133695492	10048050.78448881
19.36652576882748	10359068.25672786
19.39874020070005	10679743.5491335
19.43095463257261	11010376.97278031
19.46316906444518	11351279.75576227
19.49538349631774	11702770.87762018
19.5275979281903	12065181.08217291
19.55981236006287	12438849.50275423
19.59202679193543	12824127.22102809
19.624241223808	13221376.95966406
19.65645565568056	13630969.40951377
19.68867008755312	14053290.51188139
19.72088451942569	14488735.64032023
19.75309895129825	14937715.87403241
19.78531338317082	15400652.12915395
19.81752781504338	15877978.94066228
19.84974224691594	16370145.61835125
19.88195667878851	16877614.41329482
19.91417111066107	17400863.03248182
19.94638554253364	17940382.04327249
19.9785999744062	18496679.41563596
20.01081440627877	19070278.32387742
20.04302883815133	19661717.28280606
20.07524327002389	20271554.71944934
20.10745770189646	20900363.42365286
20.13967213376902	21548734.88874821
20.17188656564159	22217279.83508284
20.20410099751415	22906627.20461057
20.23631542938671	23617426.03037517
20.26852986125928	24350346.68978661
20.30074429313184	25106077.10443496
20.33295872500441	25885330.10055133
20.36517315687697	26688839.07777587
20.39738758874953	27517362.40736754
20.4296020206221	28371679.86158824
20.46181645249466	29252597.0509247
20.49403088436723	30160943.14726212
20.52624531623979	31097575.45685449
20.55845974811236	32063376.70204106
20.59067417998492	33059258.52861685
20.62288861185748	34086157.83980139
20.65510304373005	35145044.26569767
20.68731747560261	36236915.59835178
20.71953190747518	37362804.00647859
20.75174633934774	38523770.98214895
20.7839607712203	39720912.0065363
20.81617520309287	40955356.68376432
20.84838963496543	42228269.78092894
20.880604066838	43540854.34837939
20.91281849871056	44894349.08272405
20.94503293058312	46290032.84998719
20.97724736245569	47729222.36760626
21.00946179432825	49213277.69552253
21.04167622620082	50743599.82665912
21.07389065807338	52321636.74960705
21.10610508994595	53948878.70188168
21.13831952181851	55626863.79920392
21.17053395369107	57357177.46018402
21.20274838556364	59141455.11790861
21.2349628174362	60981384.91874596
21.26717724930877	62878706.1271164
21.29939168118133	64835214.14575054
21.33160611305389	66852757.28969083
21.36382054492646	68933245.12277703
21.39603497679902	71078645.26049881
21.42824940867159	73290989.12138142
21.46046384054415	75572369.45490642
21.49267827241671	77924946.0064496
21.52489270428928	80350944.67608847
21.55710713616184	82852662.62561142
21.58932156803441	85432468.0867306
21.62153599990697	88092804.6900924
21.65375043177954	90836191.59113935
21.6859648636521	93665228.33730528
21.71817929552466	96582592.42902136
21.75039372739723	99591048.90214731
21.78260815926979	102693447.3864717
21.81482259114236	105892729.957379
21.84703702301492	109191927.9304814
21.87925145488748	112594168.1575176
21.91146588676005	116102676.1165068
21.94368031863261	119720778.1059423
21.97589475050518	123451905.0267873
22.00810918237774	127299594.658763
22.0403236142503	131267497.6039363
22.07253804612287	135359377.7186681
22.10475247799543	139579115.7524114
22.136966909868	143930716.0467602
22.16918134174056	148418306.7381997
22.20139577361313	153046148.9763511
22.23361020548569	157818634.4539668
22.26582463735825	162740293.0040649
22.29803906923082	167815797.3283339
22.33025350110338	173049966.7369887
22.36246793297595	178447771.2242718
22.39468236484851	184014337.5408497
22.42689679672107	189754952.750749
22.45911122859364	195675070.1278349
22.4913256604662	201780315.3187093
22.52354009233877	208076486.7292944
22.55575452421133	214569567.9713711
22.58796895608389	221265731.3172502
22.62018338795646	228171341.143995
22.65239781982902	235292961.0235648
22.68461225170159	242637362.6545809
22.71682668357415	250211527.1791815
22.74904111544672	258022659.6945031
22.78125554731928	266078187.8395188
22.81346997919184	274385773.7226508
22.84568441106441	282953319.4556127
22.87789884293697	291788976.7007368
22.91011327480954	300901153.2507365
22.9423277066821	310298517.2879352
22.97454213855466	319990013.2997487
23.00675657042723	329984865.6067188
23.03897100229979	340292592.6657499
23.07118543417236	350922999.7593859
23.10339986604492	361886211.4271197
23.13561429791748	373192666.9613428
23.16782872979005	384853133.7626519
23.20004316166261	396878717.4740764
23.23225759353518	409280872.5174553
23.26447202540774	422071413.9157474
23.29668645728031	435262526.4927738
23.32890088915287	448866784.3991153
23.36111532102543	462897143.4724929
23.393329752898	477366979.5197024
23.42554418477056	492290085.646581
23.45775861664313	507680686.6171508
23.48997304851569	523553454.3561774
23.52218748038825	539923523.2933486
23.55440191226082	556806503.0992039
23.58661634413338	574218495.2632124
23.61883077600595	592176104.567336
23.65104520787851	610696466.1461418
23.68325963975107	629797239.1096214
23.71547407162364	649496649.0977267
23.7476885034962	669813496.7784323
23.77990293536877	690767169.8556471
23.81211736724133	712377662.4663446
23.8443317991139	734665601.6996363
23.87654623098646	757652265.3921785
23.90876066285902	781359595.3662419
23.94097509473159	805810231.2064711
23.97318952660415	831027511.3896348
24.00540395847672	857035521.5925391
24.03761839034928	883859129.7272313
24.06983282222184	911523898.1660831
24.10204725409441	940056281.1515936
24.13426168596697	969483537.0301985
24.16647611783954	999833781.8447474
24.1986905497121	1031136016.872866
24.23090498158466	1063420154.080451
24.26311941345723	1096717054.684779
24.29533384532979	1131058531.487092
24.32754827720236	1166477443.824651
24.35976270907492	1203007606.286528
24.39197714094749	1240683975.385979
24.42419157282005	1279542572.496317
24.45640600469261	1319620558.382811
24.48862043656518	1360956263.971987
24.52083486843774	1403589227.316353
24.55304930031031	1447560229.311478
24.58526373218287	1492911341.726181
24.61747816405543	1539685946.469117
24.649692595928	1587928832.706771
24.68190702780056	1637686608.006785
24.71412145967313	1689005794.938304
24.74633589154569	1741936165.265019
24.77855032341825	1796528367.460166
24.81076475529082	1852834661.774342
24.84297918716338	1910908951.912744
24.87519361903595	1970806844.264145
24.90740805090851	2032585698.670211
24.93962248278108	2096304702.742036
24.97183691465364	2162025209.293514
25.0040513465262	2229808969.25165
25.03626577839877	2299722329.784747
25.06848021027133	2371831648.170582
25.1006946421439	2446206052.322489
25.13290907401646	2522916821.894512
25.16512350588902	2602037475.946034
25.19733793776159	2683643847.771354
25.22955236963415	2767814160.861171
25.26176680150672	2854629097.208153
25.29398123337928	2944172496.822656
25.32619566525184	3036528579.845583
25.35841009712441	3131787323.492333
25.39062452899697	3230039665.111279
25.42283896086954	3331379843.243865
25.4550533927421	3435905059.201159
25.48726782461467	3543715576.678918
25.51948225648723	3654914819.592681
25.55169668835979	3769609472.28695
25.58391112023236	3887909584.218739
25.61612555210492	4009929315.877807
25.64833998397749	4135783934.515832
25.68055441585005	4265595964.246251
25.71276884772261	4399489407.546173
25.74498327959518	4537592809.920633
25.77719771146774	4680038755.754739
25.80941214334031	4826964002.466488
25.84162657521287	4978486292.447129
25.87384100708543	5134799852.546375
25.906055438958	5296031555.722012
25.93826987083056	5462336206.777319
25.97048430270313	5633843207.912485
26.00269873457569	5810818251.014446
26.03491316644826	5993312026.829444
26.06712759832082	6181551600.723937
26.09934203019338	6375713187.020624
26.13155646206595	6575981669.382507
26.16377089393851	6782663429.425061
26.19598532581108	6995717419.283877
26.22819975768364	7215458278.798574
26.2604141895562	7442094890.024895
26.29262862142877	7675831149.998557
26.32484305330133	7916934801.524413
26.3570574851739	8165575723.846776
26.38927191704646	8422023127.490384
26.42148634891903	8686519260.101452
26.45370078079159	8959317689.433336
26.48591521266415	9240468404.418983
26.51812964453672	9530675493.418032
26.55034407640928	9830018660.878191
26.58255850828185	10138788506.93058
26.61477294015441	10457275221.3027
26.64698737202697	10785859404.35637
26.67920180389954	11124708178.85578
26.7114162357721	11474270462.21078
26.74363066764467	11834854185.46456
26.77584509951723	12206806227.04937
26.80805953138979	12590733775.32195
26.84027396326236	12986444783.1453
26.87248839513492	13394678003.90187
26.90470282700749	13815763135.1088
26.93691725888005	14250106075.25334
26.96913169075262	14698102337.33204
27.00134612262518	15160254173.43117
27.03356055449774	15636908662.23316
27.06577498637031	16128576809.46442
27.09798941824287	16635725902.90071
27.13020385011544	17158845698.75021
27.162418281988	17698378331.49934
27.19463271386056	18255043486.77843
27.22684714573313	18828686878.23092
27.25906157760569	19421187028.65143
27.29127600947826	20032035369.32716
27.32349044135082	20662115086.74542
27.35570487322338	21312085489.44485
27.38791930509595	21982505999.11799
27.42013373696851	22674054132.66719
27.45234816884108	23387383139.5772
27.48456260071364	24123056069.04786
27.51677703258621	24883123779.26903
27.54899146445877	25665724686.97924
27.58120589633133	26472800063.85787
27.6134203282039	27306029013.96665
27.64563476007646	28165421863.80762
27.67784919194903	29051902201.47322
27.71006362382159	29966395622.53075
27.74227805569415	30909677524.60701
27.77449248756672	31882748554.0128
27.80670691943928	32886606443.49837
27.83892135131185	33883207442.9397
27.87113578318441	34989675120.45821
27.90335021505697	36092579605.63969
27.93556464692954	37227847356.3063
27.9677790788021	38400263432.9846
27.99999351067467	39609483003.09695
28.03220794254723	40856828113.23919
28.0644223744198	42143440887.35686
28.09663680629236	43470744596.07945
28.12885123816492	44839814232.73831
28.16106567003749	46252076458.5138
28.19328010191005	47706588518.46183
28.22549453378262	49212160415.48603
28.25770896565518	50762527283.26905
28.28992339752774	52360890037.24851
28.32213782940031	54010663078.90829
28.35435226127287	55712311186.89964
28.38656669314544	57467692884.49723
28.418781125018	59278572274.66605
28.45099555689056	61146415289.77127
28.48320998876313	63094081936.35127
28.51542442063569	65058425051.31438
28.54763885250826	67070907895.43369
28.57985328438082	69226166710.22375
28.61206771625339	71407610720.6642
28.64428214812595	73657613877.37537
28.67649657999851	75979437287.27585
28.70871101187108	78373892420.67522
28.74092544374364	80846870661.84308
28.77313987561621	83394251717.66629
28.80535430748877	86023359402.86136
28.83756873936133	88739507463.07811
28.8697831712339	91530779488.47629
28.90199760310646	94416476929.71227
28.93421203497903	97391549207.31354
28.96642646685159	100465236148.9206
28.99864089872415	103633443991.0955
29.03085533059672	106901638035.1603
29.06306976246928	110271731167.3452
29.09528419434185	113752911119.501
29.12749862621441	117338017214.9138
29.15971305808698	121039012887.4402
29.19192748995954	124858257786.5246
29.2241419218321	128793851531.4028
29.25635635370467	132872909023.8042
29.28857078557723	137045134589.7765
29.3207852174498	141368838094.3908
29.35299964932236	145830401943.7265
29.38521408119492	150431870053.6759
29.41742851306749	155176326701.6627
29.44964294494005	160072159837.2066
29.48185737681262	165125426899.1201
29.51407180868518	170335372481.4002
29.54628624055774	175710322919.865
29.57850067243031	181261544138.7881
29.61071510430287	186974478123.6291
29.64292953617544	192867811002.3599
29.675143968048	198961631839.0089
29.70735839992057	205239406380.6517
29.73957283179313	211718648249.7604
29.77178726366569	218402633490.086
29.80400169553826	225302873200.1424
29.83621612741082	232403182285.1158
29.86843055928339	239743993320.6339
29.90064499115595	247311790024.6753
29.93285942302851	255119543894.86
29.96507385490108	263180446396.6184
29.99728828677364	271491101928.3819
30.02950271864621	280047545445.2807
30.06171715051877	288893871884.623
30.09393158239133	298015658693.7036
30.1261460142639	307422057175.5438
30.15836044613646	317136748585.8096
30.19057487800903	327149218177.4484
30.22278930988159	337478505275.6009
30.25500374175416	348138566207.9942
30.28721817362672	359132699275.8423
30.31943260549928	370475072372.2195
30.35164703737185	382181065316.65
30.38386146924441	394252048209.8958
30.41607590111698	406690817063.5502
30.44829033298954	419540987734.3651
30.4805047648621	432793422791.2461
30.51271919673467	446467008619.3588
30.54493362860723	460573533814.7512
30.5771480604798	475118960986.488
30.60936249235236	490126110473.134
30.64157692422492	505606445385.1345
30.67379135609749	521560236712.6531
30.70600578797005	539008425258.1198
30.73822021984262	555120739807.3536
30.77043465171518	572650440109.9358
30.80264908358775	590717460265.1877
30.83486351546031	609366943940.6589
30.86707794733287	628629136874.8208
30.89929237920544	648501251695.6782
30.931506811078	668998174929.5841
30.96372124295057	690139149574.5499
30.99593567482313	711957954250.6794
31.02815010669569	734458367606.9816
31.06036453856826	757665257395.6006
31.09257897044082	782044081129.3202
31.12479340231339	806372073369.1145
31.15700783418595	831848994719.1729
31.18922226605851	858153745072.5381
31.22143669793108	885240354894.4382
31.25365112980364	913230255591.6451
31.28586556167621	942106171199.9507
31.31807999354877	971890790976.7825
31.35029442542134	1002615881649.437
31.3825088572939	1034311233421.151
31.41472328916646	1067009407444.89
31.44693772103903	1100728867537.743
31.47915215291159	1135286791208.196
31.51136658478416	1171408404630.268
31.54358101665672	1208406720130.57
31.57579544852928	1246607924787.06
31.60800988040185	1286009516305.865
31.64022431227441	1326650946969.056
31.67243874414698	1368616467511.346
31.70465317601954	1411905753846.34
31.7368676078921	1456563945200.666
31.76908203976467	1502635540814.486
31.80129647163723	1550170186909.602
31.8335109035098	1599199771418.859
31.86572533538236	1649706514078.04
31.89793976725493	1702089545990.59
31.93015419912749	1755830517217.169
31.96236863100005	1811364085169.175
31.99458306287262	1868677752306.955
32.02679749474518	1927793286320.686
32.05901192661774	1988801639013.708
32.0912263584903	2051750260975.054
32.12344079036286	2116700979621.814
32.15565522223542	2183711825204.303
32.18786965410798	2252845833765.206
32.22008408598055	2324171895289.814
0
1000	1.0219978922	100000000000000.1
5	0	0	1
5	0	0	0
0.03786664528905326	-0.0004600106794017326
0.07008107716161713	-0.0003621776281852793
0.102295509034181	-0.0002341041228833632
0.1345099409067449	-8.39656760104735e-05
0.1667243727793087	-0
0.1989388046518726	-0
0.2311532365244365	-0
0.2633676683970003	-0
0.2955821002695642	-0
0.3277965321421281	-0
0.360010964014692	-0
0.3922253958872559	-0
0.4244398277598198	-0
0.4566542596323837	-0
0.4888686915049476	-0.0001739317066744153
0.5210831233775115	-0.0009172985026909111
0.5532975552500754	-0.001789950469850113
0.5855119871226393	-0.002787091317077617
0.6177264189952032	-0.003902827444092395
0.6499408508677671	-0.00527945270888809
0.682155282740331	-0.006599677983473089
0.7143697146128949	-0.008004180174739929
0.7465841464854588	-0.009485505177320939
0.7787985783580227	-0.01103606385490098
0.8110130102305866	-0.01264816319174478
0.8432274421031505	-0.01431403354186238
0.8754418739757144	-0.01602585236937134
0.9076563058482783	-0.0177757648378236
0.9398707377208422	-0.0195559015734494
0.9720851695934061	-0.02135839389721536
1.00429960146597	-0.02343055516555904
1.036514033338534	-0.02521806511971571
1.068728465211098	-0.02698597357215616
1.100942897083662	-0.02872995407502901
1.133157328956226	-0.0304464563807359
1.165371760828789	-0.03213264131435312
1.197586192701353	-0.03378632096580403
1.229800624573917	-0.03540590378347744
1.262015056446481	-0.03699034418243623
1.294229488319045	-0.03853909630965197
1.326443920191609	-0.03997317752436504
1.358658352064173	-0.04146019240048268
1.390872783936737	-0.04291833528466696
1.423087215809301	-0.04434771050454422
1.455301647681865	-0.04574850564995337
1.487516079554428	-0.04712098388589663
1.519730511426992	-0.04846547692345529
1.551944943299556	-0.04978237859480112
1.58415937517212	-0.05107213898270591
1.616373807044684	-0.05233525905890445
1.648588238917248	-0.0535597446215414
1.680802670789812	-0.05477251823751991
1.713017102662376	-0.05596136702767793
1.74523153453494	-0.05712681313649483
1.777445966407504	-0.05826936977080969
1.809660398280067	-0.05938954100690999
1.841874830152631	-0.06048782165423641
1.874089262025195	-0.06156469716864958
1.906303693897759	-0.0626206436089868
1.938518125770323	-0.06365612763133344
1.970732557642887	-0.06467061658995912
2.002946989515451	-0.06566662671479453
2.035161421388014	-0.06664359407792327
2.067375853260578	-0.06760193729140021
2.099590285133142	-0.06854206297159451
2.131804717005705	-0.06946436613970894
2.164019148878269	-0.07036923061060976
2.196233580750833	-0.07125702937003517
2.228448012623396	-0.07212812494029769
2.26066244449596	-0.07298286973463232
2.292876876368524	-0.07382097585842906
2.325091308241087	-0.07464418357713054
2.357305740113651	-0.0754520496001873
2.389520171986215	-0.07624487757505491
2.421734603858778	-0.07702296548451737
2.453949035731342	-0.07778660525651659
2.486163467603906	-0.07853608261535182
2.518377899476469	-0.07927167706594945
2.550592331349033	-0.07999366195397001
2.582806763221597	-0.08070230457002768
2.61502119509416	-0.0813977275760763
2.647235626966724	-0.0820802390744083
2.679450058839288	-0.08275045618629591
2.711664490711851	-0.08340836950757985
2.743878922584415	-0.08405421360430464
2.776093354456979	-0.08468821674139081
2.808307786329542	-0.08531060104537726
2.840522218202106	-0.08592158264878777
2.87273665007467	-0.08652137181342759
2.904951081947234	-0.08711017302892328
2.937165513819797	-0.08768847875791524
2.969379945692361	-0.08825450482025016
3.001594377564925	-0.08881161872850557
3.033808809437488	-0.08935858119181915
3.066023241310052	-0.08989555272104117
3.098237673182616	-0.09042268454897796
3.130452105055179	-0.09094011898418621
3.162666536927743	-0.09144798974591296
3.194880968800307	-0.09194642228105836
3.22709540067287	-0.09243553406397419
3.259309832545434	-0.09291552737880457
3.291524264417998	-0.09338502723078236
3.323738696290561	-0.09384690332647032
3.355953128163125	-0.09429994749187433
3.388167560035689	-0.09474423006245086
3.420381991908252	-0.09517981087182346
3.452596423780816	-0.09560673967050519
3.48481085565338	-0.09602505652431274
3.517025287525943	-0.0964347921935782
3.549239719398507	-0.09683596849420098
3.581454151271071	-0.09722864550832737
3.613668583143634	-0.09761336456581268
3.645883015016198	-0.09798885768165089
3.678097446888762	-0.09835574170746376
3.710311878761325	-0.09871400455030294
3.742526310633889	-0.09906362946196839
3.774740742506453	-0.09940459521270459
3.806955174379016	-0.09973687625732125
3.83916960625158	-0.1000604428941303
3.871384038124144	-0.1003752614170696
3.903598469996707	-0.1006813214795541
3.935812901869271	-0.1009808340381833
3.968027333741835	-0.1012690480525909
4.000241765614398	-0.1015481530253004
4.032456197486963	-0.101818115079064
4.064670629359527	-0.1020789055083158
4.096885061232091	-0.1023305005926164
4.129099493104655	-0.1025728814187067
4.161313924977219	-0.102806033710723
4.193528356849783	-0.1030299476681547
4.225742788722347	-0.1032446346194373
4.257957220594911	-0.1034500580621406
4.290171652467476	-0.1036473750168562
4.32238608434004	-0.1038341843351463
4.354600516212604	-0.1040116785391179
4.386814948085168	-0.1041798840269808
4.419029379957732	-0.1043388349173688
4.451243811830296	-0.1044885727973259
4.48345824370286	-0.104629146480732
4.515672675575424	-0.1047606117766655
4.547887107447989	-0.1048830419415678
4.580101539320553	-0.1049964837442568
4.612315971193117	-0.1051000104513801
4.644530403065681	-0.1051958288048618
4.676744834938245	-0.1052829945605214
4.708959266810809	-0.1053615916233095
4.741173698683373	-0.105431705870311
4.773388130555937	-0.1054934250958959
4.805602562428501	-0.1055468389589596
4.837816994301066	-0.105592038932156
4.87003142617363	-0.1056291250851901
4.902245858046194	-0.1056581780433655
4.934460289918758	-0.1056786724882158
4.966674721791322	-0.1056920139274133
4.998889153663886	-0.1056976741855357
5.03110358553645	-0.1056957493622362
5.063318017409014	-0.1056863347956987
5.095532449281579	-0.1056695250903354
5.127746881154143	-0.1056454141434252
5.159961313026707	-0.1056140951707362
5.192175744899271	-0.1055756650726214
5.224390176771835	-0.1055302066642471
5.256604608644399	-0.105478477071332
5.288819040516963	-0.1054192046505695
5.321033472389527	-0.1053531272285708
5.353247904262092	-0.1052803395813011
5.385462336134656	-0.1052009383951999
5.41767676800722	-0.1051150222185672
5.449891199879784	-0.1050226914145035
5.482105631752348	-0.1049240481153408
5.514320063624912	-0.1048191988784157
5.546534495497476	-0.1047082435755701
5.57874892737004	-0.1045912921377048
5.610963359242604	-0.1044685048678339
5.643177791115169	-0.104339882537962
5.675392222987733	-0.1042055911517032
5.707606654860297	-0.1040657446856381
5.739821086732861	-0.1039204587696871
5.772035518605425	-0.1037698506470651
5.804249950477989	-0.1036140391354222
5.836464382350553	-0.1034531462041818
5.868678814223117	-0.1032872903164129
5.900893246095682	-0.1031165964375425
5.933107677968246	-0.1029406300997036
5.96532210984081	-0.102760696751286
5.997536541713374	-0.102576348046343
6.029750973585938	-0.1023877073206163
6.061965405458502	-0.1021948971300821
6.094179837331066	-0.1019980392718093
6.12639426920363	-0.1017972548041315
6.158608701076195	-0.1015926649709661
6.190823132948759	-0.101384387510779
6.223037564821323	-0.1011725423030661
6.255251996693887	-0.1009569399025004
6.287466428566451	-0.1007383409980761
6.319680860439015	-0.100516551864754
6.351895292311579	-0.1002916861735225
6.384109724184143	-0.1000638558546405
6.416324156056707	-0.09983317113917339
6.448538587929272	-0.09959974059930697
6.480753019801836	-0.09936367163674567
6.5129674516744	-0.09912506867855943
6.545181883546964	-0.09888403600891796
6.577396315419528	-0.09864055978177862
6.609610747292092	-0.09839498139820549
6.641825179164656	-0.09814728524008379
6.67403961103722	-0.09789756838214601
6.706254042909785	-0.09764592609296305
6.738468474782349	-0.09739245187550828
6.770682906654913	-0.09713723750660147
6.802897338527477	-0.09688037324172649
6.835111770400041	-0.09662194716979401
6.867326202272605	-0.09636204628498379
6.899540634145169	-0.09610063589725261
6.931755066017733	-0.09583804585724555
6.963969497890298	-0.09557424191985883
6.996183929762862	-0.09530930394656278
7.028398361635426	-0.09504330990513578
7.06061279350799	-0.09477633591001564
7.092827225380554	-0.09450845626159834
7.125041657253118	-0.09423974348391487
7.157256089125682	-0.09397026836438818
7.189470520998246	-0.0937000999864219
7.22168495287081	-0.09342930576728753
7.253899384743375	-0.09315787638076153
7.286113816615939	-0.09288603529821807
7.318328248488503	-0.09261376689760221
7.350542680361067	-0.0923411314869656
7.382757112233631	-0.09206818758565867
7.414971544106195	-0.09179499196053409
7.447185975978759	-0.09152159956956872
7.479400407851323	-0.09124806397224433
7.511614839723888	-0.09097443679283168
7.543829271596452	-0.09070076813171815
7.576043703469016	-0.09042710050838189
7.60825813534158	-0.09015349348319528
7.640472567214144	-0.08987998637058871
7.672686999086708	-0.08960662306049971
7.704901430959272	-0.08933344595607291
7.737115862831836	-0.08906049600247146
7.769330294704401	-0.08878781258064089
7.801544726576965	-0.08851543408568703
7.833759158449529	-0.08824339711801754
7.865973590322093	-0.08797173706419076
7.898188022194657	-0.08770051533700073
7.930402454067221	-0.08742970775551304
7.962616885939785	-0.08715937320644872
7.994831317812349	-0.08688954215765357
8.027045749684913	-0.08662024395243388
8.059260181557477	-0.08635150683046189
8.091474613430041	-0.08608335780072957
8.123689045302605	-0.08581582326613782
8.155903477175169	-0.08554892812593949
8.188117909047733	-0.08528269640343869
8.220332340920297	-0.08501717949390146
8.252546772792861	-0.08475234086835369
8.284761204665426	-0.08448822946327253
8.31697563653799	-0.08422486559751614
8.349190068410554	-0.0839622687609506
8.381404500283118	-0.0837004576292632
8.413618932155682	-0.08343944993487251
8.445833364028246	-0.0831792630696984
8.47804779590081	-0.08291991320634401
8.510262227773374	-0.08266141590403409
8.542476659645938	-0.08240378597670794
8.574691091518503	-0.08214705800905203
8.606905523391067	-0.08189120162660737
8.639119955263631	-0.08163625109980023
8.671334387136195	-0.0813822186128567
8.703548819008759	-0.08112911574677113
8.735763250881323	-0.08087695335879172
8.767977682753887	-0.08062574212893693
8.800192114626451	-0.08037549175647875
8.832406546499016	-0.08012621150936951
8.86462097837158	-0.07987791010147711
8.896835410244144	-0.07963061221542934
8.929049842116708	-0.07938429059091603
8.961264273989272	-0.07913896940369086
8.993478705861836	-0.07889465540590399
9.0256931377344	-0.07865135490383131
9.057907569606964	-0.07840907365085174
9.090122001479529	-0.07816781732357145
9.122336433352093	-0.07792759081790093
9.154550865224657	-0.07768839872770245
9.186765297097221	-0.07745024523599493
9.218979728969785	-0.07721314879673152
9.251194160842349	-0.07697708206606418
9.283408592714913	-0.07674206290993126
9.315623024587477	-0.07650809406418826
9.347837456460041	-0.07627517794187767
9.380051888332606	-0.07604331654114323
9.41226632020517	-0.07581251184884703
9.444480752077734	-0.07558276524124445
9.476695183950298	-0.07535407788971224
9.508909615822862	-0.07512645066729122
9.541124047695426	-0.07489989743710698
9.57333847956799	-0.07467439092715417
9.605552911440554	-0.07444994434968592
9.637767343313119	-0.07422655753646026
9.669981775185683	-0.07400423009387384
9.702196207058247	-0.07378296132536336
9.734410638930811	-0.07356275056711034
9.766625070803375	-0.07334359668763624
9.798839502675939	-0.07312549842523475
9.831053934548503	-0.07290845430932757
9.863268366421067	-0.07269247425627547
9.895482798293632	-0.07247753254731489
9.927697230166196	-0.07226363840606698
9.95991166203876	-0.07205078963997458
9.992126093911324	-0.07183898390687996
10.02434052578389	-0.07162821865058937
10.05655495765645	-0.07141849137628159
10.08876938952902	-0.07120979923850347
10.12098382140158	-0.07100213931797103
10.15319825327414	-0.07079550855634739
10.18541268514671	-0.07058990375830064
10.21762711701927	-0.07038533086766639
10.24984154889184	-0.07018176670849408
10.2820559807644	-0.06997921738947691
10.31427041263697	-0.0697776792839485
10.34648484450953	-0.06957714861976728
10.37869927638209	-0.06937762170320998
10.41091370825466	-0.06917909458288464
10.44312814012722	-0.0689815632747362
10.47534257199979	-0.06878502370847671
10.50755700387235	-0.06858947172882195
10.53977143574491	-0.06839501726663631
10.57198586761748	-0.06820141558859706
10.60420029949004	-0.06800877942284407
10.63641473136261	-0.06781710536185499
10.66862916323517	-0.06762639031422825
10.70084359510773	-0.06743663167984858
10.7330580269803	-0.06724782707143909
10.76527245885286	-0.06705997449081005
10.79748689072543	-0.06687307227952739
10.82970132259799	-0.06668711911408065
10.86191575447056	-0.06650173627270514
10.89413018634312	-0.06631771126228461
10.92634461821568	-0.06613466366057977
10.95855905008825	-0.06595259023752673
10.99077348196081	-0.06577148659693068
11.02298791383338	-0.06559134733768307
11.05520234570594	-0.06541216584878964
11.0874167775785	-0.06523393447077404
11.11963120945107	-0.06505664447484479
11.15184564132363	-0.06488028607763066
11.1840600731962	-0.0647053640773091
11.21627450506876	-0.06453080032379969
11.24848893694132	-0.06435709080312263
11.28070336881389	-0.06418422555774143
11.31291780068645	-0.0640121955791918
11.34513223255902	-0.06384099291231986
11.37734666443158	-0.06367061046414918
11.40956109630415	-0.06350104210909929
11.44177552817671	-0.06333228264742699
11.47398996004927	-0.06316432779279758
11.50620439192184	-0.06299688057140444
11.5384188237944	-0.06283054024610313
11.57063325566697	-0.06266502109655792
11.60284768753953	-0.06250032040258671
11.63506211941209	-0.0623364351575412
11.66727655128466	-0.06217336216654366
11.69949098315722	-0.06201109790630604
11.73170541502979	-0.06184963862369044
11.76391984690235	-0.0616889803157005
11.79613427877491	-0.0615291187327436
11.82834871064748	-0.06137004938184196
11.86056314252004	-0.06121163944580434
11.89277757439261	-0.06105415525556156
11.92499200626517	-0.06089745858654771
11.95720643813774	-0.0607415427042126
11.9894208700103	-0.06058640020498826
12.02163530188286	-0.06043202290946079
12.05384973375543	-0.06027840194855053
12.08606416562799	-0.06012552775369326
12.11827859750056	-0.05997339006574653
12.15049302937312	-0.05982197794375994
12.18270746124568	-0.05967201410555614
12.21492189311825	-0.05952194519073081
12.24713632499081	-0.05937250617656466
12.27935075686338	-0.05922369007997937
12.31156518873594	-0.05907549215548817
12.3437796206085	-0.05892790977314838
12.37599405248107	-0.05878094245429937
12.40820848435363	-0.05863459182960486
12.4404229162262	-0.0584888616128592
12.47263734809876	-0.05834375757518317
12.50485177997133	-0.05819824094280791
12.53706621184389	-0.05805449809643054
12.56928064371645	-0.05791149534778386
12.60149507558902	-0.05776923798138132
12.63370950746158	-0.05762772924667644
12.66592393933415	-0.05748697030661214
12.69813837120671	-0.0573469603134333
12.73035280307927	-0.05720769642079883
12.76256723495184	-0.05706917380799927
12.7947816668244	-0.05693138570382275
12.82699609869697	-0.05679498911659593
12.85921053056953	-0.0566586012798475
12.89142496244209	-0.056522861910403
12.92363939431466	-0.05638776144259254
12.95585382618722	-0.05625329104854303
12.98806825805979	-0.05611944256560471
13.02028268993235	-0.05598620853058828
13.05249712180492	-0.05585358216117819
13.08471155367748	-0.05572155734787866
13.11692598555004	-0.05559012864607366
13.14914041742261	-0.05545929126819905
13.18135484929517	-0.05532889097001058
13.21356928116774	-0.05519924412778721
13.2457837130403	-0.05507019003269426
13.27799814491286	-0.05494172487329392
13.31021257678543	-0.0548138448394775
13.34242700865799	-0.05468654615601248
13.37464144053056	-0.05455982507394232
13.40685587240312	-0.0544336778702839
13.43907030427568	-0.05430810084772918
13.47128473614825	-0.05418309033435086
13.50349916802081	-0.05405864323639414
13.53571359989338	-0.05393475476430636
13.56792803176594	-0.0538114218836007
13.60014246363851	-0.0536886410414541
13.63235689551107	-0.05356640868869703
13.66457132738363	-0.05344472130923511
13.6967857592562	-0.05332357541247963
13.72900019112876	-0.05320296753306072
13.76121462300133	-0.05308289423054439
13.79342905487389	-0.05296335208915321
13.82564348674645	-0.05284433812692925
13.85785791861902	-0.05272584812018356
13.89007235049158	-0.05260787913382831
13.92228678236415	-0.05249042786341241
13.95450121423671	-0.05237349101173956
13.98671564610927	-0.05225706531192307
14.01893007798184	-0.05214114752140074
14.0511445098544	-0.05202573442166745
14.08335894172697	-0.05191082281801127
14.11557337359953	-0.05179640953925274
14.1477878054721	-0.05168249173898716
14.18000223734466	-0.05156906566735044
14.21221666921722	-0.05145612851603412
14.24443110108979	-0.05134367721873796
14.27664553296235	-0.05123170871633405
14.30885996483492	-0.05112021997812398
14.34107439670748	-0.05100920799632103
14.37328882858004	-0.05089866978580386
14.40550326045261	-0.05078860238387314
14.43771769232517	-0.05067900285001155
14.46993212419774	-0.05057006017956209
14.5021465560703	-0.05046137718183595
14.53436098794286	-0.05035313764602272
14.56657541981543	-0.05024534003686763
14.59878985168799	-0.05013798356331371
14.63100428356056	-0.0500310681859467
14.66321871543312	-0.0499245946052782
14.69543314730569	-0.04981856425391951
14.72764757917825	-0.04971297928885423
14.75986201105081	-0.04960784258380875
14.79207644292338	-0.04950315772171877
14.82429087479594	-0.04939822015522331
14.85650530666851	-0.04929454014220843
14.88871973854107	-0.04919138339842488
14.92093417041363	-0.049088749039431
14.9531486022862	-0.04898663406468844
14.98536303415876	-0.04888503337540194
15.01757746603133	-0.04878393979625751
15.04979189790389	-0.04868334409689088
15.08200632977645	-0.04858323501309012
15.11422076164902	-0.0484835992677363
15.14643519352158	-0.0483854578459525
15.17864962539415	-0.04828661336664615
15.21086405726671	-0.04818810747473744
15.24307848913928	-0.04808992856595246
15.27529292101184	-0.04799206715948796
15.3075073528844	-0.04789451587353628
15.33972178475697	-0.04779726940398309
15.37193621662953	-0.04770032450336401
15.4041506485021	-0.04760367996007625
15.43636508037466	-0.04750733657784213
15.46857951224722	-0.04741062664808633
15.50079394411979	-0.04731495281514633
15.53300837599235	-0.04721964856633408
15.56522280786492	-0.04712471703521556
15.59743723973748	-0.04703016068693151
15.62965167161004	-0.04693598132234578
15.66186610348261	-0.04684218008465418
15.69408053535517	-0.04674875746591427
15.72629496722774	-0.04665571331349779
15.7585093991003	-0.04656304683646631
15.79072383097287	-0.04647091886558036
15.82293826284543	-0.04637899209854949
15.85515269471799	-0.04628742366129782
15.88736712659056	-0.04619621146161049
15.91958155846312	-0.04610535342548893
15.95179599033569	-0.04601484749447846
15.98401042220825	-0.0459246916255175
16.01622485408081	-0.04583488379078857
16.04843928595338	-0.045745421977571
16.08065371782594	-0.04565630418809531
16.11286814969851	-0.04556752848472853
16.14508258157107	-0.04547909280487386
16.17729701344363	-0.04539099524160758
16.2095114453162	-0.0453032338543502
16.24172587718876	-0.04521580671841478
16.27394030906133	-0.0451287119233925
16.30615474093389	-0.04504194757301686
16.33836917280646	-0.04495551178502918
16.37058360467902	-0.04486940269104602
16.40279803655158	-0.04478361843642766
16.43501246842415	-0.04469815718014827
16.46722690029671	-0.04461301712338224
16.49944133216928	-0.04452819639110372
16.53165576404184	-0.04444369321220772
16.5638701959144	-0.04435950579913535
16.59608462778697	-0.04427563237742647
16.62829905965953	-0.04419207118559762
16.6605134915321	-0.04410882047502101
16.69272792340466	-0.04402587850980514
16.72494235527722	-0.04394324356667663
16.75715678714979	-0.04386091393486319
16.78937121902235	-0.04377888793967021
16.82158565089492	-0.04369716384530242
16.85380008276748	-0.04361574000188547
16.88601451464005	-0.04353461474771742
16.91822894651261	-0.04345378643312416
16.95044337838517	-0.0433732534203491
16.98265781025774	-0.04329301408344426
17.0148722421303	-0.04321306680816224
17.04708667400287	-0.04313340999184958
17.07930110587543	-0.04305404204334116
17.11151553774799	-0.04297496139567143
17.14372996962056	-0.04289616645378055
17.17594440149312	-0.04281765567306021
17.20815883336569	-0.04273942750735817
17.24037326523825	-0.04266148042154826
17.27258769711081	-0.04258381289143152
17.30480212898338	-0.0425064234036382
17.33701656085594	-0.04242931045553085
17.36923099272851	-0.04235247255510839
17.40144542460107	-0.04227590822091129
17.43365985647364	-0.04219961600074314
17.4658742883462	-0.04212359439498441
17.49808872021876	-0.04204784197184371
17.53030315209133	-0.0419723572912479
17.56251758396389	-0.04189713892327929
17.59473201583646	-0.04182218544808548
17.62694644770902	-0.04174749545579017
17.65916087958158	-0.04167306754640493
17.69137531145415	-0.04159890032974189
17.72358974332671	-0.04152499242532731
17.75580417519928	-0.0414513424510351
17.78801860707184	-0.04137794907805395
17.82023303894441	-0.04130481092425262
17.85244747081697	-0.04123192665636641
17.88466190268953	-0.04115929494116422
17.9168763345621	-0.04108691445462048
17.94909076643466	-0.04101478388183562
17.98130519830723	-0.04094290191695766
18.01351963017979	-0.04087126726310428
18.04573406205235	-0.04079987863228594
18.07794849392492	-0.04072873475213313
18.11016292579748	-0.04065783434453586
18.14237735767005	-0.04058717614075518
18.17459178954261	-0.04051675889444276
18.20680622141517	-0.04044658136110072
18.23902065328774	-0.04037664230473069
18.2712350851603	-0.04030694049776103
18.30344951703287	-0.04023747472097508
18.33566394890543	-0.04016824376343988
18.367878380778	-0.04009924642243594
18.40009281265056	-0.04003048150263969
18.43230724452312	-0.0399619478239597
18.46452167639569	-0.0398936441970195
18.49673610826825	-0.03982556945614573
18.52895054014082	-0.03975772243868438
18.56116497201338	-0.03969010198980261
18.59337940388594	-0.03962270696242331
18.62559383575851	-0.03955553621715986
18.65780826763107	-0.03948858862225183
18.69002269950364	-0.03942186305350121
18.7222371313762	-0.03935535837969698
18.75445156324876	-0.03928907352551862
18.78666599512133	-0.03922300736703933
18.81888042699389	-0.0391571588130697
18.85109485886646	-0.03909152677611635
18.88330929073902	-0.03902611017583532
18.91552372261159	-0.03896090793897394
18.94773815448415	-0.03889591899931325
18.97995258635671	-0.03883114229761086
19.01216701822928	-0.0387665767815446
19.04438145010184	-0.03870222143331067
19.07659588197441	-0.03863807515897436
19.10881031384697	-0.03857413694923067
19.14102474571953	-0.0385104057816882
19.1732391775921	-0.038446880638196
19.20545360946466	-0.03838356050731453
19.23766804133723	-0.03832044438425998
19.26988247320979	-0.03825753127084907
19.30209690508235	-0.03819482017544452
19.33431133695492	-0.03813231011290102
19.36652576882748	-0.03807000006857385
19.39874020070005	-0.03800788914537301
19.43095463257261	-0.03794597634283594
19.46316906444518	-0.03788426069700636
19.49538349631774	-0.03782274125582692
19.5275979281903	-0.03776141707138009
19.55981236006287	-0.03770028720174511
19.59202679193543	-0.03763935071095162
19.624241223808	-0.03757860666893332
19.65645565568056	-0.03751805415148245
19.68867008755312	-0.03745769226182172
19.72088451942569	-0.03739752004207554
19.75309895129825	-0.03733753660854285
19.78531338317082	-0.037277741057339
19.81752781504338	-0.0372181324945691
19.84974224691594	-0.03715871003063377
19.88195667878851	-0.03709947278157274
19.91417111066107	-0.03704041986902021
19.94638554253364	-0.03698155042016088
19.9785999744062	-0.03692286356768615
20.01081440627877	-0.03686435846882519
20.04302883815133	-0.03680603422721845
20.07524327002389	-0.03674789001210658
20.10745770189646	-0.0366899249758682
20.13967213376902	-0.03663213827936011
20.17188656564159	-0.03657452908776616
20.20410099751415	-0.03651709657155935
20.23631542938671	-0.03645983990645926
20.26852986125928	-0.03640275827339016
20.30074429313184	-0.03634585085843918
20.33295872500441	-0.03628911681006045
20.36517315687697	-0.03623255541403888
20.39738758874953	-0.03617616582925718
20.4296020206221	-0.03611994726009782
20.46181645249466	-0.03606389891799508
20.49403088436723	-0.03600802001840954
20.52624531623979	-0.03595230978152143
20.55845974811236	-0.03589676743219587
20.59067417998492	-0.03584139219994861
20.62288861185748	-0.03578618331891194
20.65510304373005	-0.03573114002749528
20.68731747560261	-0.03567626156960273
20.71953190747518	-0.03562154719324862
20.75174633934774	-0.03556699614958433
20.7839607712203	-0.03551260769584307
20.81617520309287	-0.03545838109315581
20.84838963496543	-0.03540431560704081
20.880604066838	-0.03535041050737168
20.91281849871056	-0.03529666506834597
20.94503293058312	-0.03524307856845398
20.97724736245569	-0.03518965031026532
21.00946179432825	-0.03513637953928817
21.04167622620082	-0.03508326556671467
21.07389065807338	-0.03503030768847235
21.10610508994595	-0.03497750520351483
21.13831952181851	-0.03492485741619456
21.17053395369107	-0.0348723636346296
21.20274838556364	-0.0348200231710676
21.2349628174362	-0.0347678353418553
21.26717724930877	-0.03471579946740819
21.29939168118133	-0.03466391491949888
21.33160611305389	-0.03461218092750957
21.36382054492646	-0.03456059687172883
21.39603497679902	-0.0345091620892987
21.42824940867159	-0.03445787592059356
21.46046384054415	-0.03440673771094845
21.49267827241671	-0.03435574680945649
21.52489270428928	-0.03430490256922242
21.55710713616184	-0.03425420434732976
21.58932156803441	-0.03420365150480807
21.62153599990697	-0.03415324339038707
21.65375043177954	-0.03410297940684948
21.6859648636521	-0.03405285891046706
21.71817929552466	-0.03400288127777837
21.75039372739723	-0.0339530458884159
21.78260815926979	-0.03390335212633552
21.81482259114236	-0.0338537993789574
21.84703702301492	-0.03380438703734078
21.87925145488748	-0.03375511449615601
21.91146588676005	-0.03370598115365703
21.94368031863261	-0.03365698623789717
21.97589475050518	-0.03360812951743247
22.00810918237774	-0.03355941022626328
22.0403236142503	-0.03351082777529552
22.07253804612287	-0.0334623815777015
22.10475247799543	-0.03341407104979147
22.136966909868	-0.03336589561040638
22.16918134174056	-0.03331785468103982
22.20139577361313	-0.03326994768581742
22.23361020548569	-0.03322217405147628
22.26582463735825	-0.03317453364653285
22.29803906923082	-0.03312702498279298
22.33025350110338	-0.03307964793945824
22.36246793297595	-0.03303240195792541
22.39468236484851	-0.03298528648392918
22.42689679672107	-0.03293830096706413
22.45911122859364	-0.03289144486132768
22.4913256604662	-0.03284471762463861
22.52354009233877	-0.03279811871887082
22.55575452421133	-0.03275164760978744
22.58796895608389	-0.03270530325165629
22.62018338795646	-0.03265908619461071
22.65239781982902	-0.03261299539773159
22.68461225170159	-0.03256703033724598
22.71682668357415	-0.03252119049085201
22.74904111544672	-0.03247547533738486
22.78125554731928	-0.03242988435717708
22.81346997919184	-0.03238441703171684
22.84568441106441	-0.03233907284365222
22.87789884293697	-0.0322938512767238
22.91011327480954	-0.0322487529396479
22.9423277066821	-0.03220377496265157
22.97454213855466	-0.03215891797183337
23.00675657042723	-0.03211418146588822
23.03897100229979	-0.03206956494855764
23.07118543417236	-0.03202506792826443
23.10339986604492	-0.03198068991817663
23.13561429791748	-0.03193643043586981
23.16782872979005	-0.03189228900320708
23.20004316166261	-0.03184826514618982
23.23225759353518	-0.03180435808173297
23.26447202540774	-0.03176056800220595
23.29668645728031	-0.03171689412452829
23.32890088915287	-0.03167333598622384
23.36111532102543	-0.03162989312731113
23.393329752898	-0.03158656509019216
23.42554418477056	-0.03154335141977836
23.45775861664313	-0.03150025166338032
23.48997304851569	-0.03145726537071468
23.52218748038825	-0.03141439209388788
23.55440191226082	-0.0313716309219438
23.58661634413338	-0.03132898237841664
23.61883077600595	-0.03128644556260919
23.65104520787851	-0.03124402003357373
23.68325963975107	-0.03120170535045105
23.71547407162364	-0.03115950107226956
23.7476885034962	-0.03111740675778025
23.77990293536877	-0.03107542196521654
23.81211736724133	-0.03103354625205664
23.8443317991139	-0.03099177917475353
23.87654623098646	-0.03095012373986491
23.90876066285902	-0.03090857221375915
23.94097509473159	-0.03086712772739649
23.97318952660415	-0.03082578987155355
24.00540395847672	-0.03078455824227539
24.03761839034928	-0.03074343244023661
24.06983282222184	-0.0307024120702502
24.10204725409441	-0.03066149674083744
24.13426168596697	-0.03062068606391293
24.16647611783954	-0.03057997965451047
24.1986905497121	-0.03053937658062391
24.23090498158466	-0.03049887761028916
24.26311941345723	-0.03045848181546983
24.29533384532979	-0.03041818881826971
24.32754827720236	-0.03037799824115895
24.35976270907492	-0.03033790970667571
24.39197714094749	-0.03029792283714259
24.42419157282005	-0.03025803725411434
24.45640600469261	-0.03021825257787491
24.48862043656518	-0.03017856842667761
24.52083486843774	-0.03013901921395442
24.55304930031031	-0.0300995246227295
24.58526373218287	-0.03006013176196106
24.61747816405543	-0.03002083886105248
24.649692595928	-0.02998164499444006
24.68190702780056	-0.02994254953690633
24.71412145967313	-0.02990355199276653
24.74633589154569	-0.02986465193007854
24.77855032341825	-0.02982584895173245
24.81076475529082	-0.02978714268124531
24.84297918716338	-0.02974851302307742
24.87519361903595	-0.02971000840984019
24.90740805090851	-0.02967159482342564
24.93962248278108	-0.02963327476088656
24.97183691465364	-0.02959504872630378
25.0040513465262	-0.02955691672479615
25.03626577839877	-0.0295188785886428
25.06848021027133	-0.02948093407759392
25.1006946421439	-0.02944308291716879
25.13290907401646	-0.02940532481533541
25.16512350588902	-0.02936765743198558
25.19733793776159	-0.02933008483803981
25.22955236963415	-0.02929260449763961
25.26176680150672	-0.02925521606978232
25.29398123337928	-0.02921791921330883
25.32619566525184	-0.02918071358670487
25.35841009712441	-0.02914359884804672
25.39062452899697	-0.02910657465459567
25.42283896086954	-0.02906964066269241
25.4550533927421	-0.0290327965274611
25.48726782461467	-0.02899604187405703
25.51948225648723	-0.02895937641250806
25.55169668835979	-0.02892279976528354
25.58391112023236	-0.02888631157931473
25.61612555210492	-0.0288499114981962
25.64833998397749	-0.02881359916156475
25.68055441585005	-0.02877692202061083
25.71276884772261	-0.0287408354118
25.74498327959518	-0.02870487170999942
25.77719771146774	-0.02866902621648841
25.80941214334031	-0.02863283173812013
25.84162657521287	-0.02859784377265782
25.87384100708543	-0.02856218759420907
25.906055438958	-0.02852669638609022
25.93826987083056	-0.02849128913134047
25.97048430270313	-0.02845594053723054
26.00269873457569	-0.02842243339122622
26.03491316644826	-0.02838697270298328
26.06712759832082	-0.02835136453791456
26.09934203019338	-0.02831560199921237
26.13155646206595	-0.02827969278559112
26.16377089393851	-0.02824362114199401
26.19598532581108	-0.0282074067661011
26.22819975768364	-0.02817106448031915
26.2604141895562	-0.02813461435320561
26.29262862142877	-0.02809808166794559
26.32484305330133	-0.02805881287529099
26.3570574851739	-0.02802241383276275
26.38927191704646	-0.02798625719170148
26.42148634891903	-0.0279503682560538
26.45370078079159	-0.02791477209401158
26.48591521266415	-0.02787947285881292
26.51812964453672	-0.02784448463269958
26.55034407640928	-0.02780981137430593
26.58255850828185	-0.02777545180998095
26.61477294015441	-0.02774139946949249
26.64698737202697	-0.02770941167144087
26.67920180389954	-0.02767583308604352
26.7114162357721	-0.02764236650457349
26.74363066764467	-0.02760899708839458
26.77584509951723	-0.02757572147785871
26.80805953138979	-0.02754251172254585
26.84027396326236	-0.02750936633595824
26.87248839513492	-0.02747627872728887
26.90470282700749	-0.02744324533442473
26.93691725888005	-0.02741026749313101
26.96913169075262	-0.02737735799103059
27.00134612262518	-0.0273441569984626
27.03356055449774	-0.02731220325325708
27.06577498637031	-0.02727733757863579
27.09798941824287	-0.02724558813472864
27.13020385011544	-0.02721295492906359
27.162418281988	-0.02718039060450373
27.19463271386056	-0.02714789201629596
27.22684714573313	-0.02711545268546299
27.25906157760569	-0.02708305611763799
27.29127600947826	-0.02705064232446649
27.32349044135082	-0.02701766930125257
27.35570487322338	-0.0269878942384164
27.38791930509595	-0.02695508169421606
27.42013373696851	-0.02692258699673975
27.45234816884108	-0.02689071488241841
27.48456260071364	-0.02685892185878837
27.51677703258621	-0.02682721130101029
27.54899146445877	-0.02679559053347812
27.58120589633133	-0.02676407824817609
27.6134203282039	-0.02673273871808941
27.64563476007646	-0.02670202650816761
27.67784919194903	-0.02666702769596523
27.71006362382159	-0.02663750850971858
27.74227805569415	-0.02660702706643867
27.77449248756672	-0.02657582258649033
27.80670691943928	-0.02654468066973092
27.83892135131185	-0.02651359913922024
27.87113578318441	-0.0264825744851883
27.90335021505697	-0.02645160051152919
27.93556464692954	-0.02642066491400696
27.9677790788021	-0.02638973884280728
27.99999351067467	-0.02635873395763405
28.03220794254723	-0.02632718135313973
28.0644223744198	-0.0262981814171852
28.09663680629236	-0.02626771780329138
28.12885123816492	-0.02623733659488147
28.16106567003749	-0.02620704600562267
28.19328010191005	-0.02617686359059264
28.22549453378262	-0.02614683411888002
28.25770896565518	-0.0261171139251168
28.28992339752774	-0.02608888078414999
28.32213782940031	-0.02605113439655774
28.35435226127287	-0.02602459959938765
28.38656669314544	-0.02599657845408699
28.418781125018	-0.02596672034827581
28.45099555689056	-0.02593690847036524
28.48320998876313	-0.02590712147217209
28.51542442063569	-0.02587726560687536
28.54763885250826	-0.02584504227020299
28.57985328438082	-0.02581922636463527
28.61206771625339	-0.02578941486192673
28.64428214812595	-0.02575990714546246
28.67649657999851	-0.02573051248816051
28.70871101187108	-0.02570026153868166
28.74092544374364	-0.02567105791189218
28.77313987561621	-0.02564192879986409
28.80535430748877	-0.02561288649236306
28.83756873936133	-0.02558401370401215
28.8697831712339	-0.02555424682042538
28.90199760310646	-0.02552582113022772
28.93421203497903	-0.02549706607131676
28.96642646685159	-0.02546834227149494
28.99864089872415	-0.02543967386028247
29.03085533059672	-0.0254128966284829
29.06306976246928	-0.02538632216984132
29.09528419434185	-0.02535034551763816
29.12749862621441	-0.02532499402170125
29.15971305808698	-0.02529715521729114
29.19192748995954	-0.02526906460417061
29.2241419218321	-0.02524093322941511
29.25635635370467	-0.02521281618236416
29.28857078557723	-0.02518473410787982
29.3207852174498	-0.02515669642585002
29.35299964932236	-0.02512855274332158
29.38521408119492	-0.02510064826893798
29.41742851306749	-0.0250728006894431
29.44964294494005	-0.02504500859325928
29.48185737681262	-0.02501727068587484
29.51407180868518	-0.02498958577749258
29.54628624055774	-0.02496195277221095
29.57850067243031	-0.02493437065852072
29.61071510430287	-0.02490683850088623
29.64292953617544	-0.02487935543254734
29.675143968048	-0.02485189956954498
29.70735839992057	-0.02482451432786001
29.73957283179313	-0.02479717765067212
29.77178726366569	-0.02476988868204597
29.80400169553826	-0.02474264652914424
29.83621612741082	-0.02471545025938824
29.86843055928339	-0.02468829889735977
29.90064499115595	-0.02466119142141657
29.93285942302851	-0.02463412675994061
29.96507385490108	-0.02460710378747914
29.99728828677364	-0.02458008062415984
30.02950271864621	-0.02455313848544653
30.06171715051877	-0.02452623845599513
30.09393158239133	-0.02449937965670236
30.1261460142639	-0.02447256101085492
30.15836044613646	-0.02444578117642467
30.19057487800903	-0.02441903844853002
30.22278930988159	-0.02439233061551131
30.25500374175416	-0.02436565474066683
30.28721817362672	-0.02433900682058859
30.31943260549928	-0.02431287891867469
30.35164703737185	-0.02428637420660909
30.38386146924441	-0.02425984775691569
30.41607590111698	-0.02423322430023813
30.44829033298954	-0.0242062841287813
30.4805047648621	-0.02417799434227511
30.51271919673467	-0.02409562813659663
30.54493362860723	-0.02413568298129392
30.5771480604798	-0.0241069698542639
30.60936249235236	-0.02408019436493451
30.64157692422492	-0.02405161527711016
30.67379135609749	-0.02402621491867148
30.70600578797005	-0.02400085440847705
30.73822021984262	-0.02397552486135787
30.77043465171518	-0.02395021782398029
30.80264908358775	-0.0239249252417937
30.83486351546031	-0.02389963942879636
30.86707794733287	-0.02387435303983911
30.89929237920544	-0.02384905904521814
30.931506811078	-0.02382375070729195
30.96372124295057	-0.02379796921930337
30.99593567482313	-0.02377262879885065
31.02815010669569	-0.02374729989110311
31.06036453856826	-0.02372198162399437
31.09257897044082	-0.02369667281246782
31.12479340231339	-0.02367137180494919
31.15700783418595	-0.02364607622961576
31.18922226605851	-0.02362078255484926
31.22143669793108	-0.0235954852830404
31.25365112980364	-0.02357017536327393
31.28586556167621	-0.0235389609066197
31.31807999354877	-0.02351343267891462
31.35029442542134	-0.02348807806343202
31.3825088572939	-0.02346288456218379
31.41472328916646	-0.02343784300847942
31.44693772103903	-0.02341294645396163
31.47915215291159	-0.02338818947490043
31.51136658478416	-0.0233635677243562
31.54358101665672	-0.0233390776342027
31.57579544852928	-0.02331471621158301
31.60800988040185	-0.02329048089662514
31.64022431227441	-0.02326636946092546
31.67243874414698	-0.02324237993378527
31.70465317601954	-0.02321851054772706
31.7368676078921	-0.02319475969765012
31.76908203976467	-0.0231711259097958
31.80129647163723	-0.02314760781787382
31.8335109035098	-0.02312420414448862
31.86572533538236	-0.02310091368653738
31.89793976725493	-0.0230777353036189
31.93015419912749	-0.02305466790874938
31.96236863100005	-0.02303171046086321
31.99458306287262	-0.02300886195870764
32.02679749474518	-0.02298612143583525
32.05901192661774	-0.02296348795646787
32.0912263584903	-0.02294096061205771
32.12344079036286	-0.02291853851840976
32.15565522223542	-0.02289622081325956
32.18786965410798	-0.02287400665422229
32.22008408598055	-0.02285189521704674
