0
1000	1.0219978922	100000000000000.1
5	0	0	1
5	0	0	0
0.03786664528905326	10.37258191214625
0.07008107716161713	31.37955359910053
0.102295509034181	52.73805025779415
0.1345099409067449	74.45098396981081
0.1667243727793087	96.52142515453545
0.1989388046518726	118.9534753009928
0.2311532365244365	141.7504205719146
0.2633676683970003	164.9153068737122
0.2955821002695642	188.4511292066668
0.3277965321421281	212.3608358165954
0.360010964014692	236.6473130767937
0.3922253958872559	261.3133994047751
0.4244398277598198	286.3618745477116
0.4566542596323837	311.7954586154764
0.4888686915049476	337.6171955076204
0.5210831233775115	363.8378134056888
0.5532975552500754	390.4660754491323
0.5855119871226393	417.5082111511309
0.6177264189952032	444.9710691319534
0.6499408508677671	472.8627866343896
0.682155282740331	501.1921568924338
0.7143697146128949	529.9637786332906
0.7465841464854588	559.1861095232093
0.7787985783580227	588.8672336782535
0.8110130102305866	619.0152368928893
0.8432274421031505	649.6388308052888
0.8754418739757144	680.7463013445239
0.9076563058482783	712.3470125861702
0.9398707377208422	744.4511216018285
0.9720851695934061	777.0690322963678
1.00429960146597	810.2161616745024
1.036514033338534	843.8997424828933
1.068728465211098	878.1257446042648
1.100942897083662	912.9074471045196
1.133157328956226	948.2496792208958
1.165371760828789	984.1657508718785
1.197586192701353	1020.664085327656
1.229800624573917	1057.762252156908
1.262015056446481	1095.470606394317
1.294229488319045	1133.79181876493
1.326443920191609	1172.750469240904
1.358658352064173	1212.345778345934
1.390872783936737	1252.606145295786
1.423087215809301	1293.531845952741
1.455301647681865	1335.14933936405
1.487516079554428	1377.470558306939
1.519730511426992	1420.511103165135
1.551944943299556	1464.288431216918
1.58415937517212	1508.815036249512
1.616373807044684	1554.114858677975
1.648588238917248	1600.20773222759
1.680802670789812	1647.107743268349
1.713017102662376	1694.828765219635
1.74523153453494	1743.413158757559
1.777445966407504	1792.869744071206
1.809660398280067	1843.224802974164
1.841874830152631	1894.501207732049
1.874089262025195	1946.721665224245
1.906303693897759	1999.921777407605
1.938518125770323	2054.122695321333
1.970732557642887	2109.347429911511
2.002946989515451	2165.643334944751
2.035161421388014	2223.032414050004
2.067375853260578	2281.536200320525
2.099590285133142	2341.207574615809
2.131804717005705	2402.066130736603
2.164019148878269	2464.164797886794
2.196233580750833	2527.543441824952
2.228448012623396	2592.21723316649
2.26066244449596	2658.251828497122
2.292876876368524	2725.685864371134
2.325091308241087	2794.566772830738
2.357305740113651	2864.929979337443
2.389520171986215	2936.844315109528
2.421734603858778	3010.354813982377
2.453949035731342	3085.510045802768
2.486163467603906	3162.374288579979
2.518377899476469	3240.99797590485
2.550592331349033	3321.44290045759
2.582806763221597	3403.791548732278
2.61502119509416	3488.088924855211
2.647235626966724	3574.421840917097
2.679450058839288	3662.839462138747
2.711664490711851	3753.435626045014
2.743878922584415	3846.286522835065
2.776093354456979	3941.474341049829
2.808307786329542	4039.075153900713
2.840522218202106	4139.198652225513
2.87273665007467	4241.906108540043
2.904951081947234	4347.316567839372
2.937165513819797	4455.538117938843
2.969379945692361	4566.641172031207
3.001594377564925	4680.759692352135
3.033808809437488	4797.998064590682
3.066023241310052	4918.488723664037
3.098237673182616	5042.336001748942
3.130452105055179	5169.663132675178
3.162666536927743	5300.619330410585
3.194880968800307	5435.345719795027
3.22709540067287	5573.956807401448
3.259309832545434	5716.626033211312
3.291524264417998	5863.507838264412
3.323738696290561	6014.760126153193
3.355953128163125	6170.534779059513
3.388167560035689	6331.019178822212
3.420381991908252	6496.394697197514
3.452596423780816	6666.846835539166
3.48481085565338	6842.570247471099
3.517025287525943	7023.772489559165
3.549239719398507	7210.65137270556
3.581454151271071	7403.44156289633
3.613668583143634	7602.376749665403
3.645883015016198	7807.66868560068
3.678097446888762	8019.568122647925
3.710311878761325	8238.337703552295
3.742526310633889	8464.244783939894
3.774740742506453	8697.555914831088
3.806955174379016	8938.567927143606
3.83916960625158	9187.551856090829
3.871384038124144	9444.832283645072
3.903598469996707	9710.719215762512
3.935812901869271	9985.542898038928
3.968027333741835	10269.64904297477
4.000241765614398	10563.39996137184
4.032456197486963	10867.14344446897
4.064670629359527	11181.27527989225
4.096885061232091	11506.16532363928
4.129099493104655	11842.24681272462
4.161313924977219	12189.92520827668
4.193528356849783	12549.66120510838
4.225742788722347	12921.88030152502
4.257957220594911	13307.04412309949
4.290171652467476	13705.67350502906
4.32238608434004	14118.25764111499
4.354600516212604	14545.31741552104
4.386814948085168	14987.37024670658
4.419029379957732	15445.02400173561
4.451243811830296	15918.8043068026
4.48345824370286	16409.3315594061
4.515672675575424	16917.21129603982
4.547887107447989	17443.08479352705
4.580101539320553	17987.62531016745
4.612315971193117	18551.50610739963
4.644530403065681	19135.43378356779
4.676744834938245	19740.15383918657
4.708959266810809	20366.42277421482
4.741173698683373	21015.00433873869
4.773388130555937	21686.73491975578
4.805602562428501	22382.43082988603
4.837816994301066	23102.98599844538
4.87003142617363	23849.25892341245
4.902245858046194	24622.21203178152
4.934460289918758	25422.78066396547
4.966674721791322	26251.95867710279
4.998889153663886	27110.82630244669
5.03110358553645	28000.37094725216
5.063318017409014	28921.73145001108
5.095532449281579	29876.00270442056
5.127746881154143	30864.41258366808
5.159961313026707	31888.1122328319
5.192175744899271	32948.43744824736
5.224390176771835	34046.58904490722
5.256604608644399	35183.96876817507
5.288819040516963	36361.95095631895
5.321033472389527	37581.95680368527
5.353247904262092	38845.47045940339
5.385462336134656	40153.9916313141
5.41767676800722	41509.11521475256
5.449891199879784	42912.48165518503
5.482105631752348	44365.74553062507
5.514320063624912	45870.65165234582
5.546534495497476	47429.03375036723
5.57874892737004	49042.67937982126
5.610963359242604	50713.56276835778
5.643177791115169	52443.66761187425
5.675392222987733	54234.96722678825
5.707606654860297	56089.65543153117
5.739821086732861	58009.86320132697
5.772035518605425	59997.86003993933
5.804249950477989	62055.96357292019
5.836464382350553	64186.55368861251
5.868678814223117	66392.14011743895
5.900893246095682	68675.27585570351
5.933107677968246	71038.59811424548
5.96532210984081	73484.82878482592
5.997536541713374	76016.82414607362
6.029750973585938	78637.47409701039
6.061965405458502	81349.81526204784
6.094179837331066	84156.92562328979
6.12639426920363	87062.03290397832
6.158608701076195	90068.45506277213
6.190823132948759	93179.56168346311
6.223037564821323	96399.03028784752
6.255251996693887	99730.37998021983
6.287466428566451	103177.3285887186
6.319680860439015	106743.9654417038
6.351895292311579	110434.2119576382
6.384109724184143	114252.1786087982
6.416324156056707	118202.2795668125
6.448538587929272	122288.8154503406
6.480753019801836	126516.4764262044
6.5129674516744	130889.9395310447
6.545181883546964	135414.0644114509
6.577396315419528	140093.9931776401
6.609610747292092	144934.7474135561
6.641825179164656	149941.9352163858
6.67403961103722	155120.9962737728
6.706254042909785	160477.5924685297
6.738468474782349	166017.828410333
6.770682906654913	171747.7155756479
6.802897338527477	177673.5349800591
6.835111770400041	183801.911660323
6.867326202272605	190139.5321636046
6.899540634145169	196693.3362267914
6.931755066017733	203470.5758512685
6.963969497890298	210478.6118610825
6.996183929762862	217725.130493035
7.028398361635426	225218.1164087177
7.06061279350799	232965.6537384378
7.092827225380554	240976.1808873739
7.125041657253118	249258.5803707989
7.157256089125682	257821.7188955624
7.189470520998246	266674.8719585316
7.22168495287081	275827.6963312248
7.253899384743375	285290.1945008098
7.286113816615939	295072.4485046314
7.318328248488503	305185.1577472696
7.350542680361067	315639.2605470436
7.382757112233631	326445.9543810351
7.414971544106195	337617.0425661659
7.447185975978759	349164.3829779545
7.479400407851323	361100.5414591641
7.511614839723888	373438.3319102643
7.543829271596452	386190.9886322458
7.576043703469016	399372.2494771954
7.60825813534158	412996.1693477989
7.640472567214144	427077.5002755812
7.672686999086708	441631.1942759178
7.704901430959272	456672.9301921219
7.737115862831836	472218.7107221655
7.769330294704401	488285.2489312065
7.801544726576965	504889.6759741103
7.833759158449529	522049.6856635516
7.865973590322093	539783.6901206615
7.898188022194657	558110.4252786383
7.930402454067221	577049.5370077376
7.962616885939785	596621.1559852089
7.994831317812349	616846.1821944036
8.027045749684913	637745.9886409664
8.059260181557477	659342.857139484
8.091474613430041	681659.6776392035
8.123689045302605	704720.242132951
8.155903477175169	728549.0287423843
8.188117909047733	753171.1263755444
8.220332340920297	778612.7112687632
8.252546772792861	804900.8693839409
8.284761204665426	832063.3720509711
8.31697563653799	860128.7726994102
8.349190068410554	889126.8495027475
8.381404500283118	919088.3607387815
8.413618932155682	950044.8955083904
8.445833364028246	982029.0747788714
8.47804779590081	1015074.826109028
8.510262227773374	1049216.82171801
8.542476659645938	1084491.151335691
8.574691091518503	1120935.058250623
8.606905523391067	1158587.069216565
8.639119955263631	1197486.455678775
8.671334387136195	1237674.271855214
8.703548819008759	1279193.172882796
8.735763250881323	1322086.573080579
8.767977682753887	1366399.58759246
8.800192114626451	1412178.454903501
8.832406546499016	1459472.040529841
8.86462097837158	1508329.584959995
8.896835410244144	1558802.428122242
8.929049842116708	1610943.6940535
8.961264273989272	1664807.727520929
8.993478705861836	1720451.461638923
9.0256931377344	1777933.042684736
9.057907569606964	1837312.91962486
9.090122001479529	1898653.07786435
9.122336433352093	1962017.961662679
9.154550865224657	2027474.005615249
9.186765297097221	2095089.812008343
9.218979728969785	2164935.904275895
9.251194160842349	2237085.576669662
9.283408592714913	2311614.337553282
9.315623024587477	2388600.355661895
9.347837456460041	2468123.830208343
9.380051888332606	2550268.000068152
9.41226632020517	2635118.923056939
9.444480752077734	2722765.18170467
9.476695183950298	2813298.403591337
9.508909615822862	2906813.346866088
9.541124047695426	3003407.489855085
9.57333847956799	3103181.92074258
9.605552911440554	3206240.689147867
9.637767343313119	3312691.395079621
9.669981775185683	3422645.196860147
9.702196207058247	3536217.019606572
9.734410638930811	3653525.347897305
9.766625070803375	3774692.419358242
9.798839502675939	3899844.696096866
9.831053934548503	4029112.723489497
9.863268366421067	4162631.507977011
9.895482798293632	4300540.13059978
9.927697230166196	4442982.571405237
9.95991166203876	4590107.126198333
9.992126093911324	4742067.14648476
10.02434052578389	4899021.036195896
10.05655495765645	5061132.510228286
10.08876938952902	5228570.205019473
10.12098382140158	5401508.894053183
10.15319825327414	5580128.627202526
10.18541268514671	5764615.312985871
10.21762711701927	5955161.238407957
10.24984154889184	6151964.861148099
10.2820559807644	6355231.109545921
10.31427041263697	6565171.584867627
10.34648484450953	6782004.663808689
10.37869927638209	7005956.308172843
10.41091370825466	7237259.499902737
10.44312814012722	7476155.179693678
10.47534257199979	7722891.598081334
10.50755700387235	7977725.907175454
10.53977143574491	8240923.015624446
10.57198586761748	8512756.908054916
10.60420029949004	8793512.177357059
10.63641473136261	9083476.820587471
10.66862916323517	9382954.860363724
10.70084359510773	9692257.183771167
10.7330580269803	10011706.98962573
10.76527245885286	10341633.84637492
10.79748689072543	10682382.37261958
10.82970132259799	11034306.67426727
10.86191575447056	11397774.57137741
10.89413018634312	11773160.5796382
10.92634461821568	12160847.89876439
10.95855905008825	12561257.45222426
10.99077348196081	12974797.42928299
11.02298791383338	13401899.79284277
11.05520234570594	13842999.37436353
11.0874167775785	14298567.9051709
11.11963120945107	14769073.80089275
11.15184564132363	15255007.74185382
11.1840600731962	15756872.47539558
11.21627450506876	16275182.22442573
11.24848893694132	16810510.42893399
11.28070336881389	17363371.65287017
11.31291780068645	17934357.79233906
11.34513223255902	18524049.11017664
11.37734666443158	19133078.49733037
11.40956109630415	19762080.87687068
11.44177552817671	20411689.87367893
11.47398996004927	21082586.56665656
11.50620439192184	21775464.28204444
11.5384188237944	22491071.17691048
11.57063325566697	23230110.89540864
11.60284768753953	23993354.64612277
11.63506211941209	24781611.31136061
11.66727655128466	25595705.62465878
11.69949098315722	26436492.08783105
11.73170541502979	27304800.25194355
11.76391984690235	28201567.4117965
11.79613427877491	29127703.8866297
11.82834871064748	30084191.86108056
11.86056314252004	31072027.1411685
11.89277757439261	32092199.21696463
11.92499200626517	33145796.04430874
11.95720643813774	34233913.84495113
11.9894208700103	35357702.19563457
12.02163530188286	36518287.04429254
12.05384973375543	37716876.52638501
12.08606416562799	38954736.42889452
12.11827859750056	40233142.340611
12.15049302937312	41553451.92386327
12.18270746124568	42916981.56139024
12.21492189311825	44325168.40889569
12.24713632499081	45779581.44506791
12.27935075686338	47281534.31690909
12.31156518873594	48832656.70947909
12.3437796206085	50434575.92074265
12.37599405248107	52088935.47235767
12.40820848435363	53797532.24036415
12.4404229162262	55562009.1578677
12.47263734809876	57384240.99980918
12.50485177997133	59266150.07380375
12.53706621184389	61209621.86682127
12.56928064371645	63216642.54781771
12.60149507558902	65289455.65190642
12.63370950746158	67430132.00133559
12.66592393933415	69640900.0741749
12.69813837120671	71924016.82863395
12.73035280307927	74281881.12006934
12.76256723495184	76716964.65410915
12.7947816668244	79231777.37302455
12.82699609869697	81828922.5956578
12.85921053056953	84511110.40143773
12.89142496244209	87280979.55011541
12.92363939431466	90141866.26416345
12.95585382618722	93096248.58824693
12.98806825805979	96147363.90883772
13.02028268993235	99298375.96658298
13.05249712180492	102552656.2272248
13.08471155367748	105913307.3182117
13.11692598555004	109384080.8048243
13.14914041742261	112968493.4553576
13.18135484929517	116670265.1140849
13.21356928116774	120493248.4093487
13.2457837130403	124441456.5759371
13.27799814491286	128518857.4461636
13.31021257678543	132729747.5323832
13.34242700865799	137078495.5056437
13.37464144053056	141569613.7467911
13.40685587240312	146207750.3667297
13.43907030427568	150997732.9974108
13.47128473614825	155944536.4211053
13.50349916802081	161053285.6771579
13.53571359989338	166329281.6965682
13.56792803176594	171777938.2964285
13.60014246363851	177405020.6788088
13.63235689551107	183216345.909249
13.66457132738363	189217903.6093562
13.6967857592562	195415936.3724869
13.72900019112876	201816875.3904364
13.76121462300133	208427485.5815844
13.79342905487389	215254337.8788323
13.82564348674645	222304724.6530541
13.85785791861902	229585889.2618456
13.89007235049158	237105414.4943383
13.92228678236415	244871052.501855
13.95450121423671	252890918.3074828
13.98671564610927	261173392.8895901
14.01893007798184	269726894.2003398
14.0511445098544	278560422.9083318
14.08335894172697	287683111.7338492
14.11557337359953	297104358.9348811
14.1477878054721	306834188.2986315
14.18000223734466	316882285.66332
14.21221666921722	327259404.3820367
14.24443110108979	337976204.6444768
14.27664553296235	349043849.102284
14.30885996483492	360473688.5808454
14.34107439670748	372277943.3795745
14.37328882858004	384468256.1342586
14.40550326045261	397057845.3596281
14.43771769232517	410059404.790341
14.46993212419774	423486547.2053841
14.5021465560703	437353187.2503516
14.53436098794286	451673924.0149717
14.56657541981543	466463332.7920043
14.59878985168799	481736767.9773707
14.63100428356056	497510021.9810131
14.66321871543312	513799553.6512501
14.69543314730569	530622164.0438551
14.72764757917825	547995612.0821378
14.75986201105081	565937768.3320602
14.79207644292338	584466753.9698668
14.82429087479594	603602557.6217281
14.85650530666851	623364587.4392403
14.88871973854107	643771664.4325904
14.92093417041363	664848567.1230161
14.9531486022862	686616211.321133
14.98536303415876	709096050.0768722
15.01757746603133	732311773.77298
15.04979189790389	756287944.2140669
15.08200632977645	781047935.466211
15.11422076164902	806619867.0717567
15.14643519352158	833029655.9579737
15.17864962539415	860304192.925352
15.21086405726671	888471499.2523066
15.24307848913928	917565226.9034256
15.27529292101184	947605622.0919048
15.3075073528844	978631299.8089193
15.33972178475697	1010672837.894866
15.37193621662953	1043763174.119062
15.4041506485021	1077936868.343421
15.43636508037466	1113231523.018209
15.46857951224722	1149676707.775358
15.50079394411979	1187316883.177532
15.53300837599235	1226189534.807844
15.56522280786492	1266330382.57741
15.59743723973748	1307788965.518259
15.62965167161004	1350608930.851062
15.66186610348261	1394826127.984537
15.69408053535517	1440489139.16016
15.72629496722774	1487648135.0793
15.7585093991003	1536348898.623824
15.79072383097287	1586645481.157302
15.82293826284543	1638592444.82277
15.85515269471799	1692235673.061586
15.88736712659056	1747633511.86405
15.91958155846312	1804845080.125135
15.95179599033569	1863925304.559303
15.98401042220825	1924942887.723533
16.01622485408081	1987960262.047958
16.04843928595338	2053037574.535612
16.08065371782594	2120245541.345217
16.11286814969851	2189650446.145241
16.14508258157107	2261328864.95502
16.17729701344363	2335349999.041702
16.2095114453162	2411797249.967874
16.24172587718876	2490751271.571496
16.27394030906133	2572285271.404021
16.30615474093389	2656488079.319255
16.33836917280646	2743446579.373788
16.37058360467902	2833248982.110392
16.40279803655158	2925993187.86418
16.43501246842415	3021772585.144697
16.46722690029671	3120690857.858992
16.49944133216928	3222843639.464564
16.53165576404184	3328336150.220165
16.5638701959144	3437283268.474313
16.59608462778697	3549791976.988301
16.62829905965953	3665987337.062007
16.6605134915321	3785985206.467556
16.69272792340466	3909913117.94516
16.72494235527722	4037894826.291604
16.75715678714979	4170064458.668349
16.78937121902235	4306557514.704322
16.82158565089492	4447516151.965596
16.85380008276748	4593092415.618562
16.88601451464005	4743433921.716373
16.91822894651261	4898699895.218244
16.95044337838517	5059044435.536857
16.98265781025774	5224635310.357353
17.0148722421303	5395643999.575847
17.04708667400287	5572248498.069257
17.07930110587543	5754635600.125505
17.11151553774799	5942992373.772934
17.14372996962056	6137517866.715205
17.17594440149312	6338406706.695349
17.20815883336569	6545868283.605075
17.24037326523825	6760117145.923304
17.27258769711081	6981375711.679584
17.30480212898338	7209879322.97842
17.33701656085594	7445861471.410995
17.36923099272851	7689567095.531741
17.40144542460107	7941251947.324001
17.43365985647364	8201170098.635117
17.4658742883462	8469594616.391066
17.49808872021876	8746801348.00382
17.53030315209133	9033078364.605547
17.56251758396389	9328728736.174173
17.59473201583646	9634054889.726978
17.62694644770902	9949378751.051476
17.65916087958158	10275018923.12584
17.69137531145415	10611314769.60577
17.72358974332671	10958616387.75916
17.75580417519928	11317280219.28585
17.78801860707184	11687685663.60119
17.82023303894441	12070213332.18561
17.85244747081697	12465259919.94104
17.88466190268953	12873241385.37133
17.9168763345621	13294567806.73459
17.94909076643466	13729682736.69756
17.98130519830723	14179037020.70295
18.01351963017979	14643092511.05071
18.04573406205235	15122336494.43885
18.07794849392492	15617266959.87166
18.11016292579748	16128394164.47958
18.14237735767005	16656249478.51246
18.17459178954261	17201381624.79574
18.20680622141517	17764350195.15189
18.23902065328774	18345742047.9002
18.2712350851603	18946156193.7393
18.30344951703287	19566221211.31371
18.33566394890543	20206580703.35366
18.367878380778	20867896566.75396
18.40009281265056	21550856264.49439
18.43230724452312	22256169393.33535
18.46452167639569	22984559650.41013
18.49673610826825	23736786140.08036
18.52895054014082	24513629193.94265
18.56116497201338	25315891508.15112
18.59337940388594	26144409539.86465
18.62559383575851	27000042374.91802
18.65780826763107	27883675911.26368
18.69002269950364	28796227778.31727
18.7222371313762	29738646122.09708
18.75445156324876	30711900145.22866
18.78666599512133	31717002760.58197
18.81888042699389	32754992340.47523
18.85109485886646	33826953673.08393
18.88330929073902	34933992054.39101
18.91552372261159	36077259747.33417
18.94773815448415	37257941447.03046
18.97995258635671	38477259191.0458
19.01216701822928	39736481215.0997
19.04438145010184	41036907345.17522
19.07659588197441	42379888610.18511
19.10881031384697	43766812874.15308
19.14102474571953	45199127351.48579
19.1732391775921	46678310387.13452
19.20545360946466	48205900507.84391
19.23766804133723	49783481025.98837
19.26988247320979	51412684375.64819
19.30209690508235	53095206470.01099
19.33431133695492	54832781832.74179
19.36652576882748	56627217171.84167
19.39874020070005	58480372155.25491
19.43095463257261	60394166087.63886
19.46316906444518	62370588388.20438
19.49538349631774	64411684368.77602
19.5275979281903	66519574565.08949
19.55981236006287	68696439964.57105
19.59202679193543	70944539215.19666
19.624241223808	73266207948.8423
19.65645565568056	75663842936.9297
19.68867008755312	78139935928.40654
19.72088451942569	80697048405.854
19.75309895129825	83337841062.94408
19.78531338317082	86065047696.05347
19.81752781504338	88881493971.78543
19.84974224691594	91790103102.02075
19.88195667878851	94793889221.60475
19.91417111066107	97895969635.07773
19.94638554253364	101099554253.911
19.9785999744062	104407967394.1392
20.01081440627877	107824639076.1343
20.04302883815133	111353106950.1209
20.07524327002389	114997038504.9581
20.10745770189646	118760207071.2487
20.13967213376902	122646513189.3131
20.17188656564159	126659987992.682
20.20410099751415	130804791022.3839
20.23631542938671	135085219584.5902
20.26852986125928	139505716388.9313
20.30074429313184	144070853957.7694
20.33295872500441	148785369912.1727
20.36517315687697	153654148947.8233
20.39738758874953	158682244946.8148
20.4296020206221	163874866564.8821
20.46181645249466	169237399419.5154
20.49403088436723	174775397757.8407
20.52624531623979	180494607618.2365
20.55845974811236	186400956681.4009
20.59067417998492	192500572566.4223
20.62288861185748	198799768424.1768
20.65510304373005	205305079439.1617
20.68731747560261	212023244646.5015
20.71953190747518	218961238148.916
20.75174633934774	226126248293.0534
20.7839607712203	233525702469.3236
20.81617520309287	241167269940.9146
20.84838963496543	249058870358.8951
20.880604066838	257208690317.421
20.91281849871056	265625175433.3366
20.94503293058312	274317053875.0457
20.97724736245569	283293329344.5645
21.00946179432825	292563309756.0958
21.04167622620082	302136599937.3688
21.07389065807338	312023133396.3795
21.10610508994595	322233154244.9625
21.13831952181851	332777247510.8132
21.17053395369107	343666340201.5164
21.20274838556364	354911718793.778
21.2349628174362	366525045479.7865
21.26717724930877	378518356050.3591
21.29939168118133	390904087677.7727
21.33160611305389	403695069083.8426
21.36382054492646	416904563941.2791
21.39603497679902	430546261742.6884
21.42824940867159	444634309579.0659
21.46046384054415	459183307072.7
21.49267827241671	474208337565.9674
21.52489270428928	489724970908.5636
21.55710713616184	505749293152.5844
21.58932156803441	522297912510.4399
21.62153599990697	539387985660.2447
21.65375043177954	557037225679.624
21.6859648636521	575263931725.7299
21.71817929552466	594086985498.9049
21.75039372739723	613525902643.7001
21.78260815926979	633600827421.994
21.81482259114236	654332577749.396
21.84703702301492	675742638461.7972
21.87925145488748	697853199412.604
21.91146588676005	720687179187.8673
21.94368031863261	744268244524.8905
21.97589475050518	768620837435.5254
22.00810918237774	793770196644.632
22.0403236142503	819742394496.1429
22.07253804612287	846564351516.8508
22.10475247799543	874263861070.6501
22.136966909868	902869636462.0294
22.16918134174056	932411321279.1078
22.20139577361313	962919544853.827
22.23361020548569	994425924125.9707
22.26582463735825	1026963111266.618
22.29803906923082	1060564830808.615
22.33025350110338	1095265909652.945
22.36246793297595	1131102312395.563
22.39468236484851	1168111178980.986
22.42689679672107	1206330872036.101
22.45911122859364	1245801001056.198
22.4913256604662	1286562479447.441
22.52354009233877	1328657541701.865
22.55575452421133	1372129818096.416
22.58796895608389	1417024370278.073
22.62018338795646	1463387725826.857
22.65239781982902	1511267932382.988
22.68461225170159	1560714614314.646
22.71682668357415	1611779017892.985
22.74904111544672	1664514065814.65
22.78125554731928	1718974411463.875
22.81346997919184	1775216496841.63
22.84568441106441	1833298607476.124
22.87789884293697	1893280941759.357
22.91011327480954	1955225667309.436
22.9423277066821	2019196969600.777
22.97454213855466	2085261146092.296
23.00675657042723	2153486673107.061
23.03897100229979	2223944252007.763
23.07118543417236	2296706898735.822
23.10339986604492	2371850021089.821
23.13561429791748	2449451492482.728
23.16782872979005	2529591733753.651
23.20004316166261	2612353796409.768
23.23225759353518	2697823447579.808
23.26447202540774	2786089258252.406
23.29668645728031	2877242705461.903
23.32890088915287	2971378253148.073
23.36111532102543	3068593446224.276
23.393329752898	3168989026989.953
23.42554418477056	3272669045610.754
23.45775861664313	3379740941109.438
23.48997304851569	3490315666755.485
23.52218748038825	3604507810594.398
23.55440191226082	3722435707132.776
23.58661634413338	3844221561553.769
23.61883077600595	3969991576448.603
23.65104520787851	4099876082390.311
23.68325963975107	4234009673464.327
23.71547407162364	4372531345202.407
23.7476885034962	4515584637972.64
23.77990293536877	4663317801306.028
23.81211736724133	4815883906977.893
23.8443317991139	4973441052249.984
23.87654623098646	5136152509170.873
23.90876066285902	5304186881534.055
23.94097509473159	5477718286278.838
23.97318952660415	5656926541430.131
24.00540395847672	5841997344459.01
24.03761839034928	6033122466940.453
24.06983282222184	6230499953079.043
24.10204725409441	6434334324944.856
24.13426168596697	6644836794244.406
24.16647611783954	6862225481654.709
24.1986905497121	7086725638760.044
24.23090498158466	7318569892300.975
24.26311941345723	7557998477591.076
24.29533384532979	7805259465516.414
24.32754827720236	8060609076450.013
24.35976270907492	8324311889232.949
24.39197714094749	8596641138488.659
24.42419157282005	8877879000796.914
24.45640600469261	9168316878863.928
24.48862043656518	9468255707901.867
24.52083486843774	9778006265966.352
24.55304930031031	10097889495782.51
24.58526373218287	10428236837464.69
24.61747816405543	10769390571773.96
24.649692595928	11121704174653.17
24.68190702780056	11485542683945.47
24.71412145967313	11861283072195.73
24.74633589154569	12249314656704.91
24.77855032341825	12650039460758.07
24.81076475529082	13063872690806.07
24.84297918716338	13491243106691.57
24.87519361903595	13932593503192.99
24.90740805090851	14388381155693.75
24.93962248278108	14859078295786.73
24.97183691465364	15345172599501.83
25.0040513465262	15847167694819.18
25.03626577839877	16365583679809.16
25.06848021027133	16900957664342.78
25.1006946421439	17453844325327.25
25.13290907401646	18024816480856.13
25.16512350588902	18614465683973.23
25.19733793776159	19223402835619.17
25.22955236963415	19852258812827.7
25.26176680150672	20501685143127.34
25.29398123337928	21172354630070.38
25.32619566525184	21864962117783.07
25.35841009712441	22580225152158.04
25.39062452899697	23318884756879.05
25.42283896086954	24081706189416.29
25.4550533927421	24869479735531.34
25.48726782461467	25683021527898.08
25.51948225648723	26523174391143.18
25.55169668835979	27390808715078.41
25.58391112023236	28286823356129.81
25.61612555210492	29212146567178.48
25.64833998397749	30167736961768.61
25.68055441585005	31154584503420.1
25.71276884772261	32173711533278.71
25.74498327959518	33226173828711.07
25.77719771146774	34313061698982.47
25.80941214334031	35435501094196.13
25.84162657521287	36594477483936.16
25.87384100708543	37791561677133.55
25.906055438958	39027817443030.2
25.93826987083056	40304525201352.12
25.97048430270313	41623006315251.67
26.00269873457569	42984624310937.92
26.03491316644826	44390786127316.3
26.06712759832082	45842943395935.55
26.09934203019338	47342593751543.51
26.13155646206595	48891282173471.59
26.16377089393851	50491492073840.06
26.19598532581108	52143035718008.59
26.22819975768364	53848469249175.38
26.2604141895562	55609540925443.77
26.29262862142877	57428058017870.02
26.32484305330133	59305889065198.74
26.3570574851739	61244966251675.54
26.38927191704646	63247287863075.45
26.42148634891903	65314920887589.48
26.45370078079159	67450003723254.84
26.48591521266415	69653091464202.35
26.51812964453672	71929847170271.98
26.55034407640928	74281075162912.14
26.58255850828185	76709231507921.83
26.61477294015441	79216851259539.34
26.64698737202697	81806550721333.95
26.67920180389954	84481029749690.97
26.7114162357721	87243074098978.61
26.74363066764467	90095557807383.86
26.77584509951723	93041445622218.67
26.80805953138979	96085754806331.75
26.84027396326236	99227214179949.59
26.87248839513492	102471899589962.1
26.90470282700749	105822670260661.1
26.93691725888005	109282985165689.3
26.96913169075262	112856417162505.6
27.00134612262518	116546656918707.8
27.03356055449774	120357516937092.1
27.06577498637031	124292935749011.8
27.09798941824287	128356982260904.6
27.13020385011544	132553860262584.1
27.162418281988	136887349668838.6
27.19463271386056	141362989065585.7
27.22684714573313	145985109091001.4
27.25906157760569	150758381964764.5
27.29127600947826	155687756269397.4
27.32349044135082	160778342440252.7
27.35570487322338	166035418024414.9
27.38791930509595	171464433107602.3
27.42013373696851	177071015914445.6
27.45234816884108	182860978587349
27.48456260071364	188839887513981.9
27.51677703258621	195015309556422.4
27.54899146445877	201392007235420.8
27.58120589633133	207977490962598.9
27.6134203282039	214778398551643.5
27.64563476007646	221801778854536.8
27.67784919194903	229054910417849.9
27.71006362382159	236545308873638.5
27.74227805569415	244280734567543.2
27.77449248756672	252269200417850.2
27.80670691943928	260518980028019.1
27.83892135131185	269037908840813.4
27.87113578318441	277836857713346
27.90335021505697	286923800843950.5
27.93556464692954	296306992542915.8
27.9677790788021	305997012271076.1
27.99999351067467	316003884665532.9
28.03220794254723	326337962894597.7
28.0644223744198	337009939546237.8
28.09663680629236	348030857887696.6
28.12885123816492	359412123489879.8
28.16106567003749	371165516305174.2
28.19328010191005	383302488103677.4
28.22549453378262	395838374252743.5
28.25770896565518	408781623837372.8
28.28992339752774	422149240437409.1
28.32213782940031	435954125864196
28.35435226127287	450210460079596.8
28.38656669314544	464933010322132.9
28.418781125018	480137026684061.5
28.45099555689056	495838257868903.2
28.48320998876313	512052967459170.9
28.51542442063569	528797950719842.6
28.54763885250826	546090551937396.2
28.57985328438082	563948220193991
28.61206771625339	582390209755145.8
28.64428214812595	601436119376815.4
28.67649657999851	621104017864278
28.70871101187108	641415341733083.8
28.74092544374364	662390935954455.6
28.77313987561621	684052525818739.9
28.80535430748877	706422546272224.8
28.83756873936133	729524164955686.2
28.8697831712339	753381306106618.9
28.90199760310646	778018675160231.8
28.93421203497903	803461053289165.1
28.96642646685159	829738370959095.1
28.99864089872415	856871455783340.4
29.03085533059672	884894386645407.1
29.06306976246928	913832383811538
29.09528419434185	943716851344048
29.12749862621441	974578533452492.4
29.15971305808698	1006449375878753
29.19192748995954	1039362369666100
29.2241419218321	1073351585472808
29.25635635370467	1108452209018008
29.28857078557723	1144700577696734
29.3207852174498	1182134218408856
29.35299964932236	1220791148913266
29.38521408119492	1260714268230649
29.41742851306749	1301939064279609
29.44964294494005	1344515484856606
29.48185737681262	1388482891110184
29.51407180868518	1433888165794610
29.54628624055774	1480778202455231
29.57850067243031	1529201554221715
29.61071510430287	1579208361640610
29.64292953617544	1630850404536224
29.675143968048	1684181155578084
29.70735839992057	1739255835588971
29.73957283179313	1796130998719498
29.77178726366569	1854868687703451
29.80400169553826	1915524834410152
29.83621612741082	1978161966790198
29.86843055928339	2042850528788486
29.90064499115595	2109653479047072
29.93285942302851	2178641100207800
29.96507385490108	2249884626597476
29.99728828677364	2323457823785090
30.02950271864621	2399436868484450
30.06171715051877	2477900427297778
30.09393158239133	2558929738020697
30.1261460142639	2642608693615110
30.15836044613646	2729023167752598
30.19057487800903	2818266417959672
30.22278930988159	2910425578118026
30.25500374175416	3005596684060122
30.28721817362672	3103882505095728
30.31943260549928	3205380960080602
30.35164703737185	3310198017524425
30.38386146924441	3418442611998178
30.41607590111698	3530226592572214
30.44829033298954	3645665678359662
30.4805047648621	3764879372738893
30.51271919673467	3887991087208030
30.54493362860723	4015128269282045
30.5771480604798	4146421761049618
30.60936249235236	4282010476013712
30.64157692422492	4422031202305625
30.67379135609749	4566627771720086
30.70600578797005	4715954822088878
30.73822021984262	4870165783690800
30.77043465171518	5029417907089609
30.80264908358775	5193877069601605
30.83486351546031	5363713805133538
30.86707794733287	5539103802175563
30.89929237920544	5720228631192972
30.931506811078	5907275798701775
30.96372124295057	6100438941254610
30.99593567482313	6299917533586248
31.02815010669569	6505919077698823
31.06036453856826	6718658639731435
31.09257897044082	6938351812754209
31.12479340231339	7165225742377536
31.15700783418595	7399520319887637
31.18922226605851	7641476454429334
31.22143669793108	7891343070465338
31.25365112980364	8149379350836622
31.28586556167621	8415852848778145
31.31807999354877	8691039205330496
31.35029442542134	8975223287628006
31.3825088572939	9268699275324492
31.41472328916646	9571770964954080
31.44693772103903	9884751285220502
31.47915215291159	1.020796584706935e+16
31.51136658478416	1.054175076534301e+16
31.54358101665672	1.08864468630961e+16
31.57579544852928	1.124241156600428e+16
31.60800988040185	1.161001656088084e+16
31.64022431227441	1.198964083767027e+16
31.67243874414698	1.238167856149279e+16
31.70465317601954	1.278653304858591e+16
31.7368676078921	1.320462434366025e+16
31.76908203976467	1.363638565706942e+16
31.80129647163723	1.408226368778844e+16
31.8335109035098	1.454271996025898e+16
31.86572533538236	1.501823108793493e+16
31.89793976725493	1.550928845660909e+16
31.93015419912749	1.601640199061387e+16
31.96236863100005	1.654009582144354e+16
31.99458306287262	1.708091351127289e+16
32.02679749474518	1.763941177611935e+16
32.05901192661774	1.821616763422993e+16
32.0912263584903	1.881178324785661e+16
32.12344079036286	1.942687265755258e+16
32.15565522223542	2.006207375867198e+16
32.18786965410798	2.071804150919489e+16
32.22008408598055	2.139545595829682e+16
0
1000	1.0219978922	100000000000000.1
5	0	0	1
5	0	0	0
0.03786664528905326	-622.6429968821284
0.07008107716161713	-613.0356385619838
0.102295509034181	-603.4936345742883
0.1345099409067449	-594.019300289085
0.1667243727793087	-584.6343868238724
0.1989388046518726	-575.3453530690908
0.2311532365244365	-566.1333755351403
0.2633676683970003	-556.9993302849299
0.2955821002695642	-547.944073245062
0.3277965321421281	-538.9684396525714
0.360010964014692	-530.0732434735813
0.3922253958872559	-521.2592767997847
0.4244398277598198	-512.5273092280365
0.4566542596323837	-503.8780872277034
0.4888686915049476	-495.3657103011818
0.5210831233775115	-487.1184448340903
0.5532975552500754	-479.0075992256343
0.5855119871226393	-471.03506274052
0.6177264189952032	-463.2022388426346
0.6499408508677671	-455.5706207699643
0.682155282740331	-448.0161017707938
0.7143697146128949	-440.5976094467758
0.7465841464854588	-433.315000917645
0.7787985783580227	-426.1678837845236
0.8110130102305866	-419.1556156663188
0.8432274421031505	-412.2773037313615
0.8754418739757144	-405.5318042264184
0.9076563058482783	-398.9177220050308
0.9398707377208422	-392.4334100568375
0.9720851695934061	-386.0769690393504
1.00429960146597	-379.9467443769431
1.036514033338534	-373.8267154508096
1.068728465211098	-367.8192607318346
1.100942897083662	-361.9224697467816
1.133157328956226	-356.1345852333822
1.165371760828789	-350.4540024322747
1.197586192701353	-344.8792684148254
1.229800624573917	-339.4090814453501
1.262015056446481	-334.0422903761566
1.294229488319045	-328.7778940740009
1.326443920191609	-323.577407734722
1.358658352064173	-318.5193888564922
1.390872783936737	-313.5646901481596
1.423087215809301	-308.7125680148875
1.455301647681865	-303.9622764311071
1.487516079554428	-299.3130666172773
1.519730511426992	-294.7641867287138
1.551944943299556	-290.3148815562631
1.58415937517212	-285.9643922385634
1.616373807044684	-281.7119559856403
1.648588238917248	-277.5526747709647
1.680802670789812	-273.4943890145803
1.713017102662376	-269.5321684422286
1.74523153453494	-265.6652006175012
1.777445966407504	-261.8926525601901
1.809660398280067	-258.2136705440888
1.841874830152631	-254.6273799021076
1.874089262025195	-251.1328848386063
1.906303693897759	-247.7292682487987
1.938518125770323	-244.4155915450845
1.970732557642887	-241.193145812642
2.002946989515451	-238.0562323815212
2.035161421388014	-235.0061200472758
2.067375853260578	-232.0418030934982
2.099590285133142	-229.1622635217396
2.131804717005705	-226.3664709169851
2.164019148878269	-223.6533823183767
2.196233580750833	-221.0219420950446
2.228448012623396	-218.4710818269405
2.26066244449596	-215.9997201905285
2.292876876368524	-213.6092792662319
2.325091308241087	-211.2933933604205
2.357305740113651	-209.0534704395299
2.389520171986215	-206.8883983131187
2.421734603858778	-204.7970622616889
2.453949035731342	-202.7783449488419
2.486163467603906	-200.8311263370761
2.518377899476469	-198.9542836071505
2.550592331349033	-197.1466910808843
2.582806763221597	-195.4072201473048
2.61502119509416	-193.7366551553585
2.647235626966724	-192.1299461180794
2.679450058839288	-190.587694936222
2.711664490711851	-189.1088674640122
2.743878922584415	-187.6923450566595
2.776093354456979	-186.3370143804208
2.808307786329542	-185.0417673592137
2.840522218202106	-183.8055011236047
2.87273665007467	-182.627117962088
2.904951081947234	-181.5055252745699
2.937165513819797	-180.4408740719891
2.969379945692361	-179.4286938351403
3.001594377564925	-178.4708312901633
3.033808809437488	-177.5654096999686
3.066023241310052	-176.7113705486851
3.098237673182616	-175.907662348574
3.130452105055179	-175.1532406074684
3.162666536927743	-174.4470677976864
3.194880968800307	-173.7881133263763
3.22709540067287	-173.1753535072319
3.259309832545434	-172.6084357410577
3.291524264417998	-172.083474999131
3.323738696290561	-171.6032287606651
3.355953128163125	-171.1652216405131
3.388167560035689	-170.7684613232711
3.420381991908252	-170.411959250838
3.452596423780816	-170.0947306031739
3.48481085565338	-169.8157942799326
3.517025287525943	-169.5741728829371
3.549239719398507	-169.3688926994605
3.581454151271071	-169.1992247939685
3.613668583143634	-169.0633802834539
3.645883015016198	-168.9612957018641
3.678097446888762	-168.8917018567293
3.710311878761325	-168.8536442011108
3.742526310633889	-168.8461715796529
3.774740742506453	-168.8683362171419
3.806955174379016	-168.9191937075819
3.83916960625158	-168.9978030037828
3.871384038124144	-169.1032264074247
3.903598469996707	-169.2344931578063
3.935812901869271	-169.392952463759
3.968027333741835	-169.5731373337596
4.000241765614398	-169.7762389004776
4.032456197486963	-170.0013485999323
4.064670629359527	-170.2475696470724
4.096885061232091	-170.5140170286847
4.129099493104655	-170.7998174966551
4.161313924977219	-171.1041095615568
4.193528356849783	-171.4260434865542
4.225742788722347	-171.7645843491578
4.257957220594911	-172.1193173074346
4.290171652467476	-172.4916186439897
4.32238608434004	-172.8756411671208
4.354600516212604	-173.2730525709088
4.386814948085168	-173.6830921336087
4.419029379957732	-174.1050196159667
4.451243811830296	-174.5381152571659
4.48345824370286	-174.9816797709762
4.515672675575424	-175.4350343421125
4.547887107447989	-175.8972469478903
4.580101539320553	-176.3682514212341
4.612315971193117	-176.8466340551888
4.644530403065681	-177.3328862046735
4.676744834938245	-177.8259008499296
4.708959266810809	-178.325112912808
4.741173698683373	-178.8299745140529
4.773388130555937	-179.3399549711757
4.805602562428501	-179.854540796428
4.837816994301066	-180.3732356948758
4.87003142617363	-180.8952648397164
4.902245858046194	-181.4207840873689
4.934460289918758	-181.9474229325632
4.966674721791322	-182.4781277257502
4.998889153663886	-183.0108696490975
5.03110358553645	-183.545238494985
5.063318017409014	-184.0808335457459
5.095532449281579	-184.6172635726292
5.127746881154143	-185.154146834804
5.159961313026707	-185.6911110784039
5.192175744899271	-186.2275082508727
5.224390176771835	-186.7635810330787
5.256604608644399	-187.2993632401884
5.288819040516963	-187.8331535528026
5.321033472389527	-188.3652691447381
5.353247904262092	-188.8953940236174
5.385462336134656	-189.4232230527901
5.41767676800722	-189.9484619507271
5.449891199879784	-190.4708272904448
5.482105631752348	-190.9900464989483
5.514320063624912	-191.5056000290567
5.546534495497476	-192.0177756182594
5.57874892737004	-192.526074304886
5.610963359242604	-193.0311452747261
5.643177791115169	-193.5308964596962
5.675392222987733	-194.0260348948204
5.707606654860297	-194.516367107324
5.739821086732861	-195.0017129442793
5.772035518605425	-195.48190557226
5.804249950477989	-195.9567914770078
5.836464382350553	-196.4260071132718
5.868678814223117	-196.8898921831814
5.900893246095682	-197.3481088090931
5.933107677968246	-197.7997033296857
5.96532210984081	-198.2463776815311
5.997536541713374	-198.6871829922871
6.029750973585938	-199.1220466071359
6.061965405458502	-199.5509048148001
6.094179837331066	-199.9737028473722
6.12639426920363	-200.3903948801469
6.158608701076195	-200.800756178062
6.190823132948759	-201.2051512286421
6.223037564821323	-201.6033723678384
6.255251996693887	-201.9944109992642
6.287466428566451	-202.3803422750532
6.319680860439015	-202.7601700778502
6.351895292311579	-203.1338992394653
6.384109724184143	-203.5015387755509
6.416324156056707	-203.8631018855082
6.448538587929272	-204.2186059523981
6.480753019801836	-204.5679179182131
6.5129674516744	-204.9113865441502
6.545181883546964	-205.2488864689264
6.577396315419528	-205.5801876594969
6.609610747292092	-205.9058695174627
6.641825179164656	-206.2257130963976
6.67403961103722	-206.5397598842812
6.706254042909785	-206.8480538517897
6.738468474782349	-207.1506414522352
6.770682906654913	-207.4475716215012
6.802897338527477	-207.7387705660529
6.835111770400041	-208.0245537544429
6.867326202272605	-208.3048518155109
6.899540634145169	-208.5795707945033
6.931755066017733	-208.8490812060295
6.963969497890298	-209.1132982101705
6.996183929762862	-209.3722844853957
7.028398361635426	-209.626104057458
7.06061279350799	-209.8748222993439
7.092827225380554	-210.1185059312229
7.125041657253118	-210.3571229051486
7.157256089125682	-210.5909517761789
7.189470520998246	-210.8199627569083
7.22168495287081	-211.0442270915612
7.253899384743375	-211.263578659047
7.286113816615939	-211.4785949734755
7.318328248488503	-211.6891030752544
7.350542680361067	-211.8951756019406
7.382757112233631	-212.0968851425679
7.414971544106195	-212.294304237609
7.447185975978759	-212.487426133348
7.479400407851323	-212.6764888169002
7.511614839723888	-212.8614850941337
7.543829271596452	-213.0424866268539
7.576043703469016	-213.2194551592561
7.60825813534158	-213.3926912974738
7.640472567214144	-213.5621542048347
7.672686999086708	-213.7279130469924
7.704901430959272	-213.8900361621406
7.737115862831836	-214.048591060984
7.769330294704401	-214.2035822104762
7.801544726576965	-214.3552054357837
7.833759158449529	-214.5034632794147
7.865973590322093	-214.6484194047689
7.898188022194657	-214.7901924712178
7.930402454067221	-214.9287273627098
7.962616885939785	-215.0641403775165
7.994831317812349	-215.1964912204261
8.027045749684913	-215.3258387215429
8.059260181557477	-215.4522408362642
8.091474613430041	-215.5757061261804
8.123689045302605	-215.6963921533798
8.155903477175169	-215.8143055199333
8.188117909047733	-215.9295002633565
8.220332340920297	-216.0421313441893
8.252546772792861	-216.1520404965866
8.284761204665426	-216.2593782532863
8.31697563653799	-216.3641949986875
8.349190068410554	-216.4665404333882
8.381404500283118	-216.5664635741626
8.413618932155682	-216.6639751285679
8.445833364028246	-216.759201344949
8.47804779590081	-216.8521514003156
8.510262227773374	-216.9428712511967
8.542476659645938	-217.0314060078758
8.574691091518503	-217.1178703417556
8.606905523391067	-217.2021576948064
8.639119955263631	-217.2843845431872
8.671334387136195	-217.3645933295039
8.703548819008759	-217.4428259379392
8.735763250881323	-217.5190946552505
8.767977682753887	-217.5935009110488
8.800192114626451	-217.6660557495395
8.832406546499016	-217.7367985704161
8.86462097837158	-217.8057680895912
8.896835410244144	-217.8730435631782
8.929049842116708	-217.9385753560942
8.961264273989272	-218.0024425637254
8.993478705861836	-218.0646815441977
9.0256931377344	-218.1253281375772
9.057907569606964	-218.1843953451442
9.090122001479529	-218.2419645986614
9.122336433352093	-218.2980477666771
9.154550865224657	-218.3526784242354
9.186765297097221	-218.4058895319619
9.218979728969785	-218.4577424521074
9.251194160842349	-218.5082082526025
9.283408592714913	-218.5573473433571
9.315623024587477	-218.6051904648236
9.347837456460041	-218.6517678582273
9.380051888332606	-218.6970921695326
9.41226632020517	-218.741228355011
9.444480752077734	-218.7841879881904
9.476695183950298	-218.8259991657537
9.508909615822862	-218.8666894113566
9.541124047695426	-218.9063132333788
9.57333847956799	-218.9448399113507
9.605552911440554	-218.9823225380115
9.637767343313119	-219.0187865452543
9.669981775185683	-219.0542569004477
9.702196207058247	-219.0887450527362
9.734410638930811	-219.1223023095025
9.766625070803375	-219.1549391343538
9.798839502675939	-219.1866785238194
9.831053934548503	-219.2175429535516
9.863268366421067	-219.2475826534363
9.895482798293632	-219.2767609929554
9.927697230166196	-219.3051263442247
9.95991166203876	-219.3326992802071
9.992126093911324	-219.3594999638344
10.02434052578389	-219.3855382082033
10.05655495765645	-219.4108541203521
10.08876938952902	-219.4354566503108
10.12098382140158	-219.4593642350477
10.15319825327414	-219.4825948585935
10.18541268514671	-219.505166052036
10.21762711701927	-219.5271213430456
10.24984154889184	-219.5484212063388
10.2820559807644	-219.5691093850205
10.31427041263697	-219.5892018580278
10.34648484450953	-219.6087067086266
10.37869927638209	-219.6276549970363
10.41091370825466	-219.646054082878
10.44312814012722	-219.6639184979264
10.47534257199979	-219.6812623958704
10.50755700387235	-219.6980995523156
10.53977143574491	-219.7147680628989
10.57198586761748	-219.7305980638072
10.60420029949004	-219.7459341205462
10.63641473136261	-219.7607913564081
10.66862916323517	-219.7751800936001
10.70084359510773	-219.7891292521823
10.7330580269803	-219.8026509722867
10.76527245885286	-219.8157640131426
10.79748689072543	-219.8284880306169
10.82970132259799	-219.8408435772089
10.86191575447056	-219.8517861793887
10.89413018634312	-219.863559602331
10.92634461821568	-219.8751183033523
10.95855905008825	-219.8864780430965
10.99077348196081	-219.8976469312667
11.02298791383338	-219.9086431258051
11.05520234570594	-219.9194680728066
11.0874167775785	-219.9301242057591
11.11963120945107	-219.9406106170248
11.15184564132363	-219.9509230578334
11.1840600731962	-219.9625144335698
11.21627450506876	-219.9723572659481
11.24848893694132	-219.9818736478868
11.28070336881389	-219.9910561309274
11.31291780068645	-219.9998963979787
11.34513223255902	-220.0083986268865
11.37734666443158	-220.0165592855257
11.40956109630415	-220.0243804954209
11.44177552817671	-220.0318667635362
11.47398996004927	-220.0390249822777
11.50620439192184	-220.0450533843185
11.5384188237944	-220.0516239422415
11.57063325566697	-220.0579685021881
11.60284768753953	-220.0640985543143
11.63506211941209	-220.0700223322934
11.66727655128466	-220.0757548866097
11.69949098315722	-220.0813028543516
11.73170541502979	-220.0866745325403
11.76391984690235	-220.0918774145943
11.79613427877491	-220.0969181903331
11.82834871064748	-220.101802745976
11.86056314252004	-220.1060225765748
11.89277757439261	-220.1106686397079
11.92499200626517	-220.1152127357749
11.95720643813774	-220.119650827042
11.9894208700103	-220.1239817249217
12.02163530188286	-220.1281956271267
12.05384973375543	-220.1322816992496
12.08606416562799	-220.1362262206131
12.11827859750056	-220.1400125842695
12.15049302937312	-220.1436212969991
12.18270746124568	-220.1497326769101
12.21492189311825	-220.1526557038589
12.24713632499081	-220.1551062844906
12.27935075686338	-220.1570748733123
12.31156518873594	-220.1585641123783
12.3437796206085	-220.1595802160299
12.37599405248107	-220.1601386690636
12.40820848435363	-220.1602628331943
12.4404229162262	-220.1599839470484
12.47263734809876	-220.159341126167
12.50485177997133	-220.1544357741465
12.53706621184389	-220.1535194469062
12.56928064371645	-220.1527255383459
12.60149507558902	-220.1520938836314
12.63370950746158	-220.1516598541548
12.66592393933415	-220.1514478908919
12.69813837120671	-220.1514757814708
12.73035280307927	-220.1517536141714
12.76256723495184	-220.1522837779242
12.7947816668244	-220.1530609623107
12.82699609869697	-220.1566448051933
12.85921053056953	-220.1577176414271
12.89142496244209	-220.1587639171804
12.92363939431466	-220.1597638530968
12.95585382618722	-220.1607024897185
12.98806825805979	-220.1615648394815
13.02028268993235	-220.162339093209
13.05249712180492	-220.1630158359286
13.08471155367748	-220.163588046876
13.11692598555004	-220.1640510994945
13.14914041742261	-220.16440276143
13.18135484929517	-220.1640487827953
13.21356928116774	-220.1642571850813
13.2457837130403	-220.1644091014297
13.27799814491286	-220.1645070823489
13.31021257678543	-220.1645518280527
13.34242700865799	-220.1645445896369
13.37464144053056	-220.1644865818513
13.40685587240312	-220.1643789830962
13.43907030427568	-220.1642229354249
13.47128473614825	-220.1640195445409
13.50349916802081	-220.1637726404045
13.53571359989338	-220.1634774342063
13.56792803176594	-220.1631373215796
13.60014246363851	-220.162754205609
13.63235689551107	-220.1623286052859
13.66457132738363	-220.1618614517342
13.6967857592562	-220.1613536489251
13.72900019112876	-220.1608060736782
13.76121462300133	-220.1602195756598
13.79342905487389	-220.1595949773844
13.82564348674645	-220.1589351732798
13.85785791861902	-220.1582365453221
13.89007235049158	-220.1575016230117
13.92228678236415	-220.1567318231093
13.95450121423671	-220.1559275280678
13.98671564610927	-220.1550894283895
14.01893007798184	-220.1542181943373
14.0511445098544	-220.1533144759376
14.08335894172697	-220.1523789029781
14.11557337359953	-220.151412085008
14.1477878054721	-220.15041619698
14.18000223734466	-220.1493885242962
14.21221666921722	-220.1483309390753
14.24443110108979	-220.147244493389
14.27664553296235	-220.1461294671236
14.30885996483492	-220.1449863702173
14.34107439670748	-220.1438156975561
14.37328882858004	-220.142617928974
14.40550326045261	-220.1413935292501
14.43771769232517	-220.1401429481091
14.46993212419774	-220.1397014757007
14.5021465560703	-220.1383559870902
14.53436098794286	-220.136916556162
14.56657541981543	-220.1353892537874
14.59878985168799	-220.133782843452
14.63100428356056	-220.1321095288987
14.66321871543312	-220.1303847712856
14.69543314730569	-220.1286272891857
14.72764757917825	-220.1268590585859
14.75986201105081	-220.125105312889
14.79207644292338	-220.1233945429114
14.82429087479594	-220.1186031666808
14.85650530666851	-220.1174609429013
14.88871973854107	-220.1167210214
14.92093417041363	-220.1163939973914
14.9531486022862	-220.116481051163
14.98536303415876	-220.1169738117877
15.01757746603133	-220.1178543571286
15.04979189790389	-220.1190952138354
15.08200632977645	-220.1206593573458
15.11422076164902	-220.1225002118864
15.14643519352158	-220.1292716296567
15.17864962539415	-220.1310073549355
15.21086405726671	-220.132441822444
15.24307848913928	-220.1335313737574
15.27529292101184	-220.1342417355822
15.3075073528844	-220.1345479182506
15.33972178475697	-220.1344342157232
15.37193621662953	-220.1338942055865
15.4041506485021	-220.1329307490538
15.43636508037466	-220.1315559909665
15.46857951224722	-220.1266813376033
15.50079394411979	-220.1248154660294
15.53300837599235	-220.1228836045065
15.56522280786492	-220.1209106752673
15.59743723973748	-220.1189186557442
15.62965167161004	-220.1169265030216
15.66186610348261	-220.1149501538377
15.69408053535517	-220.1130025245844
15.72629496722774	-220.1110935113085
15.7585093991003	-220.1092299897101
15.79072383097287	-220.1081836463268
15.82293826284543	-220.1063701708243
15.85515269471799	-220.104541800279
15.88736712659056	-220.1026985778765
15.91958155846312	-220.1008405996291
15.95179599033569	-220.0989679581895
15.98401042220825	-220.0970807428533
16.01622485408081	-220.0951790395578
16.04843928595338	-220.0932629308811
16.08065371782594	-220.0913324960454
16.11286814969851	-220.0893880844212
16.14508258157107	-220.0874291671394
16.17729701344363	-220.0854561640571
16.2095114453162	-220.0834691006808
16.24172587718876	-220.0814680418063
16.27394030906133	-220.0794530497634
16.30615474093389	-220.0774241844155
16.33836917280646	-220.0753815031593
16.37058360467902	-220.0733250609237
16.40279803655158	-220.0712549101735
16.43501246842415	-220.0691711009047
16.46722690029671	-220.0670738469301
16.49944133216928	-220.0649628408766
16.53165576404184	-220.0628382982082
16.5638701959144	-220.060700260642
16.59608462778697	-220.058548768091
16.62829905965953	-220.0563838586641
16.6605134915321	-220.0542055686649
16.69272792340466	-220.0520139325944
16.72494235527722	-220.049808983148
16.75715678714979	-220.0475907512181
16.78937121902235	-220.0453593913299
16.82158565089492	-220.0431146678027
16.85380008276748	-220.0408567335587
16.88601451464005	-220.0385856133245
16.91822894651261	-220.0363013305119
16.95044337838517	-220.0340039072226
16.98265781025774	-220.0316933642458
17.0148722421303	-220.0293697210568
17.04708667400287	-220.02703299582
17.07930110587543	-220.0246832053867
17.11151553774799	-220.022320459422
17.14372996962056	-220.0199445769291
17.17594440149312	-220.0175556642935
17.20815883336569	-220.0151537338026
17.24037326523825	-220.0127387967965
17.27258769711081	-220.0103108636669
17.30480212898338	-220.0078699438592
17.33701656085594	-220.0054160458703
17.36923099272851	-220.0029491772505
17.40144542460107	-220.0004693446031
17.43365985647364	-219.9979766238532
17.4658742883462	-219.9954708754928
17.49808872021876	-219.9929521714794
17.53030315209133	-219.9904205150648
17.56251758396389	-219.9878759088236
17.59473201583646	-219.985318354654
17.62694644770902	-219.9827478537771
17.65916087958158	-219.9801644067375
17.69137531145415	-219.9775680134038
17.72358974332671	-219.974958672967
17.75580417519928	-219.9723363745561
17.78801860707184	-219.9697011947636
17.82023303894441	-219.9670529954732
17.85244747081697	-219.9643918350328
17.88466190268953	-219.9617177097258
17.9168763345621	-219.959030615358
17.94909076643466	-219.9563305472594
17.98130519830723	-219.9536175002852
18.01351963017979	-219.9508914688149
18.04573406205235	-219.9481524467508
18.07794849392492	-219.945400420568
18.11016292579748	-219.9426354423134
18.14237735767005	-219.9398574035335
18.17459178954261	-219.9370663419429
18.20680622141517	-219.9342622493781
18.23902065328774	-219.9314451173497
18.2712350851603	-219.9286149370408
18.30344951703287	-219.9257716993081
18.33566394890543	-219.9229153946809
18.367878380778	-219.9200460133619
18.40009281265056	-219.9171635400804
18.43230724452312	-219.9142680085895
18.46452167639569	-219.9113593330763
18.49673610826825	-219.9084375360871
18.52895054014082	-219.9055026063951
18.56116497201338	-219.9025545325553
18.59337940388594	-219.8995933029072
18.62559383575851	-219.8966189055739
18.65780826763107	-219.8936313284617
18.69002269950364	-219.89063055926
18.7222371313762	-219.8876165816341
18.75445156324876	-219.8845894157964
18.78666599512133	-219.8815489932216
18.81888042699389	-219.8784953253989
18.85109485886646	-219.8754283990673
18.88330929073902	-219.8723482008294
18.91552372261159	-219.8692547171554
18.94773815448415	-219.8661479343792
18.97995258635671	-219.863027838702
19.01216701822928	-219.8598944161891
19.04438145010184	-219.8567476499541
19.07659588197441	-219.8535875503036
19.10881031384697	-219.8504140618652
19.14102474571953	-219.8472271881889
19.1732391775921	-219.8440269147474
19.20545360946466	-219.8408132269426
19.23766804133723	-219.8375861101024
19.26988247320979	-219.8343455494794
19.30209690508235	-219.8310915302537
19.33431133695492	-219.8278240375322
19.36652576882748	-219.824543054263
19.39874020070005	-219.8212485697601
19.43095463257261	-219.8179405801565
19.46316906444518	-219.8146190419537
19.49538349631774	-219.8112839537394
19.5275979281903	-219.8079353002722
19.55981236006287	-219.804573066281
19.59202679193543	-219.801197236468
19.624241223808	-219.7978077955056
19.65645565568056	-219.7944047280381
19.68867008755312	-219.7909880171407
19.72088451942569	-219.7875576506193
19.75309895129825	-219.7841136215445
19.78531338317082	-219.7806558932989
19.81752781504338	-219.7771844606259
19.84974224691594	-219.7736993080583
19.88195667878851	-219.7702004201369
19.91417111066107	-219.7666877814054
19.94638554253364	-219.7631613764134
19.9785999744062	-219.7596211897152
20.01081440627877	-219.7560672047334
20.04302883815133	-219.7524994084079
20.07524327002389	-219.7489177916986
20.10745770189646	-219.7453223234902
20.13967213376902	-219.7417129958837
20.17188656564159	-219.7380897935014
20.20410099751415	-219.734452700997
20.23631542938671	-219.7308017030552
20.26852986125928	-219.7271367843889
20.30074429313184	-219.7234579297408
20.33295872500441	-219.7197651230449
20.36517315687697	-219.7160583508588
20.39738758874953	-219.7123376028078
20.4296020206221	-219.7086028521202
20.46181645249466	-219.7048540892081
20.49403088436723	-219.7010912990182
20.52624531623979	-219.6973144665463
20.55845974811236	-219.6935235768362
20.59067417998492	-219.6897186149805
20.62288861185748	-219.6858995661209
20.65510304373005	-219.6820664148251
20.68731747560261	-219.6782191476271
20.71953190747518	-219.6743577533641
20.75174633934774	-219.6704822088301
20.7839607712203	-219.6665925034154
20.81617520309287	-219.6626886225673
20.84838963496543	-219.6587705517924
20.880604066838	-219.6548382766619
20.91281849871056	-219.6508917828072
20.94503293058312	-219.6469310559228
20.97724736245569	-219.6429560813082
21.00946179432825	-219.6389668457373
21.04167622620082	-219.634963334632
21.07389065807338	-219.6309455369311
21.10610508994595	-219.6269134322914
21.13831952181851	-219.6228670098712
21.17053395369107	-219.618806255819
21.20274838556364	-219.6147311563533
21.2349628174362	-219.6106416977667
21.26717724930877	-219.6065378664227
21.29939168118133	-219.6024196484201
21.33160611305389	-219.5982870309727
21.36382054492646	-219.594140000323
21.39603497679902	-219.5899785453713
21.42824940867159	-219.5858026481247
21.46046384054415	-219.581612297655
21.49267827241671	-219.5774074808448
21.52489270428928	-219.5731881846536
21.55710713616184	-219.5689543961234
21.58932156803441	-219.5647061023742
21.62153599990697	-219.5604432903567
21.65375043177954	-219.5561659478732
21.6859648636521	-219.5518740620306
21.71817929552466	-219.5475676219201
21.75039372739723	-219.5432466116298
21.78260815926979	-219.5389110203949
21.81482259114236	-219.5345608359013
21.84703702301492	-219.5301960459198
21.87925145488748	-219.5258166383077
21.91146588676005	-219.521422601004
21.94368031863261	-219.5170139218538
21.97589475050518	-219.5125905893509
22.00810918237774	-219.5081525915077
22.0403236142503	-219.5036999178087
22.07253804612287	-219.4992325541428
22.10475247799543	-219.4947504901326
22.136966909868	-219.4902537143186
22.16918134174056	-219.4857422153324
22.20139577361313	-219.4812159818927
22.23361020548569	-219.476675002809
22.26582463735825	-219.4721192668435
22.29803906923082	-219.4675487632663
22.33025350110338	-219.462963481017
22.36246793297595	-219.4583634092604
22.39468236484851	-219.4537485380714
22.42689679672107	-219.4491188550416
22.45911122859364	-219.444474350461
22.4913256604662	-219.4398150138562
22.52354009233877	-219.4351408348465
22.55575452421133	-219.43045180314
22.58796895608389	-219.4257479084409
22.62018338795646	-219.42102914085
22.65239781982902	-219.4162954902542
22.68461225170159	-219.4115469467297
22.71682668357415	-219.4067835010281
22.74904111544672	-219.4020051421809
22.78125554731928	-219.3972118611371
22.81346997919184	-219.3924036483436
22.84568441106441	-219.3875804943438
22.87789884293697	-219.3827423897724
22.91011327480954	-219.3778893252855
22.9423277066821	-219.3730212918595
22.97454213855466	-219.3681382803367
23.00675657042723	-219.3632402817278
23.03897100229979	-219.358327287509
23.07118543417236	-219.3533992880996
23.10339986604492	-219.3484562751644
23.13561429791748	-219.34349824009
23.16782872979005	-219.3385251743591
23.20004316166261	-219.3335370695477
23.23225759353518	-219.3285339172747
23.26447202540774	-219.323515709418
23.29668645728031	-219.3184824377856
23.32890088915287	-219.3134340943341
23.36111532102543	-219.3083706713466
23.393329752898	-219.3032921604878
23.42554418477056	-219.2981985542268
23.45775861664313	-219.2930898449009
23.48997304851569	-219.2879660249416
23.52218748038825	-219.2828270868775
23.55440191226082	-219.2776730232926
23.58661634413338	-219.2725038269885
23.61883077600595	-219.2673194907391
23.65104520787851	-219.2621200074568
23.68325963975107	-219.2569053702364
23.71547407162364	-219.2516755719928
23.7476885034962	-219.246430606011
23.77990293536877	-219.2411704655831
23.81211736724133	-219.2358951440974
23.8443317991139	-219.230604635038
23.87654623098646	-219.2252989319555
23.90876066285902	-219.2199780285866
23.94097509473159	-219.2146419186741
23.97318952660415	-219.2092905960845
24.00540395847672	-219.2039240547809
24.03761839034928	-219.1985422888332
24.06983282222184	-219.1931452923714
24.10204725409441	-219.187733059657
24.13426168596697	-219.1823055850357
24.16647611783954	-219.1768628629492
24.1986905497121	-219.1714048879122
24.23090498158466	-219.1659316546036
24.26311941345723	-219.1604431577302
24.29533384532979	-219.1549393921159
24.32754827720236	-219.1494203526803
24.35976270907492	-219.1438860343449
24.39197714094749	-219.138336432419
24.42419157282005	-219.1327715420124
24.45640600469261	-219.1271913584264
24.48862043656518	-219.1215958770592
24.52083486843774	-219.1159850933861
24.55304930031031	-219.1103590030277
24.58526373218287	-219.1047176016506
24.61747816405543	-219.0990608850328
24.649692595928	-219.0933888490466
24.68190702780056	-219.0877014895298
24.71412145967313	-219.0819988028179
24.74633589154569	-219.0762807849386
24.77855032341825	-219.0705474321443
24.81076475529082	-219.0647987407832
24.84297918716338	-219.0590347072841
24.87519361903595	-219.0532553282104
24.90740805090851	-219.0474606001795
24.93962248278108	-219.0416505199192
24.97183691465364	-219.0358250842492
25.0040513465262	-219.0299842898629
25.03626577839877	-219.0241281342272
25.06848021027133	-219.0182566142301
25.1006946421439	-219.0123697270691
25.13290907401646	-219.0064674700343
25.16512350588902	-219.0005498405036
25.19733793776159	-218.9946168359737
25.22955236963415	-218.9886684540079
25.26176680150672	-218.9827046922734
25.29398123337928	-218.9767255485297
25.32619566525184	-218.9707310203977
25.35841009712441	-218.9647211063006
25.39062452899697	-218.9586958040566
25.42283896086954	-218.9526551117986
25.4550533927421	-218.9465990277532
25.48726782461467	-218.9405275502337
25.51948225648723	-218.9344406776642
25.55169668835979	-218.9283384085438
25.58391112023236	-218.92222074147
25.61612555210492	-218.9160876751333
25.64833998397749	-218.9099392083167
25.68055441585005	-218.9003388691241
25.71276884772261	-218.8945460197746
25.74498327959518	-218.889015084866
25.77719771146774	-218.8837141738634
25.80941214334031	-218.8785975513034
25.84162657521287	-218.873605636812
25.87384100708543	-218.8686650050767
25.906055438958	-218.8636883858653
25.93826987083056	-218.8585746640202
25.97048430270313	-218.8532088794601
26.00269873457569	-218.8613307592292
26.03491316644826	-218.8537702049375
26.06712759832082	-218.8444047745578
26.09934203019338	-218.8331792986149
26.13155646206595	-218.8200799164983
26.16377089393851	-218.805134076475
26.19598532581108	-218.7884105356687
26.22819975768364	-218.7700193600718
26.2604141895562	-218.7501119245462
26.29262862142877	-218.7288809128185
26.32484305330133	-218.6856610566044
26.3570574851739	-218.6640774885896
26.38927191704646	-218.6437026194324
26.42148634891903	-218.624740072076
26.45370078079159	-218.6073523991196
26.48591521266415	-218.59166108283
26.51812964453672	-218.5777465351234
26.55034407640928	-218.5656480975764
26.58255850828185	-218.5553640414253
26.61477294015441	-218.5468515675644
26.64698737202697	-218.5539660996624
26.67920180389954	-218.5479262634072
26.7114162357721	-218.5421357343378
26.74363066764467	-218.5364780782562
26.77584509951723	-218.5308504680218
26.80805953138979	-218.5251636836577
26.84027396326236	-218.5193421123375
26.87248839513492	-218.5133237483927
26.90470282700749	-218.5070601933132
26.93691725888005	-218.5005166557457
26.96913169075262	-218.4936719514951
27.00134612262518	-218.4831768563834
27.03356055449774	-218.4761398249945
27.06577498637031	-218.4690887187128
27.09798941824287	-218.4620235443595
27.13020385011544	-218.4549443088132
27.162418281988	-218.4478510190072
27.19463271386056	-218.4407436819323
27.22684714573313	-218.4336223046345
27.25906157760569	-218.4264868942176
27.29127600947826	-218.4193374578403
27.32349044135082	-218.4121740022735
27.35570487322338	-218.4049965357279
27.38791930509595	-218.3978050650749
27.42013373696851	-218.3905995976955
27.45234816884108	-218.3833801410267
27.48456260071364	-218.3761467025584
27.51677703258621	-218.3688992898354
27.54899146445877	-218.3616379104568
27.58120589633133	-218.3543625720773
27.6134203282039	-218.3470732824055
27.64563476007646	-218.3397700487131
27.67784919194903	-218.3324528798436
27.71006362382159	-218.3251217831755
27.74227805569415	-218.3177767666308
27.77449248756672	-218.3104178381879
27.80670691943928	-218.3030450058741
27.83892135131185	-218.2956582777703
27.87113578318441	-218.288257662011
27.90335021505697	-218.2808431667825
27.93556464692954	-218.2734148003239
27.9677790788021	-218.2659725704549
27.99999351067467	-218.2585164864961
28.03220794254723	-218.2510465563793
28.0644223744198	-218.2435627885504
28.09663680629236	-218.2360651915078
28.12885123816492	-218.2285537737986
28.16106567003749	-218.2210285440223
28.19328010191005	-218.2134895108284
28.22549453378262	-218.2059366829172
28.25770896565518	-218.19837006904
28.28992339752774	-218.1907896775381
28.32213782940031	-218.1831955182088
28.35435226127287	-218.1755875995096
28.38656669314544	-218.1679659303917
28.418781125018	-218.1603305198572
28.45099555689056	-218.1526813769549
28.48320998876313	-218.145018510783
28.51542442063569	-218.1373419304901
28.54763885250826	-218.1296516452717
28.57985328438082	-218.1219476643725
28.61206771625339	-218.1142299970893
28.64428214812595	-218.1064986523106
28.67649657999851	-218.0987536403908
28.70871101187108	-218.0909949702994
28.74092544374364	-218.0832226515235
28.77313987561621	-218.0754366935961
28.80535430748877	-218.0676371060972
28.83756873936133	-218.0598238986552
28.8697831712339	-218.0519970809444
28.90199760310646	-218.0441566626867
28.93421203497903	-218.0363026536512
28.96642646685159	-218.0284350632276
28.99864089872415	-218.0205539021741
29.03085533059672	-218.0126591799668
29.06306976246928	-218.0047509065607
29.09528419434185	-217.9968290919548
29.12749862621441	-217.9888937461939
29.15971305808698	-217.9809448793683
29.19192748995954	-217.9729825016138
29.2241419218321	-217.9650066231117
29.25635635370467	-217.9570172540886
29.28857078557723	-217.9490144043606
29.3207852174498	-217.9409980851937
29.35299964932236	-217.9329683064954
29.38521408119492	-217.9249250786712
29.41742851306749	-217.9168684121694
29.44964294494005	-217.9087983174824
29.48185737681262	-217.900714805146
29.51407180868518	-217.8926178857399
29.54628624055774	-217.8845075698872
29.57850067243031	-217.8763838682549
29.61071510430287	-217.8682467911345
29.64292953617544	-217.8600963501436
29.675143968048	-217.8519325556693
29.70735839992057	-217.8437554185512
29.73957283179313	-217.8355649496695
29.77178726366569	-217.8273611599469
29.80400169553826	-217.8191440603479
29.83621612741082	-217.8109136618791
29.86843055928339	-217.8026699755891
29.90064499115595	-217.7944130125687
29.93285942302851	-217.7861427835195
29.96507385490108	-217.7778593004964
29.99728828677364	-217.7695625743021
30.02950271864621	-217.7612526161932
30.06171715051877	-217.7529294374659
30.09393158239133	-217.7445930494567
30.1261460142639	-217.7362434635428
30.15836044613646	-217.7278806911416
30.19057487800903	-217.7195047437106
30.22278930988159	-217.7111156327479
30.25500374175416	-217.7027133697916
30.28721817362672	-217.6942979660186
30.31943260549928	-217.6858694338962
30.35164703737185	-217.6774277846694
30.38386146924441	-217.6689730300342
30.41607590111698	-217.660505181725
30.44829033298954	-217.652024251515
30.4805047648621	-217.6435302512162
30.51271919673467	-217.6350231926791
30.54493362860723	-217.626503087793
30.5771480604798	-217.6179699484859
30.60936249235236	-217.6094237863249
30.64157692422492	-217.6008646141513
30.67379135609749	-217.5922924436053
30.70600578797005	-217.5837072867665
30.73822021984262	-217.5751091557512
30.77043465171518	-217.5664980627134
30.80264908358775	-217.5578740198436
30.83486351546031	-217.5492370393698
30.86707794733287	-217.5405871335571
30.89929237920544	-217.5319243147074
30.931506811078	-217.5232485947648
30.96372124295057	-217.514559986925
30.99593567482313	-217.5058585032097
31.02815010669569	-217.4971441560663
31.06036453856826	-217.4884169579782
31.09257897044082	-217.4796769214639
31.12479340231339	-217.470924059078
31.15700783418595	-217.46215838341
31.18922226605851	-217.4533799070853
31.22143669793108	-217.4445886427651
31.25365112980364	-217.4357846027575
31.28586556167621	-217.4269678005921
31.31807999354877	-217.418138248659
31.35029442542134	-217.4092959597589
31.3825088572939	-217.4004409467263
31.41472328916646	-217.3915732224301
31.44693772103903	-217.3826927997727
31.47915215291159	-217.3737996916911
31.51136658478416	-217.3648939111557
31.54358101665672	-217.3559754711717
31.57579544852928	-217.3470443847775
31.60800988040185	-217.3381006650461
31.64022431227441	-217.3291443250843
31.67243874414698	-217.320175378033
31.70465317601954	-217.3111938370672
31.7368676078921	-217.3021997153955
31.76908203976467	-217.2931930262613
31.80129647163723	-217.2841737829411
31.8335109035098	-217.2751419987463
31.86572533538236	-217.2660976870218
31.89793976725493	-217.2570408611465
31.93015419912749	-217.2479715345336
31.96236863100005	-217.2388897206303
31.99458306287262	-217.2297954329175
32.02679749474518	-217.2206886849106
32.05901192661774	-217.2115694901586
32.0912263584903	-217.2024378622448
32.12344079036286	-217.1932938147864
32.15565522223542	-217.1841373614348
32.18786965410798	-217.1749685158751
32.22008408598055	-217.1657872918267
