0
1000	1.0219978922	100000000000000.1
5	0	0	1
5	0	0	0
0.03786664528905326	7.282726869599523e-12
0.07008107716161713	2.191360948466986e-11
0.102295509034181	3.663524144009285e-11
0.1345099409067449	5.145190851008358e-11
0.1667243727793087	6.636798045542448e-11
0.1989388046518726	8.138791210915058e-11
0.2311532365244365	9.65162446423159e-11
0.2633676683970003	1.117576070043943e-10
0.2955821002695642	1.27116717533293e-10
0.3277965321421281	1.425983857303834e-10
0.360010964014692	1.582075141963693e-10
0.3922253958872559	1.739491007242213e-10
0.4244398277598198	1.89828240545813e-10
0.4566542596323837	2.058501287292804e-10
0.4888686915049476	2.220200627245162e-10
0.5210831233775115	2.383434450545807e-10
0.5532975552500754	2.548257861511728e-10
0.5855119871226393	2.714727073326632e-10
0.6177264189952032	2.882899439235285e-10
0.6499408508677671	3.052833485143623e-10
0.682155282740331	3.224588943619613e-10
0.7143697146128949	3.398226789292977e-10
0.7465841464854588	3.573809275654923e-10
0.7787985783580227	3.751399973262041e-10
0.8110130102305866	3.931063809351315e-10
0.8432274421031505	4.112867108876066e-10
0.8754418739757144	4.296877636975353e-10
0.9076563058482783	4.48316464289198e-10
0.9398707377208422	4.671798905356906e-10
0.9720851695934061	4.862852779460327e-10
1.00429960146597	5.056399899589187e-10
1.036514033338534	5.252515702684019e-10
1.068728465211098	5.451278549623826e-10
1.100942897083662	5.652767322649382e-10
1.133157328956226	5.857062666948267e-10
1.165371760828789	6.064248127572969e-10
1.197586192701353	6.27440888801163e-10
1.229800624573917	6.487630672957187e-10
1.262015056446481	6.704003092016855e-10
1.294229488319045	6.923617273757742e-10
1.326443920191609	7.14656539488617e-10
1.358658352064173	7.372943618908901e-10
1.390872783936737	7.60284939978268e-10
1.423087215809301	7.83638333030644e-10
1.455301647681865	8.073648719534584e-10
1.487516079554428	8.314748422631759e-10
1.519730511426992	8.559792880547257e-10
1.551944943299556	8.808890110654309e-10
1.58415937517212	9.0621547695648e-10
1.616373807044684	9.319701477572173e-10
1.648588238917248	9.581649431173031e-10
1.680802670789812	9.848120495285543e-10
1.713017102662376	1.011923883590676e-09
1.74523153453494	1.039513399133756e-09
1.777445966407504	1.067593521984533e-09
1.809660398280067	1.096177931872194e-09
1.841874830152631	1.125280292360224e-09
1.874089262025195	1.154914710081404e-09
1.906303693897759	1.185095901926998e-09
1.938518125770323	1.215838531070836e-09
1.970732557642887	1.247157971452967e-09
2.002946989515451	1.27906987515666e-09
2.035161421388014	1.311590246804864e-09
2.067375853260578	1.344735673568114e-09
2.099590285133142	1.378523051736221e-09
2.131804717005705	1.412969831127495e-09
2.164019148878269	1.448093952693929e-09
2.196233580750833	1.483913314704893e-09
2.228448012623396	1.520446909628105e-09
2.26066244449596	1.557714235843129e-09
2.292876876368524	1.595734222920558e-09
2.325091308241087	1.634528120674628e-09
2.357305740113651	1.674116360048482e-09
2.389520171986215	1.714520314424604e-09
2.421734603858778	1.755762367347082e-09
2.453949035731342	1.797864752683271e-09
2.486163467603906	1.840850684443356e-09
2.518377899476469	1.884744044238544e-09
2.550592331349033	1.929568960348032e-09
2.582806763221597	1.975350695925344e-09
2.61502119509416	2.022114838112446e-09
2.647235626966724	2.069888713839434e-09
2.679450058839288	2.118697727200738e-09
2.711664490711851	2.168570978137831e-09
2.743878922584415	2.219536923016344e-09
2.776093354456979	2.271624616091735e-09
2.808307786329542	2.324865178512367e-09
2.840522218202106	2.379288658770914e-09
2.87273665007467	2.434927437324348e-09
2.904951081947234	2.491813746682661e-09
2.937165513819797	2.549982726870484e-09
2.969379945692361	2.609467143443483e-09
3.001594377564925	2.670303718627178e-09
3.033808809437488	2.732528877669512e-09
3.066023241310052	2.796179244766156e-09
3.098237673182616	2.861293698304416e-09
3.130452105055179	2.92791250184248e-09
3.162666536927743	2.996075720097363e-09
3.194880968800307	3.065825630500719e-09
3.22709540067287	3.137204114680548e-09
3.259309832545434	3.210255609748942e-09
3.291524264417998	3.285027355794305e-09
3.323738696290561	3.361563737587865e-09
3.355953128163125	3.439913719970886e-09
3.388167560035689	3.520125472258036e-09
3.420381991908252	3.602251192153277e-09
3.452596423780816	3.686341522312191e-09
3.48481085565338	3.772450645345429e-09
3.517025287525943	3.860633047892591e-09
3.549239719398507	3.950945591837379e-09
3.581454151271071	4.043445891738128e-09
3.613668583143634	4.138194448223393e-09
3.645883015016198	4.235251145106502e-09
3.678097446888762	4.334680578053163e-09
3.710311878761325	4.436546389099344e-09
3.742526310633889	4.540915836013538e-09
3.774740742506453	4.647857321904981e-09
3.806955174379016	4.757440371913746e-09
3.83916960625158	4.869738807079736e-09
3.871384038124144	4.984825381255451e-09
3.903598469996707	5.102778681627507e-09
3.935812901869271	5.22367561350108e-09
3.968027333741835	5.347597292442275e-09
4.000241765614398	5.47462768657789e-09
4.032456197486963	5.60485174672268e-09
4.064670629359527	5.738356466682589e-09
4.096885061232091	5.875233461388781e-09
4.129099493104655	6.015574933676952e-09
4.161313924977219	6.159477299000025e-09
4.193528356849783	6.307038417509311e-09
4.225742788722347	6.458358371016486e-09
4.257957220594911	6.613542127111915e-09
4.290171652467476	6.772696111700083e-09
4.32238608434004	6.935928818714745e-09
4.354600516212604	7.103356345079486e-09
4.386814948085168	7.275092464357194e-09
4.419029379957732	7.451257719587789e-09
4.451243811830296	7.631972637329741e-09
4.48345824370286	7.817366664771292e-09
4.515672675575424	8.007568361553961e-09
4.547887107447989	8.202710970126842e-09
4.580101539320553	8.40293285770213e-09
4.612315971193117	8.608374966205295e-09
4.644530403065681	8.81918268089331e-09
4.676744834938245	9.035504636720355e-09
4.708959266810809	9.257495803186615e-09
4.741173698683373	9.485314139166007e-09
4.773388130555937	9.719121336523447e-09
4.805602562428501	9.959086542954981e-09
4.837816994301066	1.020538093132098e-08
4.87003142617363	1.045818179537243e-08
4.902245858046194	1.071767026846011e-08
4.934460289918758	1.098403502564764e-08
4.966674721791322	1.125746859756438e-08
4.998889153663886	1.153816860271675e-08
5.03110358553645	1.18263384260897e-08
5.063318017409014	1.212218956721318e-08
5.095532449281579	1.242593731838184e-08
5.127746881154143	1.27378031178788e-08
5.159961313026707	1.305801526151564e-08
5.192175744899271	1.338680894337971e-08
5.224390176771835	1.372442689407375e-08
5.256604608644399	1.407111666271976e-08
5.288819040516963	1.442713472314116e-08
5.321033472389527	1.479274340481239e-08
5.353247904262092	1.51682139896516e-08
5.385462336134656	1.555382571590331e-08
5.41767676800722	1.594986505695418e-08
5.449891199879784	1.635662641680871e-08
5.482105631752348	1.677441255837772e-08
5.514320063624912	1.720353783223802e-08
5.546534495497476	1.764431809613179e-08
5.57874892737004	1.809709291035059e-08
5.610963359242604	1.856219509509602e-08
5.643177791115169	1.903997951377576e-08
5.675392222987733	1.953080131682272e-08
5.707606654860297	2.003503960026679e-08
5.739821086732861	2.055307019160928e-08
5.772035518605425	2.108528208111647e-08
5.804249950477989	2.163208779277748e-08
5.836464382350553	2.21938947635898e-08
5.868678814223117	2.276165588991778e-08
5.900893246095682	2.335347859046639e-08
5.933107677968246	2.395691133130563e-08
5.96532210984081	2.458367280480078e-08
5.997536541713374	2.523112570949233e-08
6.029750973585938	2.589170459479955e-08
6.061965405458502	2.658895668968634e-08
6.094179837331066	2.731104589182179e-08
6.12639426920363	2.808671850066279e-08
6.158608701076195	2.892565512214515e-08
6.190823132948759	3.1627437959385e-08
6.223037564821323	3.291609703879365e-08
6.255251996693887	3.528993013734263e-08
6.287466428566451	3.833276784756971e-08
6.319680860439015	4.104075230311166e-08
6.351895292311579	4.603919221399705e-08
6.384109724184143	5.017718297388946e-08
6.416324156056707	5.493775057466818e-08
6.448538587929272	6.256778262952934e-08
6.480753019801836	6.942281373661779e-08
6.5129674516744	7.681871435752235e-08
6.545181883546964	8.550104969488279e-08
6.577396315419528	9.519463293821783e-08
6.609610747292092	1.061719936387815e-07
6.641825179164656	1.230266147728493e-07
6.67403961103722	1.375254255837293e-07
6.706254042909785	1.56096996659453e-07
6.738468474782349	1.781530383581305e-07
6.770682906654913	1.95966983923892e-07
6.802897338527477	2.234227002654626e-07
6.835111770400041	2.538234417725094e-07
6.867326202272605	2.815628329127096e-07
6.899540634145169	3.225104323664704e-07
6.931755066017733	3.595529629348521e-07
6.963969497890298	3.991257361034327e-07
6.996183929762862	4.537854464124324e-07
7.028398361635426	5.019355842171458e-07
7.06061279350799	5.568396159889308e-07
7.092827225380554	6.344682445532085e-07
7.125041657253118	7.000232596069442e-07
7.157256089125682	7.759020809289996e-07
7.189470520998246	8.76608509761047e-07
7.22168495287081	9.68208127182592e-07
7.253899384743375	1.072230577829392e-06
7.286113816615939	1.202535594833109e-06
7.318328248488503	1.331206134652748e-06
7.350542680361067	1.47112362159788e-06
7.382757112233631	1.647762007934039e-06
7.414971544106195	1.819572368185174e-06
7.447185975978759	2.011537972205319e-06
7.479400407851323	2.249565250469072e-06
7.511614839723888	2.477010848902689e-06
7.543829271596452	2.737523435275224e-06
7.576043703469016	3.006004973559513e-06
7.60825813534158	3.358278123645691e-06
7.640472567214144	3.709859446663006e-06
7.672686999086708	4.095794872099702e-06
7.704901430959272	4.543335017424636e-06
7.737115862831836	5.016916155339717e-06
7.769330294704401	5.538637007580876e-06
7.801544726576965	6.159791802440462e-06
7.833759158449529	6.766914513845473e-06
7.865973590322093	7.469821343897498e-06
7.898188022194657	8.241225534207066e-06
7.930402454067221	9.108512725293436e-06
7.962616885939785	1.005118225801315e-05
7.994831317812349	1.108823232604825e-05
8.027045749684913	1.221943488312437e-05
8.059260181557477	1.350839916158873e-05
8.091474613430041	1.489982322345489e-05
8.123689045302605	1.643147987484776e-05
8.155903477175169	1.822113087734084e-05
8.188117909047733	1.999622861621605e-05
8.220332340920297	2.205066412375227e-05
8.252546772792861	2.431091079840334e-05
8.284761204665426	2.683013563936944e-05
8.31697563653799	2.956045014188107e-05
8.349190068410554	3.258705512854396e-05
8.381404500283118	3.592167565770284e-05
8.413618932155682	3.965113655004479e-05
8.445833364028246	4.365800445241812e-05
8.47804779590081	4.811785643230616e-05
8.510262227773374	5.303193666928068e-05
8.542476659645938	5.841240669957867e-05
8.574691091518503	6.442410124136293e-05
8.606905523391067	7.099480710633187e-05
8.639119955263631	7.823492399006726e-05
8.671334387136195	8.620992323022896e-05
8.703548819008759	9.500912054802227e-05
8.735763250881323	0.0001046872945071634
8.767977682753887	0.0001153508331345446
8.800192114626451	0.0001270987846998007
8.832406546499016	0.0001400716925229858
8.86462097837158	0.0001543057919247571
8.896835410244144	0.0001700080779998617
8.929049842116708	0.000187305769193498
8.961264273989272	0.0002063561243249056
8.993478705861836	0.0002273662685366718
9.0256931377344	0.0002504841579978273
9.057907569606964	0.0002759538603496539
9.090122001479529	0.0003040123753271653
9.122336433352093	0.0003349040979397833
9.154550865224657	0.0003689678353985466
9.186765297097221	0.0004064655334106466
9.218979728969785	0.000447771343742556
9.251194160842349	0.000493271998568531
9.283408592714913	0.0005433487358844063
9.315623024587477	0.000598607224306475
9.347837456460041	0.0006594145636033404
9.380051888332606	0.00072639606344433
9.41226632020517	0.0008001774055704944
9.444480752077734	0.0008814237953752538
9.476695183950298	0.0009709773947399898
9.508909615822862	0.001069579024722235
9.541124047695426	0.001178190691213866
9.57333847956799	0.001297828356316797
9.605552911440554	0.0014295989628854
9.637767343313119	0.001574763518725331
9.669981775185683	0.00173464471810568
9.702196207058247	0.001910752337130571
9.734410638930811	0.002104735088876575
9.766625070803375	0.002318398643319435
9.798839502675939	0.00255381790069396
9.831053934548503	0.002812990422256526
9.863268366421067	0.003098531274882317
9.895482798293632	0.003413049219981026
9.927697230166196	0.003759481753705621
9.95991166203876	0.004141065378610589
9.992126093911324	0.004561399303689854
10.02434052578389	0.005024352959838777
10.05655495765645	0.005534296328548267
10.08876938952902	0.006095988349607367
10.12098382140158	0.006714674438570004
10.15319825327414	0.007396137226076735
10.18541268514671	0.008146768077784198
10.21762711701927	0.00897354951781441
10.24984154889184	0.009884233625830519
10.2820559807644	0.01088732769372361
10.31427041263697	0.01199220370480484
10.34648484450953	0.01320918838010671
10.37869927638209	0.01454969189175409
10.41091370825466	0.01602618072216588
10.44312814012722	0.01765250034475347
10.47534257199979	0.0194438486865385
10.50755700387235	0.02141696066679727
10.53977143574491	0.02359028160896407
10.57198586761748	0.02598425794368491
10.60420029949004	0.02862089719389507
10.63641473136261	0.03152519670287664
10.66862916323517	0.03472419773444397
10.70084359510773	0.03824779645517707
10.7330580269803	0.04212892758601491
10.76527245885286	0.04640386796360933
10.79748689072543	0.0511125990484154
10.82970132259799	0.05629909325416731
10.86191575447056	0.0620118571567967
10.89413018634312	0.06830428713831299
10.92634461821568	0.07523519565013434
10.95855905008825	0.08286936364044649
10.99077348196081	0.09127814419286319
11.02298791383338	0.1005401782940814
11.05520234570594	0.1107419702697764
11.0874167775785	0.1219789180405064
11.11963120945107	0.1343560507708444
11.15184564132363	0.1479890529644016
11.1840600731962	0.1630053580191818
11.21627450506876	0.1795453146431326
11.24848893694132	0.1977635657840294
11.28070336881389	0.2178303180798676
11.31291780068645	0.2399331924126068
11.34513223255902	0.2642787765172747
11.37734666443158	0.2910946218125897
11.40956109630415	0.3206313796973332
11.44177552817671	0.3531651306836967
11.47398996004927	0.3889999384126259
11.50620439192184	0.4284708424294331
11.5384188237944	0.471946673726597
11.57063325566697	0.519833843734429
11.60284768753953	0.5725799432147691
11.63506211941209	0.6306779909577859
11.66727655128466	0.6946710255039809
11.69949098315722	0.7651571877176394
11.73170541502979	0.8427954316720617
11.76391984690235	0.928311079279917
11.79613427877491	1.022503777082594
11.82834871064748	1.12625383600092
11.86056314252004	1.240530993081016
11.89277757439261	1.366403389063571
11.92499200626517	1.505047539975021
11.95720643813774	1.657759337164337
11.9894208700103	1.825966117647936
12.02163530188286	2.011240255408524
12.05384973375543	2.215313297688825
12.08606416562799	2.440092768562923
12.11827859750056	2.687679643210382
12.15049302937312	2.96038808755883
12.18270746124568	3.260767070371157
12.21492189311825	3.591624191776257
12.24713632499081	3.956051921784447
12.27935075686338	4.357456545583501
12.31156518873594	4.799589858823697
12.3437796206085	5.286584465252274
12.37599405248107	5.822992210011668
12.40820848435363	6.413826805763696
12.4404229162262	7.064610679422078
12.47263734809876	7.781426591365113
12.50485177997133	8.57097448701751
12.53706621184389	9.440634119845518
12.56928064371645	10.39853408171023
12.60149507558902	11.45362757491619
12.63370950746158	12.61577641026517
12.66592393933415	13.89584293454381
12.69813837120671	15.30579166888252
12.73035280307927	16.85880109274254
12.76256723495184	18.56938684071461
12.7947816668244	20.45353736958597
12.82699609869697	22.5288633913567
12.85921053056953	24.81476273630824
12.89142496244209	27.33260048002625
12.92363939431466	30.10591087912722
12.95585382618722	33.16061515928196
12.98806825805979	36.52526485212239
13.02028268993235	40.23130848728649
13.05249712180492	44.3133854597679
13.08471155367748	48.8096498399473
13.11692598555004	53.76212697338519
13.14914041742261	59.21710627399076
13.18135484929517	65.22557391329609
13.21356928116774	71.8436892063993
13.2457837130403	79.13330980728362
13.27799814491286	87.16256958071963
13.31021257678543	96.00651556713221
13.34242700865799	105.7478093669938
13.37464144053056	116.4774998060767
13.40685587240312	128.2958738465574
13.43907030427568	141.3133939739911
13.47128473614825	155.6517306322628
13.50349916802081	171.4448993703129
13.53571359989338	188.8405137266137
13.56792803176594	208.0011642565103
13.60014246363851	229.1059388790347
13.63235689551107	252.3520963727931
13.66457132738363	277.9569100953315
13.6967857592562	306.159698818044
13.72900019112876	337.224063440457
13.76121462300133	371.4403507729061
13.79342905487389	409.1283672606787
13.82564348674645	450.6403680429993
13.85785791861902	496.364350543487
13.89007235049158	546.7276748067187
13.92228678236415	602.2010698724686
13.95450121423671	663.3030214180923
13.98671564610927	730.6046237361943
14.01893007798184	804.7349163183271
14.0511445098544	886.3867630291751
14.08335894172697	976.3233280087405
14.11557337359953	1075.385208506126
14.1477878054721	1184.498291457854
14.18000223734466	1304.68240725134
14.21221666921722	1437.060861451553
14.24443110108979	1582.870933747721
14.27664553296235	1743.475441890432
14.30885996483492	1920.375479352147
14.34107439670748	2115.224445029752
14.37328882858004	2329.843496546074
14.40550326045261	2566.238571469055
14.43771769232517	2826.619135569194
14.46993212419774	3113.418833278375
14.5021465560703	3429.318233420278
14.53436098794286	3777.269882741787
14.56657541981543	4160.525901375398
14.59878985168799	4582.668378320025
14.63100428356056	5047.642850827877
14.66321871543312	5559.79518048764
14.69543314730569	6123.912171322369
14.72764757917825	6745.266308476724
14.75986201105081	7429.665036526485
14.79207644292338	8183.505037561466
14.82429087479594	9013.832016443093
14.85650530666851	9928.406551795646
14.88871973854107	10935.77662862211
14.92093417041363	12045.35752994137
14.9531486022862	13267.51983437679
14.98536303415876	14613.6863423233
15.01757746603133	16096.43883603888
15.04979189790389	17729.63567204319
15.08200632977645	19528.54130414655
15.11422076164902	21509.96894876343
15.14643519352158	23692.43772451448
15.17864962539415	26096.34573573483
15.21086405726671	28744.16071711516
15.24307848913928	31660.63002127815
15.27529292101184	34873.01191203232
15.3075073528844	38411.33032486724
15.33972178475697	42308.65547526856
15.37193621662953	46601.41293837625
15.4041506485021	51329.72408760909
15.43636508037466	56537.7810745829
15.46857951224722	62274.2598549247
15.50079394411979	68592.77511939351
15.53300837599235	75552.3813834063
15.56522280786492	83218.12491647848
15.59743723973748	91661.65167105242
15.62965167161004	100961.8768923742
15.66186610348261	111205.7226663268
15.69408053535517	122488.9303001488
15.72629496722774	134916.9551264523
15.7585093991003	148605.9520951326
15.79072383097287	163683.8613627915
15.82293826284543	180291.6040269405
15.85515269471799	198584.3991785223
15.88736712659056	218733.2145834578
15.91958155846312	240926.3645493882
15.95179599033569	265371.2699130818
15.98401042220825	292296.3965934864
16.01622485408081	321953.3908329017
16.04843928595338	354619.4310767299
16.08065371782594	390599.8184752952
16.11286814969851	430230.8302168653
16.14508258157107	473882.8623582988
16.17729701344363	521963.8915257592
16.2095114453162	574923.2878378098
16.24172587718876	633256.014685374
16.27394030906133	697507.2546190101
16.30615474093389	768277.504573964
16.33836917280646	846228.1880543439
16.37058360467902	932087.836724592
16.40279803655158	1026658.899178992
16.43501246842415	1130825.240523376
16.46722690029671	1245560.402856555
16.49944133216928	1371936.703851543
16.53165576404184	1511135.258469177
16.5638701959144	1664457.01746302
16.59608462778697	1833334.925835171
16.62829905965953	2019347.314879379
16.6605134915321	2224232.652956284
16.69272792340466	2449905.792867003
16.72494235527722	2698475.8676575
16.75715678714979	2972266.002107666
16.78937121902235	3273835.02411619
16.82158565089492	3606001.378886044
16.85380008276748	3971869.469405403
16.88601451464005	4374858.66938366
16.91822894651261	4818735.279801507
16.95044337838517	5307647.727686389
16.98265781025774	5846165.336116605
17.0148722421303	6439321.027736065
17.04708667400287	7092658.360888796
17.07930110587543	7812283.337936793
17.11151553774799	8604921.469941333
17.14372996962056	9477980.630999913
17.17594440149312	10439620.28963505
17.20815883336569	11498827.76425136
17.24037326523825	12665502.21526763
17.27258769711081	13950547.15891301
17.30480212898338	15365972.36721193
17.33701656085594	16925006.1064924
17.36923099272851	18642218.7633205
17.40144542460107	20533659.01317345
17.43365985647364	22617003.80441952
17.4658742883462	24911723.55924253
17.49808872021876	27439264.13539001
17.53030315209133	30223247.24918285
17.56251758396389	33314309.73522658
17.59473201583646	36694625.86972473
17.62694644770902	40417933.86231921
17.65916087958158	44519036.20133604
17.69137531145415	49036266.69264909
17.72358974332671	54011848.77327158
17.75580417519928	59492290.18203785
17.78801860707184	65528817.67648479
17.82023303894441	72177855.85937673
17.85244747081697	79501554.59043603
17.88466190268953	87568369.91321021
17.9168763345621	96453703.92701644
17.94909076643466	106240609.5851265
17.98130519830723	117020567.0068213
18.01351963017979	128894338.559875
18.04573406205235	141972910.7061039
18.07794849392492	156378531.4133424
18.11016292579748	172245852.8310194
18.14237735767005	189723189.9100255
18.17459178954261	208973906.7313614
18.20680622141517	230177943.5020615
18.23902065328774	253533498.4911559
18.2712350851603	279258880.6276948
18.30344951703287	307594550.076402
18.33566394890543	338805365.865948
18.367878380778	373183061.5784778
18.40009281265056	411048972.2264422
18.43230724452312	452757037.882912
18.46452167639569	498697111.9896587
18.49673610826825	549298605.2401327
18.52895054014082	605034499.7940685
18.56116497201338	666425769.850245
18.59337940388594	734046251.5912399
18.62559383575851	808528006.7969214
18.65780826763107	890567230.9742237
18.69002269950364	980930760.69063
18.7222371313762	1080463241.439008
18.75445156324876	1190095022.705721
18.78666599512133	1310850854.054071
18.81888042699389	1443859463.755758
18.85109485886646	1590364109.142451
18.88330929073902	1751734197.580452
18.91552372261159	1929478086.708857
18.94773815448415	2125257183.172974
18.97995258635671	2340901472.249166
19.01216701822928	2578426623.003839
19.04438145010184	2840052829.110078
19.07659588197441	3128225561.590774
19.10881031384697	3445638426.879552
19.14102474571953	3795258344.679137
19.1732391775921	4180353280.204079
19.20545360946466	4604522790.519913
19.23766804133723	5071731670.367446
19.26988247320979	5586347011.73179
19.30209690508235	6153179024.05931
19.33431133695492	6777525996.201092
19.36652576882748	7465223819.406985
19.39874020070005	8222700540.076988
19.43095463257261	9057036437.731857
19.46316906444518	9976030214.83079
19.49538349631774	10988271881.75061
19.5275979281903	12103223057.03512
19.55981236006287	13331305406.87656
19.59202679193543	14683998051.16418
19.624241223808	16173944876.79535
19.65645565568056	17815072698.7861
19.68867008755312	19622721457.25712
19.72088451942569	21613787597.34196
19.75309895129825	23806881998.45675
19.78531338317082	26222503931.51753
19.81752781504338	28883232690.89782
19.84974224691594	31813938616.13977
19.88195667878851	35042015585.62735
19.91417111066107	38597637054.93938
19.94638554253364	42514038104.23226
19.9785999744062	46827826093.52247
20.01081440627877	51579322826.12746
20.04302883815133	56812941462.98956
20.07524327002389	62577601647.31298
20.10745770189646	68927186764.33873
20.13967213376902	75921047615.25188
20.17188656564159	83624557161.68938
20.20410099751415	92109721591.22568
20.23631542938671	101455853374.4665
20.26852986125928	111750312597.7807
20.30074429313184	123089323562.0978
20.33295872500441	135578874178.0092
20.36517315687697	149335706678.9003
20.39738758874953	164488408828.4707
20.4296020206221	181178615843.7094
20.46181645249466	199562334298.017
20.49403088436723	219811400345.3421
20.52624531623979	242115085892.6862
20.55845974811236	266681867771.5229
20.59067417998492	293741376416.6219
20.62288861185748	323546542236.1133
20.65510304373005	356375959862.2647
20.68731747560261	392536492136.0548
20.71953190747518	432366138495.3579
20.75174633934774	476237194286.9083
20.7839607712203	524559730675.73
20.81617520309287	577785427670.4795
20.84838963496543	636411796062.8004
20.880604066838	700986827744.1237
20.91281849871056	772114117900.1064
20.94503293058312	850458506933.1587
20.97724736245569	936752294834.2743
21.00946179432825	1031802086146.789
21.04167622620082	1136496329458.849
21.07389065807338	1251813621871.363
21.10610508994595	1378831856160.112
21.13831952181851	1518738296034.917
21.17053395369107	1672840673713.91
21.20274838556364	1842579413551.833
21.2349628174362	2029541095970.19
21.26717724930877	2235473287548.405
21.29939168118133	2462300877675.045
21.33160611305389	2712144060713.797
21.36382054492646	2987338175291.259
21.39603497679902	3290455509217.653
21.42824940867159	3624329362600.166
21.46046384054415	3992080513796.115
21.49267827241671	4397146402416.01
21.52489270428928	4843313260151.92
21.55710713616184	5334751490834.599
21.58932156803441	5876054659354.416
21.62153599990697	6472282449489.473
21.65375043177954	7129007867956.507
21.6859648636521	7852369494188.105
21.71817929552466	8649128719379.27
21.75039372739723	9526733001164.766
21.78260815926979	10493385453338.96
21.81482259114236	11558121592594.17
21.84703702301492	12730893683305.47
21.87925145488748	14022663865319.47
21.91146588676005	15445506558894.94
21.94368031863261	17012721330045.1
21.97589475050518	18738957239038.26
22.00810918237774	20640349751546.95
22.0403236142503	22734671524484.53
22.07253804612287	25041498556447.58
22.10475247799543	27582393299555.06
22.136966909868	30381105864982.46
22.16918134174056	33463796408025.71
22.20139577361313	36859279365177.4
22.23361020548569	40599293005668.43
22.26582463735825	44718795929607.16
22.29803906923082	49256293920462.72
22.33025350110338	54254199801905.62
22.36246793297595	59759229960969.74
22.39468236484851	65822840949917.54
22.42689679672107	72501710472574.28
22.45911122859364	79858267191126.31
22.4913256604662	87961274246796.61
22.52354009233877	96886471954411
22.55575452421133	106717286136518.8
22.58796895608389	117545606000311.9
22.62018338795646	129472647483287.8
22.65239781982902	142609894604278.9
22.68461225170159	157080142249728.8
22.71682668357415	173018648230154.8
22.74904111544672	190574394042948
22.78125554731928	209911470369902.8
22.81346997919184	231210631011787.9
22.84568441106441	254670928897198.9
22.87789884293697	280511747822765.6
22.91011327480954	308974531116054
22.9423277066821	340325355408222.6
22.97454213855466	374857268481836.9
23.00675657042723	412893041095347.1
23.03897100229979	454788199273023.9
23.07118543417236	500934354093646.5
23.10339986604492	551762833456715.4
23.13561429791748	607748736356328.4
23.16782872979005	669415394418029.2
23.20004316166261	737339196831132.2
23.23225759353518	812155048873577.1
23.26447202540774	894562261267973.4
23.29668645728031	985331117013174.4
23.32890088915287	1085310047761358
23.36111532102543	1195433571818467
23.393329752898	1316731035951540
23.42554418477056	1450336237303512
23.45775861664313	1597497996443464
23.48997304851569	1759591867199126
23.52218748038825	1938132975000980
23.55440191226082	2134790169620394
23.58661634413338	2351401643925344
23.61883077600595	2589992113442783
23.65104520787851	2852791715753288
23.68325963975107	3142256892002423
23.71547407162364	3461093332489302
23.7476885034962	3812281250568012
23.77990293536877	4199103269386972
23.81211736724133	4625175088855065
23.8443317991139	5094479274013417
23.87654623098646	5611402501681378
23.90876066285902	6180776552125662
23.94097509473159	6807923465539639
23.97318952660415	7498705294591647
24.00540395847672	8259578914422408
24.03761839034928	9097656342570538
24.06983282222184	1.002077124230339e+16
24.10204725409441	1.103755214126788e+16
24.13426168596697	1.215750305390299e+16
24.16647611783954	1.339109317517672e+16
24.1986905497121	1.47498509359875e+16
24.23090498158466	1.624647883701895e+16
24.26311941345723	1.789496373227966e+16
24.29533384532979	1.971071998724016e+16
24.32754827720236	2.171071401897554e+16
24.35976270907492	2.391364175504334e+16
24.39197714094749	2.634009553863135e+16
24.42419157282005	2.901275452881157e+16
24.45640600469261	3.195660092529664e+16
24.48862043656518	3.519915201762685e+16
24.52083486843774	3.877071571604875e+16
24.55304930031031	4.270467635798293e+16
24.58526373218287	4.703780568112915e+16
24.61747816405543	5.181060585518163e+16
24.649692595928	5.706768911664297e+16
24.68190702780056	6.285819492763418e+16
24.71412145967313	6.92362473514529e+16
24.74633589154569	7.626146370875371e+16
24.77855032341825	8.399951089591448e+16
24.81076475529082	9.252271513238178e+16
24.84297918716338	1.019107468311537e+17
24.87519361903595	1.122513566679763e+17
24.90740805090851	1.236412008469343e+17
24.93962248278108	1.361867415349638e+17
24.97183691465364	1.50005244374599e+17
25.0040513465262	1.652258737629692e+17
25.03626577839877	1.819908987723085e+17
25.06848021027133	2.004570238536324e+17
25.1006946421439	2.207968702808647e+17
25.13290907401646	2.432005295350335e+17
25.16512350588902	2.67877431473498e+17
25.19733793776159	2.95058244357432e+17
25.22955236963415	3.249970028705297e+17
25.26176680150672	3.579735717820294e+17
25.29398123337928	3.9429615750665e+17
25.32619566525184	4.343043641120461e+17
25.35841009712441	4.783720553020638e+17
25.39062452899697	5.269111731996304e+17
25.42283896086954	5.803754437763263e+17
25.4550533927421	6.392645708610395e+17
25.48726782461467	7.041290208956444e+17
25.51948225648723	7.75575102408101e+17
25.55169668835979	8.54270613368038e+17
25.58391112023236	9.409511454221221e+17
25.61612555210492	1.036427199996505e+18
25.64833998397749	1.141590367344422e+18
25.68055441585005	1.257424454863791e+18
25.71276884772261	1.385011900497204e+18
25.74498327959518	1.525545367619935e+18
25.77719771146774	1.680338317752564e+18
25.80941214334031	1.850837696352771e+18
25.84162657521287	2.038637231972439e+18
25.87384100708543	2.245492203308542e+18
25.906055438958	2.473336215961689e+18
25.93826987083056	2.724298854161401e+18
25.97048430270313	3.000726210931102e+18
26.00269873457569	3.305201767373448e+18
26.03491316644826	3.640571624660988e+18
26.06712759832082	4.009970609872572e+18
26.09934203019338	4.416851425337922e+18
26.13155646206595	4.865017390326759e+18
26.16377089393851	5.358657542597195e+18
26.19598532581108	5.90238596587809e+18
26.22819975768364	6.50128505378644e+18
26.2604141895562	7.160952776248836e+18
26.29262862142877	7.887555257438901e+18
26.32484305330133	8.687884023569375e+18
26.3570574851739	9.56941982051771e+18
26.38927191704646	1.054040391351443e+19
26.42148634891903	1.160990948610529e+19
26.45370078079159	1.278793529881482e+19
26.48591521266415	1.408548897430044e+19
26.51812964453672	1.551470862162284e+19
26.55034407640928	1.708894339279343e+19
26.58255850828185	1.882291630548458e+19
26.61477294015441	2.073282333852674e+19
26.64698737202697	2.283652572039329e+19
26.67920180389954	2.515368431918466e+19
26.7114162357721	2.77059649198074e+19
26.74363066764467	3.051721036275774e+19
26.77584509951723	3.361370774468366e+19
26.80805953138979	3.702440172935713e+19
26.84027396326236	4.078116523102482e+19
26.87248839513492	4.491911816065125e+19
26.90470282700749	4.947693512107203e+19
26.93691725888005	5.449723157142221e+19
26.96913169075262	6.002691445447894e+19
27.00134612262518	6.611768099677027e+19
27.03356055449774	7.282646301128357e+19
27.06577498637031	8.021596207978344e+19
27.09798941824287	8.835526011715723e+19
27.13020385011544	9.732042314327312e+19
27.162418281988	1.071952707416691e+20
27.19463271386056	1.18072074919673e+20
27.22684714573313	1.300525250641234e+20
27.25906157760569	1.432486026277203e+20
27.29127600947826	1.577836451826213e+20
27.32349044135082	1.737935195881146e+20
27.35570487322338	1.9142787185106e+20
27.38791930509595	2.108515354119635e+20
27.42013373696851	2.32246064745085e+20
27.45234816884108	2.558114373001831e+20
27.48456260071364	2.817679420524087e+20
27.51677703258621	3.103581454103176e+20
27.54899146445877	3.418493358297768e+20
27.58120589633133	3.765358511887474e+20
27.6134203282039	4.147419163854431e+20
27.64563476007646	4.568246435805897e+20
27.67784919194903	5.031773908319614e+20
27.71006362382159	5.542334252002228e+20
27.74227805569415	6.10469985368625e+20
27.77449248756672	6.724127379123292e+20
27.80670691943928	7.406405100900545e+20
27.83892135131185	8.157912115079428e+20
27.87113578318441	8.985674768024445e+20
27.90335021505697	9.897425019474798e+20
27.93556464692954	1.090168953772323e+21
27.9677790788021	1.20078541243222e+21
27.99999351067467	1.322625833519126e+21
28.03220794254723	1.456828946731996e+21
28.0644223744198	1.604649373536016e+21
28.09663680629236	1.767468744991949e+21
28.12885123816492	1.946808981944683e+21
28.16106567003749	2.144346206841775e+21
28.19328010191005	2.361927119043412e+21
28.22549453378262	2.601585382026205e+21
28.25770896565518	2.865561048479626e+21
28.28992339752774	3.156321651923576e+21
28.32213782940031	3.476584942176453e+21
28.35435226127287	3.829344497006343e+21
28.38656669314544	4.217897472209531e+21
28.418781125018	4.645875948425364e+21
28.45099555689056	5.117279871256746e+21
28.48320998876313	5.63651599999665e+21
28.51542442063569	6.208435974437077e+21
28.54763885250826	6.838392386609153e+21
28.57985328438082	7.532264392650037e+21
28.61206771625339	8.296541941930514e+21
28.64428214812595	9.138602668848371e+21
28.67649657999851	1.00656148576248e+22
28.70871101187108	1.108694453217546e+22
28.74092544374364	1.221190529448414e+22
28.77313987561621	1.345101852885985e+22
28.80535430748877	1.481585428490216e+22
28.83756873936133	1.631919043022754e+22
28.8697831712339	1.797503374256615e+22
28.90199760310646	1.979891611444949e+22
28.93421203497903	2.180785704745505e+22
28.96642646685159	2.402063163113754e+22
28.99864089872415	2.645794312901753e+22
29.03085533059672	2.91425615841251e+22
29.06306976246928	3.20995779082717e+22
29.09528419434185	3.535662395833409e+22
29.12749862621441	3.894418839411679e+22
29.15971305808698	4.289572523760251e+22
29.19192748995954	4.724823878956262e+22
29.2241419218321	5.20423760192713e+22
29.25635635370467	5.73229784006107e+22
29.28857078557723	6.31393786523122e+22
29.3207852174498	6.9545962533642e+22
29.35299964932236	7.66025854262778e+22
29.38521408119492	8.437524077493068e+22
29.41742851306749	9.293655535756073e+22
29.44964294494005	1.023665220367726e+23
29.48185737681262	1.127534097626795e+23
29.51407180868518	1.24194186153509e+23
29.54628624055774	1.367958169393516e+23
29.57850067243031	1.506760884445229e+23
29.61071510430287	1.659647739871448e+23
29.64292953617544	1.828047487281222e+23
29.675143968048	2.013534244511024e+23
29.70735839992057	2.217841704469289e+23
29.73957283179313	2.442880409858686e+23
29.77178726366569	2.690752623595741e+23
29.80400169553826	2.963775742058758e+23
29.83621612741082	3.264501623735426e+23
29.86843055928339	3.595741906564952e+23
29.90064499115595	3.960591876076123e+23
29.93285942302851	4.36246215440634e+23
29.96507385490108	4.805108997242896e+23
29.99728828677364	5.292670959863794e+23
30.02950271864621	5.829704038383838e+23
30.06171715051877	6.421225890627944e+23
30.09393158239133	7.072770004726697e+23
30.1261460142639	7.790424093136942e+23
30.15836044613646	8.580896246049547e+23
30.19057487800903	9.451572914045743e+23
30.22278930988159	1.041059356991178e+24
30.25500374175416	1.146690763158858e+24
30.28721817362672	1.263052271364403e+24
30.31943260549928	1.391205175532814e+24
30.35164703737185	1.532365736067883e+24
30.38386146924441	1.687847240474221e+24
30.41607590111698	1.859114470621765e+24
30.44829033298954	2.047751105136872e+24
30.4805047648621	2.255529926631504e+24
30.51271919673467	2.484388108320583e+24
30.54493362860723	2.736482018276721e+24
30.5771480604798	3.014142150876606e+24
30.60936249235236	3.31997776451452e+24
30.64157692422492	3.656841438459332e+24
30.67379135609749	4.027901401304852e+24
30.70600578797005	4.436597939509728e+24
30.73822021984262	4.886766318443305e+24
30.77043465171518	5.382608648115083e+24
30.80264908358775	5.928773559145911e+24
30.83486351546031	6.530346995313503e+24
30.86707794733287	7.192961662022775e+24
30.89929237920544	7.922805698443285e+24
30.931506811078	8.726719670470012e+24
30.96372124295057	9.612190010792764e+24
30.99593567482313	1.0587508248012e+25
31.02815010669569	1.166178857718402e+25
31.06036453856826	1.284508377865767e+25
31.09257897044082	1.414842829127928e+25
31.12479340231339	1.558401852888698e+25
31.15700783418595	1.716526480944486e+25
31.18922226605851	1.890692709221336e+25
31.22143669793108	2.082235042392818e+25
31.25365112980364	2.293869173068443e+25
31.28586556167621	2.526612478608597e+25
31.31807999354877	2.782975262628667e+25
31.35029442542134	3.065209280494301e+25
31.3825088572939	3.376401252721702e+25
31.41472328916646	3.718986239211095e+25
31.44693772103903	4.096334326993235e+25
31.47915215291159	4.51185626525669e+25
31.51136658478416	4.969814803285135e+25
31.54358101665672	5.474074955996792e+25
31.57579544852928	6.029499126810672e+25
31.60800988040185	6.641239252389941e+25
31.64022431227441	7.315194758243086e+25
31.67243874414698	8.057431852526884e+25
31.70465317601954	8.874986037512635e+25
31.7368676078921	9.775483161484955e+25
31.76908203976467	1.07674074492073e+26
31.80129647163723	1.185993091276232e+26
31.8335109035098	1.306331259753429e+26
31.86572533538236	1.438878644276824e+26
31.89793976725493	1.584882022906141e+26
31.93015419912749	1.745692999746676e+26
31.96236863100005	1.922822070089739e+26
31.99458306287262	2.117923673443602e+26
32.02679749474518	2.332827515846002e+26
32.05901192661774	2.569529050243766e+26
32.0912263584903	2.83025011975153e+26
32.12344079036286	3.117425528291188e+26
32.15565522223542	3.433746455085705e+26
32.18786965410798	3.782152895703394e+26
32.22008408598055	4.165915030889237e+26
0
1000	1.0219978922	100000000000000.1
5	0	0	1
5	0	0	0
0.03786664528905326	-4.359811596048105e-10
0.07008107716161713	-4.247252522269061e-10
0.102295509034181	-4.138637854120396e-10
0.1345099409067449	-4.033815580681759e-10
0.1667243727793087	-3.932639384585756e-10
0.1989388046518726	-3.834968485937583e-10
0.2311532365244365	-3.740667482999697e-10
0.2633676683970003	-3.649606190787809e-10
0.2955821002695642	-3.561659478584813e-10
0.3277965321421281	-3.476707107252854e-10
0.360010964014692	-3.39463356710846e-10
0.3922253958872559	-3.315327917022247e-10
0.4244398277598198	-3.238683625310797e-10
0.4566542596323837	-3.164598412904253e-10
0.4888686915049476	-3.092974099197679e-10
0.5210831233775115	-3.023716450926523e-10
0.5532975552500754	-2.956735034346437e-10
0.5855119871226393	-2.891943070943954e-10
0.6177264189952032	-2.829257296856993e-10
0.6499408508677671	-2.768597826142143e-10
0.682155282740331	-2.709888017988627e-10
0.7143697146128949	-2.653054347946321e-10
0.7465841464854588	-2.598026283206828e-10
0.7787985783580227	-2.544736161951778e-10
0.8110130102305866	-2.493119076761273e-10
0.8432274421031505	-2.443112762056771e-10
0.8754418739757144	-2.394657485537109e-10
0.9076563058482783	-2.34769594355289e-10
0.9398707377208422	-2.302173160353198e-10
0.9720851695934061	-2.258036391129321e-10
1.00429960146597	-2.215225965308699e-10
1.036514033338534	-2.173712602912456e-10
1.068728465211098	-2.133440113428563e-10
1.100942897083662	-2.094363628694508e-10
1.133157328956226	-2.05644006681545e-10
1.165371760828789	-2.019628060724655e-10
1.197586192701353	-1.983887889121303e-10
1.229800624573917	-1.949181409780018e-10
1.262015056446481	-1.915471995214923e-10
1.294229488319045	-1.882724470671208e-10
1.326443920191609	-1.850898742766509e-10
1.358658352064173	-1.819975804800295e-10
1.390872783936737	-1.789917789731118e-10
1.423087215809301	-1.760694651880587e-10
1.455301647681865	-1.732277513376064e-10
1.487516079554428	-1.704638618411779e-10
1.519730511426992	-1.677751288927772e-10
1.551944943299556	-1.651589881724754e-10
1.58415937517212	-1.626129747021759e-10
1.616373807044684	-1.601347188454122e-10
1.648588238917248	-1.577214286675036e-10
1.680802670789812	-1.553720097079351e-10
1.713017102662376	-1.5308380745507e-10
1.74523153453494	-1.508547874814685e-10
1.777445966407504	-1.486829922949581e-10
1.809660398280067	-1.465665384206305e-10
1.841874830152631	-1.445036135589929e-10
1.874089262025195	-1.424924738246573e-10
1.906303693897759	-1.405314410686318e-10
1.938518125770323	-1.386189002861907e-10
1.970732557642887	-1.367527751147469e-10
2.002946989515451	-1.349326877654024e-10
2.035161421388014	-1.331566335482164e-10
2.067375853260578	-1.314232161027148e-10
2.099590285133142	-1.297310904788009e-10
2.131804717005705	-1.280789612843842e-10
2.164019148878269	-1.264655808552887e-10
2.196233580750833	-1.24889747457627e-10
2.228448012623396	-1.233503035302723e-10
2.26066244449596	-1.218461339730151e-10
2.292876876368524	-1.20374862101603e-10
2.325091308241087	-1.189383361155569e-10
2.357305740113651	-1.175340001792555e-10
2.389520171986215	-1.161608714035451e-10
2.421734603858778	-1.148180068275221e-10
2.453949035731342	-1.135045005389946e-10
2.486163467603906	-1.12219481384736e-10
2.518377899476469	-1.109621110433599e-10
2.550592331349033	-1.097315823387822e-10
2.582806763221597	-1.085271177248613e-10
2.61502119509416	-1.073477849764539e-10
2.647235626966724	-1.061932507112445e-10
2.679450058839288	-1.050626245244608e-10
2.711664490711851	-1.039552319352167e-10
2.743878922584415	-1.02870421853038e-10
2.776093354456979	-1.018075655686681e-10
2.808307786329542	-1.007660557847739e-10
2.840522218202106	-9.974530568222846e-11
2.87273665007467	-9.87447480172233e-11
2.904951081947234	-9.776383424381837e-11
2.937165513819797	-9.680235785523332e-11
2.969379945692361	-9.58591383815364e-11
3.001594377564925	-9.49339902443979e-11
3.033808809437488	-9.40264305241224e-11
3.066023241310052	-9.313599203484102e-11
3.098237673182616	-9.226222269457209e-11
3.130452105055179	-9.14046849230357e-11
3.162666536927743	-9.056295506574233e-11
3.194880968800307	-8.973662284295357e-11
3.22709540067287	-8.892529082218843e-11
3.259309832545434	-8.812866164656551e-11
3.291524264417998	-8.734617870093454e-11
3.323738696290561	-8.657756842744406e-11
3.355953128163125	-8.582248070050239e-11
3.388167560035689	-8.508057627786342e-11
3.420381991908252	-8.435152639179465e-11
3.452596423780816	-8.363501235784839e-11
3.48481085565338	-8.293072520037357e-11
3.517025287525943	-8.223836529395274e-11
3.549239719398507	-8.155764201999309e-11
3.581454151271071	-8.088831242807019e-11
3.613668583143634	-8.023002115838447e-11
3.645883015016198	-7.958254231607752e-11
3.678097446888762	-7.894561856656553e-11
3.710311878761325	-7.831900021434648e-11
3.742526310633889	-7.770244493028437e-11
3.774740742506453	-7.709571749016601e-11
3.806955174379016	-7.649858952400354e-11
3.83916960625158	-7.591083927558036e-11
3.871384038124144	-7.533225137176731e-11
3.903598469996707	-7.476263681249094e-11
3.935812901869271	-7.420174988135383e-11
3.968027333741835	-7.364941368584166e-11
4.000241765614398	-7.310543648706901e-11
4.032456197486963	-7.256963197947877e-11
4.064670629359527	-7.204181910556151e-11
4.096885061232091	-7.152182187792168e-11
4.129099493104655	-7.100946920835967e-11
4.161313924977219	-7.050459474365506e-11
4.193528356849783	-7.000703670775323e-11
4.225742788722347	-6.951664906742642e-11
4.257957220594911	-6.903325496237329e-11
4.290171652467476	-6.855671703344302e-11
4.32238608434004	-6.80868904855717e-11
4.354600516212604	-6.762363443767072e-11
4.386814948085168	-6.716681179486024e-11
4.419029379957732	-6.671628912556723e-11
4.451243811830296	-6.627193654327726e-11
4.48345824370286	-6.583362759273891e-11
4.515672675575424	-6.540123914043039e-11
4.547887107447989	-6.49746578818236e-11
4.580101539320553	-6.455375310919467e-11
4.612315971193117	-6.41384178058668e-11
4.644530403065681	-6.372854118731327e-11
4.676744834938245	-6.332401532355617e-11
4.708959266810809	-6.292473504989092e-11
4.741173698683373	-6.253059788087734e-11
4.773388130555937	-6.214150392746053e-11
4.805602562428501	-6.175735581709214e-11
4.837816994301066	-6.137805861672744e-11
4.87003142617363	-6.100352370432969e-11
4.902245858046194	-6.063365250722727e-11
4.934460289918758	-6.026836101683214e-11
4.966674721791322	-5.990756338867614e-11
4.998889153663886	-5.955117588537895e-11
5.03110358553645	-5.919911681350601e-11
5.063318017409014	-5.885130646264744e-11
5.095532449281579	-5.850766704662851e-11
5.127746881154143	-5.816812264676635e-11
5.159961313026707	-5.783259915709153e-11
5.192175744899271	-5.750102659599484e-11
5.224390176771835	-5.717332935282089e-11
5.256604608644399	-5.684944087149326e-11
5.288819040516963	-5.652929381404003e-11
5.321033472389527	-5.621282241619772e-11
5.353247904262092	-5.589996244223987e-11
5.385462336134656	-5.559065114133267e-11
5.41767676800722	-5.528482720535881e-11
5.449891199879784	-5.498243072815261e-11
5.482105631752348	-5.468340316609243e-11
5.514320063624912	-5.438746563350822e-11
5.546534495497476	-5.40950194508263e-11
5.57874892737004	-5.380579487682642e-11
5.610963359242604	-5.351973841525703e-11
5.643177791115169	-5.323679680746536e-11
5.675392222987733	-5.295691682521796e-11
5.707606654860297	-5.268004500407843e-11
5.739821086732861	-5.240612729331093e-11
5.772035518605425	-5.213510858663513e-11
5.804249950477989	-5.186693207975383e-11
5.836464382350553	-5.125892670430425e-11
5.868678814223117	-5.096792747814279e-11
5.900893246095682	-5.071774005963837e-11
5.933107677968246	-5.053016353813002e-11
5.96532210984081	-5.043702327204027e-11
5.997536541713374	-5.048563151758527e-11
6.029750973585938	-5.074795841455847e-11
6.061965405458502	-5.133669328211017e-11
6.094179837331066	-5.243481414878307e-11
6.12639426920363	-5.435340019082959e-11
6.158608701076195	-1.029901249665912e-10
6.190823132948759	-1.185164529372485e-10
6.223037564821323	-1.363100090205353e-10
6.255251996693887	-1.565373254321902e-10
6.287466428566451	-1.793546331435397e-10
6.319680860439015	-2.049044279643324e-10
6.351895292311579	-2.333125779592643e-10
6.384109724184143	-2.646860337394205e-10
6.416324156056707	-2.991111701695859e-10
6.448538587929272	-3.366527563667553e-10
6.480753019801836	-3.4794815932274e-10
6.5129674516744	-3.825930884872512e-10
6.545181883546964	-4.158579239046107e-10
6.577396315419528	-4.272418951448817e-10
6.609610747292092	-6.364478242462463e-10
6.641825179164656	-6.101257384829164e-10
6.67403961103722	-6.544307544066426e-10
6.706254042909785	-7.096629304424783e-10
6.738468474782349	-7.712380448269926e-10
6.770682906654913	-8.381414051888016e-10
6.802897338527477	-9.317311949447761e-10
6.835111770400041	-1.004650630046717e-09
6.867326202272605	-1.082156733416894e-09
6.899540634145169	-1.164575168238761e-09
6.931755066017733	-1.25225091544095e-09
6.963969497890298	-1.345549849648052e-09
6.996183929762862	-1.444860378382168e-09
7.028398361635426	-1.550595155625663e-09
7.06061279350799	-1.663192880455315e-09
7.092827225380554	-1.783120191222273e-09
7.125041657253118	-1.910897220711814e-09
7.157256089125682	-2.047003650242248e-09
7.189470520998246	-2.19202574358315e-09
7.22168495287081	-2.346563228626902e-09
7.253899384743375	-2.511255147784875e-09
7.286113816615939	-2.686782560816364e-09
7.318328248488503	-2.873871422812394e-09
7.350542680361067	-3.073295650336018e-09
7.382757112233631	-3.285880389459156e-09
7.414971544106195	-3.51250550025174e-09
7.447185975978759	-3.753999821296559e-09
7.479400407851323	-4.011590624258486e-09
7.511614839723888	-4.286238027181054e-09
7.543829271596452	-4.579080163579911e-09
7.576043703469016	-4.891330598923632e-09
7.60825813534158	-5.224283403067189e-09
7.640472567214144	-5.579318559621115e-09
7.672686999086708	-5.957907735435317e-09
7.704901430959272	-6.361620434882176e-09
7.737115862831836	-6.792130565242661e-09
7.769330294704401	-7.25112639306725e-09
7.801544726576965	-7.740712652948513e-09
7.833759158449529	-8.262825857563831e-09
7.865973590322093	-8.819632236181804e-09
7.898188022194657	-9.413441978387569e-09
7.930402454067221	-1.004671885206078e-08
7.962616885939785	-1.072209046212593e-08
7.994831317812349	-1.144235919324577e-08
8.027045749684913	-1.221051388249491e-08
8.059260181557477	-1.302974227111685e-08
8.091474613430041	-1.390336138178039e-08
8.123689045302605	-1.483516861424676e-08
8.155903477175169	-1.582895124494166e-08
8.188117909047733	-1.68888345330964e-08
8.220332340920297	-1.801921812415014e-08
8.252546772792861	-1.922479433961679e-08
8.284761204665426	-2.051056768538691e-08
8.31697563653799	-2.188187565997041e-08
8.349190068410554	-2.334441094961626e-08
8.381404500283118	-2.490424510304277e-08
8.413618932155682	-2.656778054495891e-08
8.445833364028246	-2.834207503122348e-08
8.47804779590081	-3.023442413400254e-08
8.510262227773374	-3.225268473491873e-08
8.542476659645938	-3.440523646907939e-08
8.574691091518503	-3.670101653916481e-08
8.606905523391067	-3.914955684788964e-08
8.639119955263631	-4.1761023603485e-08
8.671334387136195	-4.454625956315717e-08
8.703548819008759	-4.751682909046831e-08
8.735763250881323	-5.068499933485654e-08
8.767977682753887	-5.40640630922478e-08
8.800192114626451	-5.76679862574197e-08
8.832406546499016	-6.151173327570369e-08
8.86462097837158	-6.561126436910232e-08
8.896835410244144	-6.998360182715774e-08
8.929049842116708	-7.464690071109209e-08
8.961264273989272	-7.962052426525127e-08
8.993478705861836	-8.492512434946717e-08
9.0256931377344	-9.058272722684064e-08
9.057907569606964	-9.661676242099227e-08
9.090122001479529	-1.030524146485925e-07
9.122336433352093	-1.099163466674068e-07
9.154550865224657	-1.172370603215921e-07
9.186765297097221	-1.250449541523008e-07
9.218979728969785	-1.333724496427652e-07
9.251194160842349	-1.422541258666534e-07
9.283408592714913	-1.517268630992511e-07
9.315623024587477	-1.618299959882609e-07
9.347837456460041	-1.726054769207645e-07
9.380051888332606	-1.840979904972485e-07
9.41226632020517	-1.963553820030682e-07
9.444480752077734	-2.094284919998416e-07
9.476695183950298	-2.233716061527121e-07
9.508909615822862	-2.382426227361918e-07
9.541124047695426	-2.541032930715344e-07
9.57333847956799	-2.71019477966894e-07
9.605552911440554	-2.890614212255365e-07
9.637767343313119	-3.083040413583006e-07
9.669981775185683	-3.288272427121244e-07
9.702196207058247	-3.507161895218173e-07
9.734410638930811	-3.740618943893007e-07
9.766625070803375	-3.989612442946483e-07
9.798839502675939	-4.255176336228449e-07
9.831053934548503	-4.538413375434895e-07
9.863268366421067	-4.840499699434767e-07
9.895482798293632	-5.162689718367379e-07
9.927697230166196	-5.506321322795612e-07
9.95991166203876	-5.872821439550252e-07
9.992126093911324	-6.263711957341196e-07
10.02434052578389	-6.680615482745099e-07
10.05655495765645	-7.125264369961488e-07
10.08876938952902	-7.599504480224117e-07
10.12098382140158	-8.105305097850096e-07
10.15319825327414	-8.644766561664931e-07
10.18541268514671	-9.220128986820908e-07
10.21762711701927	-9.833781567067803e-07
10.24984154889184	-1.048827249610761e-06
10.2820559807644	-1.118631954923622e-06
10.31427041263697	-1.193082136921697e-06
10.34648484450953	-1.272486894902651e-06
10.37869927638209	-1.357176071926682e-06
10.41091370825466	-1.447501287067974e-06
10.44312814012722	-1.543837616680854e-06
10.47534257199979	-1.646585098264283e-06
10.50755700387235	-1.756170391636222e-06
10.53977143574491	-1.873048550660514e-06
10.57198586761748	-1.997704912883658e-06
10.60420029949004	-2.130657114928817e-06
10.63641473136261	-2.272457242016296e-06
10.66862916323517	-2.423694065808469e-06
10.70084359510773	-2.584995711663694e-06
10.7330580269803	-2.757031933768827e-06
10.76527245885286	-2.940517114662825e-06
10.79748689072543	-3.136213178757265e-06
10.82970132259799	-3.344932756251259e-06
10.86191575447056	-3.567542557605763e-06
10.89413018634312	-3.804966972590249e-06
10.92634461821568	-4.058191908847231e-06
10.95855905008825	-4.328268885914759e-06
10.99077348196081	-4.616319347475514e-06
11.02298791383338	-4.923539538516756e-06
11.05520234570594	-5.251205142630634e-06
11.0874167775785	-5.600676795666132e-06
11.11963120945107	-5.973405683313061e-06
11.15184564132363	-6.370939567184502e-06
11.1840600731962	-6.794929211934892e-06
11.21627450506876	-7.247135240103072e-06
11.24848893694132	-7.729435443145427e-06
11.28070336881389	-8.243832579018909e-06
11.31291780068645	-8.79246263481704e-06
11.34513223255902	-9.377603915385988e-06
11.37734666443158	-1.000168617607639e-05
11.40956109630415	-1.0667300927259e-05
11.44177552817671	-1.137721214348278e-05
11.47398996004927	-1.213436774093208e-05
11.50620439192184	-1.294191181870698e-05
11.5384188237944	-1.38031977147593e-05
11.57063325566697	-1.472180193070008e-05
11.60284768753953	-1.570153898330059e-05
11.63506211941209	-1.674647719073977e-05
11.66727655128466	-1.786095578420983e-05
11.69949098315722	-1.904960260026449e-05
11.73170541502979	-2.031735351186614e-05
11.76391984690235	-2.166947287279528e-05
11.79613427877491	-2.311157537796887e-05
11.82834871064748	-2.464964937855858e-05
11.86056314252004	-2.629008174872465e-05
11.89277757439261	-2.803968440722722e-05
11.92499200626517	-2.99057226040441e-05
11.95720643813774	-3.189594503602258e-05
11.9894208700103	-3.401861624056011e-05
12.02163530188286	-3.628255058897403e-05
12.05384973375543	-3.869714910145241e-05
12.08606416562799	-4.127243843323314e-05
12.11827859750056	-4.401911251044881e-05
12.15049302937312	-4.694857693682696e-05
12.18270746124568	-5.007299635564469e-05
12.21492189311825	-5.340534496361026e-05
12.24713632499081	-5.695946038643042e-05
12.27935075686338	-6.075010108648035e-05
12.31156518873594	-6.47930078641011e-05
12.3437796206085	-6.910496889706864e-05
12.37599405248107	-7.370388966636137e-05
12.40820848435363	-7.860886725736585e-05
12.4404229162262	-8.384026966081612e-05
12.47263734809876	-8.941982035118861e-05
12.50485177997133	-9.537068849376584e-05
12.53706621184389	-0.0001017175851549567
12.56928064371645	-0.0001084868659153877
12.60149507558902	-0.0001157066402586644
12.63370950746158	-0.0001234068885125656
12.66592393933415	-0.0001316195860189834
12.69813837120671	-0.0001403788361241997
12.73035280307927	-0.0001497210117420662
12.76256723495184	-0.0001596849063930732
12.7947816668244	-0.0001703118952950279
12.82699609869697	-0.0001816461071742672
12.85921053056953	-0.0001937346075108642
12.89142496244209	-0.0002066275939787501
12.92363939431466	-0.0002203786048391713
12.95585382618722	-0.0002350447414750235
12.98806825805979	-0.0002506869051817215
13.02028268993235	-0.0002673700502726907
13.05249712180492	-0.0002851634537516924
13.08471155367748	-0.000304141002986611
13.11692598555004	-0.0003243815025278452
13.14914041742261	-0.0003459690013453725
13.18135484929517	-0.0003689931418433569
13.21356928116774	-0.000393549532101561
13.2457837130403	-0.0004197401428362507
13.27799814491286	-0.0004476737310507429
13.31021257678543	-0.0004774662913273848
13.34242700865799	-0.0005092415377084776
13.37464144053056	-0.0005431314173692814
13.40685587240312	-0.0005792766585306369
13.43907030427568	-0.0006178273548349399
13.47128473614825	-0.0006589435886122269
13.50349916802081	-0.0007027960956244194
13.53571359989338	-0.0007495669740480879
13.56792803176594	-0.0007994504405867704
13.60014246363851	-0.0008526536371742592
13.63235689551107	-0.0009093974908115461
13.66457132738363	-0.0009699176311810809
13.6967857592562	-0.001034465369051166
13.72900019112876	-0.001103308739847553
13.76121462300133	-0.001176733616674556
13.79342905487389	-0.001255044897407273
13.82564348674645	-0.00133856777078452
13.85785791861902	-0.001427649066759819
13.89007235049158	-0.001522658696664878
13.92228678236415	-0.001623991189487383
13.95450121423671	-0.001732067329835385
13.98671564610927	-0.001847335905463231
14.01893007798184	-0.001970275570817956
14.0511445098544	-0.00210139683465887
14.08335894172697	-0.002241244179952667
14.11557337359953	-0.002390398324846956
14.1477878054721	-0.002549478634110866
14.18000223734466	-0.002719145691056391
14.21221666921722	-0.002900104040567611
14.24443110108979	-0.003093105114947356
14.27664553296235	-0.003298950353930769
14.30885996483492	-0.003518494532885293
14.34107439670748	-0.003752649312227015
14.37328882858004	-0.004002387023103869
14.40550326045261	-0.004268744705015025
14.43771769232517	-0.004552828412132534
14.46993212419774	-0.004855817806207636
14.5021465560703	-0.00517897105513327
14.53436098794286	-0.005523630057450523
14.56657541981543	-0.005891226014822675
14.59878985168799	-0.006283285374790306
14.63100428356056	-0.006701436169583757
14.66321871543312	-0.007147414776498367
14.69543314730569	-0.007623073128226439
14.72764757917825	-0.008130386403035055
14.75986201105081	-0.008671461226722453
14.79207644292338	-0.009248544420412983
14.82429087479594	-0.009864032330514265
14.85650530666851	-0.01052048077953098
14.88871973854107	-0.01122061567935835
14.92093417041363	-0.01196734435036694
14.9531486022862	-0.01276376759429221
14.98536303415876	-0.01361319257031112
15.01757746603133	-0.01451914652806864
15.04979189790389	-0.01548539145463398
15.08200632977645	-0.01651593969620659
15.11422076164902	-0.01761507061944255
15.14643519352158	-0.01878734838158756
15.17864962539415	-0.02003764088314705
15.21086405726671	-0.0213711399821558
15.24307848913928	-0.0227933830530826
15.27529292101184	-0.02431027598109621
15.3075073528844	-0.02592811768628188
15.33972178475697	-0.02765362627999957
15.37193621662953	-0.02949396696193982
15.4041506485021	-0.03145678177372005
15.43636508037466	-0.03355022133257413
15.46857951224722	-0.03578297867691087
15.50079394411979	-0.03816432536424257
15.53300837599235	-0.04070414997162274
15.56522280786492	-0.0434129991578702
15.59743723973748	-0.04630212145887831
15.62965167161004	-0.0493835139972884
15.66186610348261	-0.05266997230071642
15.69408053535517	-0.0561751434353698
15.72629496722774	-0.05991358267568729
15.7585093991003	-0.06390081394533231
15.79072383097287	-0.06815339428051037
15.82293826284543	-0.0726889825832373
15.85515269471799	-0.07752641295046808
15.88736712659056	-0.08268577288253867
15.91958155846312	-0.08818848669708287
15.95179599033569	-0.09405740449375594
15.98401042220825	-0.10031689703961
16.01622485408081	-0.1069929569690587
16.04843928595338	-0.114113306718674
16.08065371782594	-0.1217075136450074
16.11286814969851	-0.129807112803475
16.14508258157107	-0.1384457378980312
16.17729701344363	-0.1476592609460287
16.2095114453162	-0.157485941236681
16.24172587718876	-0.167966584203726
16.27394030906133	-0.1791447108704834
16.30615474093389	-0.191066738571546
16.33836917280646	-0.2037821737014398
16.37058360467902	-0.2173438172906498
16.40279803655158	-0.2318079842626731
16.43501246842415	-0.2472347372825681
16.46722690029671	-0.2636881361681874
16.49944133216928	-0.2812365038989179
16.53165576404184	-0.2999527103287448
16.5638701959144	-0.3199144747788049
16.59608462778697	-0.3412046887681481
16.62829905965953	-0.36391176022197
16.6605134915321	-0.3881299805868363
16.69272792340466	-0.4139599163772775
16.72494235527722	-0.4415088267797221
16.75715678714979	-0.4708911090478415
16.78937121902235	-0.5022287735383403
16.82158565089492	-0.5356519503626485
16.85380008276748	-0.5712994297512851
16.88601451464005	-0.6093192383841715
16.91822894651261	-0.6498692540731427
16.95044337838517	-0.6931178613518586
16.98265781025774	-0.7392446506950651
17.0148722421303	-0.7884411642706459
17.04708667400287	-0.8409116913212972
17.07930110587543	-0.8968741164785926
17.11151553774799	-0.9565608245323125
17.14372996962056	-1.020219665410813
17.17594440149312	-1.088114983382796
17.20815883336569	-1.160528714749896
17.24037326523825	-1.237761558591514
17.27258769711081	-1.320134225422122
17.30480212898338	-1.407988768946387
17.33701656085594	-1.501690006442207
17.36923099272851	-1.601627033669744
17.40144542460107	-1.708214840597299
17.43365985647364	-1.821896034652581
17.4658742883462	-1.943142678659186
17.49808872021876	-2.072458251080366
17.53030315209133	-2.210379736723352
17.56251758396389	-2.357479856575992
17.59473201583646	-2.514369446039047
17.62694644770902	-2.681699991429112
17.65916087958158	-2.860166335285073
17.69137531145415	-3.050509561711957
17.72358974332671	-3.25352007374348
17.75580417519928	-3.470040875503523
17.78801860707184	-3.700971072788078
17.82023303894441	-3.947269606622483
17.85244747081697	-4.209959235273466
17.88466190268953	-4.490130781268847
17.9168763345621	-4.788947661054118
17.94909076643466	-5.107650716096275
17.98130519830723	-5.447563365496044
18.01351963017979	-5.810097101505226
18.04573406205235	-6.196757350768887
18.07794849392492	-6.60914972563697
18.11016292579748	-7.048986691473266
18.14237735767005	-7.518094677720304
18.17459178954261	-8.018421662157614
18.20680622141517	-8.552045259912251
18.23902065328774	-9.121181350786742
18.2712350851603	-9.728193280734999
18.30344951703287	-10.37560167570489
18.33566394890543	-11.06609490875388
18.367878380778	-11.80254026161213
18.40009281265056	-12.5879958370883
18.43230724452312	-13.42572324902391
18.46452167639569	-14.31920117325546
18.49673610826825	-15.27213978994095
18.52895054014082	-16.28849619063406
18.56116497201338	-17.37249081016479
18.59337940388594	-18.52862495205719
18.62559383575851	-19.76169948025759
18.65780826763107	-21.07683475479299
18.69002269950364	-22.47949189414066
18.7222371313762	-23.97549545264003
18.75445156324876	-25.57105760689214
18.78666599512133	-27.27280395212854
18.81888042699389	-29.08780101495512
18.85109485886646	-31.02358559724059
18.88330929073902	-33.08819607279531
18.91552372261159	-35.29020576683748
18.94773815448415	-37.63875855684942
18.97995258635671	-40.14360684266366
19.01216701822928	-42.81515204344471
19.04438145010184	-45.66448779014798
19.07659588197441	-48.70344599052846
19.10881031384697	-51.94464596327564
19.14102474571953	-55.40154683873575
19.1732391775921	-59.08850344842818
19.20545360946466	-63.0208259337202
19.23766804133723	-67.21484332151479
19.26988247320979	-71.68797133138814
19.30209690508235	-76.45878471456507
19.33431133695492	-81.54709425775727
19.36652576882748	-86.97402934916447
19.39874020070005	-92.76212536177395
19.43095463257261	-98.93541745758824
19.46316906444518	-105.5195403223587
19.49538349631774	-112.5418346225963
19.5275979281903	-120.0314605380713
19.55981236006287	-128.0195188498286
19.59202679193543	-136.539180086461
19.624241223808	-145.6258222644594
19.65645565568056	-155.3171777893626
19.68867008755312	-165.6534902177704
19.72088451942569	-176.6776811553595
19.75309895129825	-188.4355287498859
19.78531338317082	-200.9758576355173
19.81752781504338	-214.350741711456
19.84974224691594	-228.615720379555
19.88195667878851	-243.8300291724924
19.91417111066107	-260.0568457301873
19.94638554253364	-277.3635521458638
19.9785999744062	-295.8220147711932
20.01081440627877	-315.5088826438513
20.04302883815133	-336.5059057676835
20.07524327002389	-358.9002745899681
20.10745770189646	-382.7849820549789
20.13967213376902	-408.2592097600083
20.17188656564159	-435.4287398084221
20.20410099751415	-464.4063940713761
20.23631542938671	-495.3125026823084
20.26852986125928	-528.275403709561
20.30074429313184	-563.431976082103
20.33295872500441	-600.9282079771694
20.36517315687697	-640.9198030549752
20.39738758874953	-683.5728269955831
20.4296020206221	-729.0643971053007
20.46181645249466	-777.5834177949534
20.49403088436723	-829.3313650082456
20.52624531623979	-884.5231228535309
20.55845974811236	-943.3878759132442
20.59067417998492	-1006.170060936237
20.62288861185748	-1073.130381864938
20.65510304373005	-1144.546892414681
20.68731747560261	-1220.716150686312
20.71953190747518	-1301.954450642085
20.75174633934774	-1388.599135511894
20.7839607712203	-1481.009998618174
20.81617520309287	-1579.570777422932
20.84838963496543	-1684.690747003187
20.880604066838	-1796.806419571719
20.91281849871056	-1916.383357100516
20.94503293058312	-2043.918104573595
20.97724736245569	-2179.940251882353
21.00946179432825	-2325.014633012751
21.04167622620082	-2479.743671446735
21.07389065807338	-2644.769881785259
21.10610508994595	-2820.778537789579
21.13831952181851	-3008.500517994965
21.17053395369107	-3208.715340708046
21.20274838556364	-3422.25440102871
21.2349628174362	-3650.00442376514
21.26717724930877	-3892.91113239941
21.29939168118133	-4151.983228863678
21.33160611305389	-4428.296488681731
21.36382054492646	-4722.99831445999
21.39603497679902	-5037.312459830619
21.42824940867159	-5372.544118859219
21.46046384054415	-5730.085345866934
21.49267827241671	-6111.420835904811
21.52489270428928	-6518.134089719896
21.55710713616184	-6951.913986205261
21.58932156803441	-7414.561832365613
21.62153599990697	-7907.998724398862
21.65375043177954	-8434.273708383378
21.6859648636521	-8995.572137451718
21.71817929552466	-9594.224811559649
21.75039372739723	-10232.71764471678
21.78260815926979	-10913.70198778413
21.81482259114236	-11640.00563825299
21.84703702301492	-12414.6445827286
21.87925145488748	-13240.83552088893
21.91146588676005	-14122.00922296824
21.94368031863261	-15061.8247679667
21.97589475050518	-16064.18476557072
22.00810918237774	-17133.25152533506
22.0403236142503	-18273.4643625442
22.07253804612287	-19489.55802756085
22.10475247799543	-20786.58236689981
22.136966909868	-22169.92329268244
22.16918134174056	-23645.32514741266
22.20139577361313	-25218.91455639205
22.23361020548569	-26897.22586305404
22.26582463735825	-28687.22836544257
22.29803906923082	-30596.35495875194
22.33025350110338	-32632.53336512291
22.36246793297595	-34804.21884588848
22.39468236484851	-37120.42935819936
22.42689679672107	-39590.78300349035
22.45911122859364	-42225.53797231507
22.4913256604662	-45035.635189081
22.52354009233877	-48032.74242199271
22.55575452421133	-51229.30798298227
22.58796895608389	-54638.60339782268
22.62018338795646	-58274.78638177692
22.65239781982902	-62152.95625794735
22.68461225170159	-66289.21719078464
22.71682668357415	-70700.74506693729
22.74904111544672	-75405.85882167812
22.78125554731928	-80424.09650941705
22.81346997919184	-85776.29643604792
22.84568441106441	-91484.6836904447
22.87789884293697	-97572.96243451913
22.91011327480954	-104066.4143135254
22.9423277066821	-110992.0035267709
22.97454213855466	-118378.4886634832
23.00675657042723	-126256.5422115233
23.03897100229979	-134658.8779037215
23.07118543417236	-143620.3865621031
23.10339986604492	-153178.2809825186
23.13561429791748	-163372.2504612974
23.16782872979005	-174244.6256055761
23.20004316166261	-185840.5541117295
23.23225759353518	-198208.1879643442
23.26447202540774	-211398.8843966317
23.29668645728031	-225467.4177395179
23.32890088915287	-240472.2075910926
23.36111532102543	-256475.5640547516
23.393329752898	-273543.9360297029
23.42554418477056	-291748.2041306474
23.45775861664313	-311163.9609885772
23.48997304851569	-331871.8307594568
23.52218748038825	-353957.8031600552
23.55440191226082	-377513.5908700128
23.58661634413338	-402637.0088584524
23.61883077600595	-429432.3828810857
23.65104520787851	-458010.9811192307
23.68325963975107	-488491.4766194609
23.71547407162364	-521000.4400853526
23.7476885034962	-555672.8654644126
23.77990293536877	-592652.7305127059
23.81211736724133	-632093.5946649699
23.8443317991139	-674159.236692784
23.87654623098646	-719024.3358892563
23.90876066285902	-766875.1932283307
23.94097509473159	-817910.510931534
23.97318952660415	-872342.2138167409
24.00540395847672	-930396.3301321702
24.03761839034928	-992313.9299101791
24.06983282222184	-1058352.124768434
24.10204725409441	-1128785.114317227
24.13426168596697	-1203905.507460338
24.16647611783954	-1284025.045680724
24.1986905497121	-1369476.520057627
24.23090498158466	-1460614.780404176
24.26311941345723	-1557818.265246148
24.29533384532979	-1661490.613463899
24.32754827720236	-1772062.325980625
24.35976270907492	-1889992.553422622
24.39197714094749	-2015771.002747717
24.42419157282005	-2149919.97075904
24.45640600469261	-2292996.512948739
24.48862043656518	-2445594.756677004
24.52083486843774	-2608348.365322808
24.55304930031031	-2781933.181362445
24.58526373218287	-2967070.015631858
24.61747816405543	-3164527.651503186
24.649692595928	-3375126.034644437
24.68190702780056	-3599739.677850217
24.71412145967313	-3839301.292459994
24.74633589154569	-4094805.661440734
24.77855032341825	-4367313.770211703
24.81076475529082	-4657957.212353271
24.84297918716338	-4967942.88778004
24.87519361903595	-5298558.01667168
24.90740805090851	-5651175.480756477
24.93962248278108	-6027259.52466214
24.97183691465364	-6428371.829267728
25.0040513465262	-6856177.951560115
25.03626577839877	-7312422.746136417
25.06848021027133	-7799096.857295617
25.1006946421439	-8318124.293697262
25.13290907401646	-8871692.95540995
25.16512350588902	-9462101.611138832
25.19733793776159	-10091801.58999828
25.22955236963415	-10763407.95566693
25.26176680150672	-11479709.54411666
25.29398123337928	-12243680.80119633
25.32619566525184	-13058494.12559414
25.35841009712441	-13927533.03994275
25.39062452899697	-14854406.24012577
25.42283896086954	-15842962.58009955
25.4550533927421	-16897307.05415658
25.48726782461467	-18021818.01653661
25.51948225648723	-19221164.68201471
25.55169668835979	-20500327.50156228
25.58391112023236	-21864618.20681474
25.61612555210492	-23319702.00251833
25.64833998397749	-24871620.95930124
25.68055441585005	-26526823.35424289
25.71276884772261	-28292173.08915826
25.74498327959518	-30175008.5983207
25.77719771146774	-32183146.37822104
25.80941214334031	-34324924.7016364
25.84162657521287	-36609238.30750629
25.87384100708543	-39045572.31149124
25.906055438958	-41644043.62653977
25.93826987083056	-44415442.44323706
25.97048430270313	-47371277.03626299
26.00269873457569	-50523821.5527179
26.03491316644826	-53886166.9807925
26.06712759832082	-57472275.51046245
26.09934203019338	-61297038.51205438
26.13155646206595	-65376337.85036284
26.16377089393851	-69727113.66233122
26.19598532581108	-74367432.21711434
26.22819975768364	-79316562.38950147
26.2604141895562	-84595055.16320947
26.29262862142877	-90224827.75107375
26.32484305330133	-96229502.19988309
26.3570574851739	-102633306.977588
26.38927191704646	-109463519.514908
26.42148634891903	-116748283.0412913
26.45370078079159	-124517832.8999298
26.48591521266415	-132804452.2587438
26.51812964453672	-141642460.6750499
26.55034407640928	-151068851.4599416
26.58255850828185	-161122428.4393426
26.61477294015441	-171845075.2736641
26.64698737202697	-183281312.8034066
26.67920180389954	-195478629.2864621
26.7114162357721	-208487673.9880936
26.74363066764467	-222362467.0540137
26.77584509951723	-237160624.4025115
26.80805953138979	-252943594.077277
26.84027396326236	-269776915.912978
26.87248839513492	-287730490.5407742
26.90470282700749	-306878870.4627947
26.93691725888005	-327301569.6318949
26.96913169075262	-349083393.634219
27.00134612262518	-372314791.8455901
27.03356055449774	-397092233.0239471
27.06577498637031	-423518605.8973976
27.09798941824287	-451703645.6436385
27.13020385011544	-481764392.6730444
27.162418281988	-513825674.0084029
27.19463271386056	-548020624.6559576
27.22684714573313	-584491239.717772
27.25906157760569	-623388964.0275738
27.29127600947826	-664875321.0263678
27.32349044135082	-709122583.4890654
27.35570487322338	-756314488.8869711
27.38791930509595	-806647002.356511
27.42013373696851	-860329122.0050247
27.45234816884108	-917583779.3913779
27.48456260071364	-978648718.9540977
27.51677703258621	-1043777514.468753
27.54899146445877	-1113240615.367922
27.58120589633133	-1187326470.188367
27.6134203282039	-1266342725.304955
27.64563476007646	-1350617505.040523
27.67784919194903	-1440500783.221257
27.71006362382159	-1536365882.99243
27.74227805569415	-1638609982.970251
27.77449248756672	-1747658978.34103
27.80670691943928	-1863965156.36031
27.83892135131185	-1988011480.736406
27.87113578318441	-2120313056.35294
27.90335021505697	-2261419268.249403
27.93556464692954	-2411916062.954102
27.9677790788021	-2572428381.641032
27.99999351067467	-2743622755.214756
28.03220794254723	-2926210072.098403
28.0644223744198	-3120948519.679159
28.09663680629236	-3328646775.278466
28.12885123816492	-3550167300.815343
28.16106567003749	-3786429965.523677
28.19328010191005	-4038415855.735838
28.22549453378262	-4307171348.855465
28.25770896565518	-4593812458.446854
28.28992339752774	-4899529468.48145
28.32213782940031	-5225591875.982454
28.35435226127287	-5573353662.585312
28.38656669314544	-5944257754.726263
28.418781125018	-6339845842.801517
28.45099555689056	-6761757712.606963
28.48320998876313	-7211761002.780605
28.51542442063569	-7691697892.903061
28.54763885250826	-8203577424.679901
28.57985328438082	-8749522820.454462
28.61206771625339	-9331800871.101286
28.64428214812595	-9952829426.087753
28.67649657999851	-10615187289.5865
28.70871101187108	-11321627941.83846
28.74092544374364	-12075080388.01187
28.77313987561621	-12878684907.54353
28.80535430748877	-13735736130.3126
28.83756873936133	-14649849148.451
28.8697831712339	-15624793401.70909
28.90199760310646	-16664619342.42654
28.93421203497903	-17773645159.06508
28.96642646685159	-18956476181.34777
28.99864089872415	-20218024161.48182
29.03085533059672	-21563526084.13633
29.06306976246928	-22998572535.9058
29.09528419434185	-24529120943.5708
29.12749862621441	-26161526939.248
29.15971305808698	-27902569121.38022
29.19192748995954	-29759477203.34464
29.2241419218321	-31739962035.57021
29.25635635370467	-33852247626.06401
29.28857078557723	-36105105292.85967
29.3207852174498	-38507890091.59318
29.35299964932236	-41070572611.1162
29.38521408119492	-43803805941.78358
29.41742851306749	-46718934865.86849
29.44964294494005	-49828064416.26616
29.48185737681262	-53144105185.83072
29.51407180868518	-56680826919.58891
29.54628624055774	-60452915656.83532
29.57850067243031	-64476034637.59116
29.61071510430287	-68766889162.63707
29.64292953617544	-73343295465.61974
29.675143968048	-78224317277.19739
29.70735839992057	-83430128334.82095
29.73957283179313	-88982385949.70107
29.77178726366569	-94904146303.16267
29.80400169553826	-101220000047.3041
29.83621612741082	-107956174476.8833
29.86843055928339	-115140642547.8695
29.90064499115595	-122803239255.3849
29.93285942302851	-130975786012.5884
29.96507385490108	-139692224030.6546
29.99728828677364	-148988579818.6545
30.02950271864621	-158903715302.1187
30.06171715051877	-169478689521.3715
30.09393158239133	-180757404808.2313
30.1261460142639	-192786670167.0359
30.15836044613646	-205616349669.7317
30.19057487800903	-219299131931.7803
30.22278930988159	-233899242038.3267
30.25500374175416	-249461807821.0367
30.28721817362672	-266062971467.3289
30.31943260549928	-283768563747.0759
30.35164703737185	-302653395245.1576
30.38386146924441	-322795010898.7675
30.41607590111698	-344277046743.3996
30.44829033298954	-367188704323.3228
30.4805047648621	-391625121023.3647
30.51271919673467	-417687765041.2194
30.54493362860723	-445484856639.6196
30.5771480604798	-475131817426.7878
30.60936249235236	-506751749529.9654
30.64157692422492	-540475754401.4597
30.67379135609749	-576444242656.7982
30.70600578797005	-614806396207.6125
30.73822021984262	-655721507387.7809
30.77043465171518	-699359468089.8452
30.80264908358775	-745901474684.9042
30.83486351546031	-795540779606.6727
30.86707794733287	-848483492538.3745
30.89929237920544	-904949434195.5229
30.931506811078	-965173045606.9812
30.96372124295057	-1029405327218.493
30.99593567482313	-1097911306836.263
31.02815010669569	-1170975983584.448
31.06036453856826	-1248902379897.712
31.09257897044082	-1332012964482.389
31.12479340231339	-1420647432698.194
31.15700783418595	-1514688020547.745
31.18922226605851	-1616077000098.772
31.22143669793108	-1723611678647.624
31.25365112980364	-1838312215890.172
31.28586556167621	-1960653828831.692
31.31807999354877	-2091130000395.209
31.35029442542134	-2230290866240.801
31.3825088572939	-2378713610606.127
31.41472328916646	-2537014271439.285
31.44693772103903	-2705850049386.235
31.47915215291159	-2885921955363.994
31.51136658478416	-3077977689378.958
31.54358101665672	-3282814730904.911
31.57579544852928	-3501283643255.554
31.60800988040185	-3734291601717.949
31.64022431227441	-3982806158417.216
31.67243874414698	-4247859258769.672
31.70465317601954	-4530551525814.528
31.7368676078921	-4832056830013.945
31.76908203976467	-5153627163383.766
31.80129647163723	-5496597838130.271
31.8335109035098	-5862393031342.458
31.86572533538236	-6252531698739.28
31.89793976725493	-6668633882014.09
31.93015419912749	-7112427435958.149
31.96236863100005	-7585755203288.941
31.99458306287262	-8090582666975.23
32.02679749474518	-8629006111829.21
32.05901192661774	-9203261329255.201
32.0912263584903	-9815732901300.965
32.12344079036286	-10468964102560.16
32.15565522223542	-11165667461044.32
32.18786965410798	-11908736021875.67
32.22008408598055	-12701255360574.73
