0
1000	1.0219978922	100000000000000.1
5	0	0	1
5	0	0	0
0.03786664528905326	7.282726869599523e-12
0.07008107716161713	2.191360948466986e-11
0.102295509034181	3.663524144009285e-11
0.1345099409067449	5.145190851008358e-11
0.1667243727793087	6.636798045542448e-11
0.1989388046518726	8.138791210915058e-11
0.2311532365244365	9.65162446423159e-11
0.2633676683970003	1.117576070043943e-10
0.2955821002695642	1.27116717533293e-10
0.3277965321421281	1.425983857303834e-10
0.360010964014692	1.582075141963693e-10
0.3922253958872559	1.739491007242213e-10
0.4244398277598198	1.89828240545813e-10
0.4566542596323837	2.058501287292804e-10
0.4888686915049476	2.220200627245162e-10
0.5210831233775115	2.383434450545807e-10
0.5532975552500754	2.548257861511728e-10
0.5855119871226393	2.714727073326632e-10
0.6177264189952032	2.882899439235285e-10
0.6499408508677671	3.052833485143623e-10
0.682155282740331	3.224588943619613e-10
0.7143697146128949	3.398226789292977e-10
0.7465841464854588	3.573809275654923e-10
0.7787985783580227	3.751399973262041e-10
0.8110130102305866	3.931063809351315e-10
0.8432274421031505	4.112867108876066e-10
0.8754418739757144	4.296877636975353e-10
0.9076563058482783	4.48316464289198e-10
0.9398707377208422	4.671798905356906e-10
0.9720851695934061	4.862852779460327e-10
1.00429960146597	5.056399899589187e-10
1.036514033338534	5.252515702684019e-10
1.068728465211098	5.451278549623826e-10
1.100942897083662	5.652767322649382e-10
1.133157328956226	5.857062666948267e-10
1.165371760828789	6.064248127572969e-10
1.197586192701353	6.27440888801163e-10
1.229800624573917	6.487630672957187e-10
1.262015056446481	6.704003092016855e-10
1.294229488319045	6.923617273757742e-10
1.326443920191609	7.14656539488617e-10
1.358658352064173	7.372943618908901e-10
1.390872783936737	7.60284939978268e-10
1.423087215809301	7.83638333030644e-10
1.455301647681865	8.073648719534584e-10
1.487516079554428	8.314748422631759e-10
1.519730511426992	8.559792880547257e-10
1.551944943299556	8.808890110654309e-10
1.58415937517212	9.0621547695648e-10
1.616373807044684	9.319701477572173e-10
1.648588238917248	9.581649431173031e-10
1.680802670789812	9.848120495285543e-10
1.713017102662376	1.011923883590676e-09
1.74523153453494	1.039513399133756e-09
1.777445966407504	1.067593521984533e-09
1.809660398280067	1.096177931872194e-09
1.841874830152631	1.125280292360224e-09
1.874089262025195	1.154914710081404e-09
1.906303693897759	1.185095901926998e-09
1.938518125770323	1.215838531070836e-09
1.970732557642887	1.247157971452967e-09
2.002946989515451	1.27906987515666e-09
2.035161421388014	1.311590246804864e-09
2.067375853260578	1.344735673568114e-09
2.099590285133142	1.378523051736221e-09
2.131804717005705	1.412969831127495e-09
2.164019148878269	1.448093952693929e-09
2.196233580750833	1.483913314704893e-09
2.228448012623396	1.520446909628105e-09
2.26066244449596	1.557714235843129e-09
2.292876876368524	1.595734222920558e-09
2.325091308241087	1.634528120674628e-09
2.357305740113651	1.674116360048482e-09
2.389520171986215	1.714520314424604e-09
2.421734603858778	1.755762367347082e-09
2.453949035731342	1.797864752683271e-09
2.486163467603906	1.840850684443356e-09
2.518377899476469	1.884744044238544e-09
2.550592331349033	1.929568960348032e-09
2.582806763221597	1.975350695925344e-09
2.61502119509416	2.022114838112446e-09
2.647235626966724	2.069888713839434e-09
2.679450058839288	2.118697727200738e-09
2.711664490711851	2.168570978137831e-09
2.743878922584415	2.219536923016344e-09
2.776093354456979	2.271624616091735e-09
2.808307786329542	2.324865178512367e-09
2.840522218202106	2.379288658770914e-09
2.87273665007467	2.434927437324348e-09
2.904951081947234	2.491813746682661e-09
2.937165513819797	2.549982726870484e-09
2.969379945692361	2.609467143443483e-09
3.001594377564925	2.670303718627178e-09
3.033808809437488	2.732528877669512e-09
3.066023241310052	2.796179244766156e-09
3.098237673182616	2.861293698304416e-09
3.130452105055179	2.92791250184248e-09
3.162666536927743	2.996075720097363e-09
3.194880968800307	3.065825630500719e-09
3.22709540067287	3.137204114680548e-09
3.259309832545434	3.210255609748942e-09
3.291524264417998	3.285027355794305e-09
3.323738696290561	3.361563737587865e-09
3.355953128163125	3.439913719970886e-09
3.388167560035689	3.520125472258036e-09
3.420381991908252	3.602251192153277e-09
3.452596423780816	3.686341522312191e-09
3.48481085565338	3.772450645345429e-09
3.517025287525943	3.860633047892591e-09
3.549239719398507	3.950945591837379e-09
3.581454151271071	4.043445891738128e-09
3.613668583143634	4.138194448223393e-09
3.645883015016198	4.235251145106502e-09
3.678097446888762	4.334680578053163e-09
3.710311878761325	4.436546389099344e-09
3.742526310633889	4.540915836013538e-09
3.774740742506453	4.647857321904981e-09
3.806955174379016	4.757440371913746e-09
3.83916960625158	4.869738807079736e-09
3.871384038124144	4.984825381255451e-09
3.903598469996707	5.102778681627507e-09
3.935812901869271	5.22367561350108e-09
3.968027333741835	5.347597292442275e-09
4.000241765614398	5.47462768657789e-09
4.032456197486963	5.60485174672268e-09
4.064670629359527	5.738356466682589e-09
4.096885061232091	5.875233461388781e-09
4.129099493104655	6.015574933676952e-09
4.161313924977219	6.159477299000025e-09
4.193528356849783	6.307038417509311e-09
4.225742788722347	6.458358371016486e-09
4.257957220594911	6.613542127111915e-09
4.290171652467476	6.772696111700083e-09
4.32238608434004	6.935928818714745e-09
4.354600516212604	7.103356345079486e-09
4.386814948085168	7.275092464357194e-09
4.419029379957732	7.451257719587789e-09
4.451243811830296	7.631972637329741e-09
4.48345824370286	7.817366664771292e-09
4.515672675575424	8.007568361553961e-09
4.547887107447989	8.202710970126842e-09
4.580101539320553	8.40293285770213e-09
4.612315971193117	8.608374966205295e-09
4.644530403065681	8.81918268089331e-09
4.676744834938245	9.035504636720355e-09
4.708959266810809	9.257495803186615e-09
4.741173698683373	9.485314139166007e-09
4.773388130555937	9.719121336523447e-09
4.805602562428501	9.959086542954981e-09
4.837816994301066	1.020538093132098e-08
4.87003142617363	1.045818179537243e-08
4.902245858046194	1.071767026846011e-08
4.934460289918758	1.098403502564764e-08
4.966674721791322	1.125746859756438e-08
4.998889153663886	1.153816860271675e-08
5.03110358553645	1.18263384260897e-08
5.063318017409014	1.212218956721318e-08
5.095532449281579	1.242593731838184e-08
5.127746881154143	1.27378031178788e-08
5.159961313026707	1.305801526151564e-08
5.192175744899271	1.338680894337971e-08
5.224390176771835	1.372442689407375e-08
5.256604608644399	1.407111666271976e-08
5.288819040516963	1.442713472314116e-08
5.321033472389527	1.479274340481239e-08
5.353247904262092	1.51682139896516e-08
5.385462336134656	1.555382571590331e-08
5.41767676800722	1.594986505695418e-08
5.449891199879784	1.635662641680871e-08
5.482105631752348	1.677441255837772e-08
5.514320063624912	1.720353783223802e-08
5.546534495497476	1.764432240017826e-08
5.57874892737004	1.809709712551272e-08
5.610963359242604	1.85622014952303e-08
5.643177791115169	1.903998488695725e-08
5.675392222987733	1.953080922844414e-08
5.707606654860297	2.003504493663874e-08
5.739821086732861	2.055307172858575e-08
5.772035518605425	2.108528309445078e-08
5.804249950477989	2.163208247421053e-08
5.836464382350553	2.219388473362441e-08
5.868678814223117	2.277111864409672e-08
5.900893246095682	2.336422368065726e-08
5.933107677968246	2.397365166902426e-08
5.96532210984081	2.459986979134078e-08
5.997536541713374	2.52433571730569e-08
6.029750973585938	2.590460562007085e-08
6.061965405458502	2.658412523162538e-08
6.094179837331066	2.728243726487515e-08
6.12639426920363	2.800008059636298e-08
6.158608701076195	2.873760727767324e-08
6.190823132948759	2.949558748851155e-08
6.223037564821323	3.027460624023182e-08
6.255251996693887	3.107526892684525e-08
6.287466428566451	3.189819580619221e-08
6.319680860439015	3.274402568945791e-08
6.351895292311579	3.361341605201672e-08
6.384109724184143	3.450704402921047e-08
6.416324156056707	3.542560571227436e-08
6.448538587929272	3.636981831072668e-08
6.480753019801836	3.734042233701636e-08
6.5129674516744	3.833817492932023e-08
6.545181883546964	3.93638583896388e-08
6.577396315419528	4.04182778128146e-08
6.609610747292092	4.150226189547283e-08
6.641825179164656	4.261666375090776e-08
6.67403961103722	4.376235804813888e-08
6.706254042909785	4.494025181697081e-08
6.738468474782349	4.615127398815247e-08
6.770682906654913	4.739638164242691e-08
6.802897338527477	4.867656063540544e-08
6.835111770400041	4.999282459333403e-08
6.867326202272605	5.134621749410446e-08
6.899540634145169	5.273781475220351e-08
6.931755066017733	5.416872126556368e-08
6.963969497890298	5.564007872788089e-08
6.996183929762862	5.71530579035415e-08
7.028398361635426	5.870886622724096e-08
7.06061279350799	6.03087466786e-08
7.092827225380554	6.1953976803695e-08
7.125041657253118	6.3645874515328e-08
7.157256089125682	6.538579537680687e-08
7.189470520998246	6.717513435714753e-08
7.22168495287081	6.901532924273002e-08
7.253899384743375	7.090785942742898e-08
7.286113816615939	7.285424650373086e-08
7.318328248488503	7.485605838691907e-08
7.350542680361067	7.691490953417143e-08
7.382757112233631	7.903246198149763e-08
7.414971544106195	8.121042607316457e-08
7.447185975978759	8.345056315961885e-08
7.479400407851323	8.575468565677391e-08
7.511614839723888	8.812466316286606e-08
7.543829271596452	9.05624168366484e-08
7.576043703469016	9.306992604593259e-08
7.60825813534158	9.564922849657814e-08
7.640472567214144	9.83024219695521e-08
7.672686999086708	1.010316671068496e-07
7.704901430959272	1.038391888574551e-07
7.737115862831836	1.067272776739767e-07
7.769330294704401	1.096982902599978e-07
7.801544726576965	1.127546542662758e-07
7.833759158449529	1.158988730547114e-07
7.865973590322093	1.191335187494174e-07
7.898188022194657	1.224612427363704e-07
7.930402454067221	1.258847735852124e-07
7.962616885939785	1.294069230285005e-07
7.994831317812349	1.330305851348847e-07
8.027045749684913	1.367587387571475e-07
8.059260181557477	1.405944530731802e-07
8.091474613430041	1.445408878926551e-07
8.123689045302605	1.486012973168681e-07
8.155903477175169	1.527790307042745e-07
8.188117909047733	1.570775403819959e-07
8.220332340920297	1.615003783826779e-07
8.252546772792861	1.660512037380416e-07
8.284761204665426	1.707337842631814e-07
8.31697563653799	1.755519998737799e-07
8.349190068410554	1.805098460675962e-07
8.381404500283118	1.856114374345351e-07
8.413618932155682	1.908610119114592e-07
8.445833364028246	1.962629326926763e-07
8.47804779590081	2.018216944069201e-07
8.510262227773374	2.075419243532512e-07
8.542476659645938	2.134283876090582e-07
8.574691091518503	2.194859968324252e-07
8.606905523391067	2.257198042572724e-07
8.639119955263631	2.321350157409083e-07
8.671334387136195	2.387369927092505e-07
8.703548819008759	2.455312572351057e-07
8.735763250881323	2.525234961099513e-07
8.767977682753887	2.597195661472805e-07
8.800192114626451	2.671254992301808e-07
8.832406546499016	2.747475081932092e-07
8.86462097837158	2.825919910715305e-07
8.896835410244144	2.906655380782504e-07
8.929049842116708	2.989749343025953e-07
8.961264273989272	3.075271699856775e-07
8.993478705861836	3.163294472980787e-07
9.0256931377344	3.25389180261591e-07
9.057907569606964	3.347140066596729e-07
9.090122001479529	3.443117924662694e-07
9.122336433352093	3.541906394172724e-07
9.154550865224657	3.643588933237309e-07
9.186765297097221	3.748251492901853e-07
9.218979728969785	3.855982602275362e-07
9.251194160842349	3.966873453545504e-07
9.283408592714913	4.081017968629951e-07
9.315623024587477	4.198512892212142e-07
9.347837456460041	4.319457876205635e-07
9.380051888332606	4.443955563537593e-07
9.41226632020517	4.572111666978999e-07
9.444480752077734	4.704035113093264e-07
9.476695183950298	4.83983806393333e-07
9.508909615822862	4.979636066960694e-07
9.541124047695426	5.123548144747289e-07
9.57333847956799	5.271696896862002e-07
9.605552911440554	5.424208613341894e-07
9.637767343313119	5.581213387862235e-07
9.669981775185683	5.742845208399072e-07
9.702196207058247	5.909242114704683e-07
9.734410638930811	6.080546301250411e-07
9.766625070803375	6.256904245936078e-07
9.798839502675939	6.438466827509157e-07
9.831053934548503	6.625389477508789e-07
9.863268366421067	6.817832311180447e-07
9.895482798293632	7.015960246813595e-07
9.927697230166196	7.219943230739039e-07
9.95991166203876	7.429956279990693e-07
9.992126093911324	7.646179703125516e-07
10.02434052578389	7.868799260828568e-07
10.05655495765645	8.098006291383321e-07
10.08876938952902	8.333997929093195e-07
10.12098382140158	8.576977253075437e-07
10.15319825327414	8.827153464340127e-07
10.18541268514671	9.084742096868716e-07
10.21762711701927	9.349965176761804e-07
10.24984154889184	9.623051449102571e-07
10.2820559807644	9.904236562316171e-07
10.31427041263697	1.019376328459615e-06
10.34648484450953	1.049188172115294e-06
10.37869927638209	1.079884954250484e-06
10.41091370825466	1.111493220347453e-06
10.44312814012722	1.144040319532098e-06
10.47534257199979	1.17755442542128e-06
10.50755700387235	1.212064569945138e-06
10.53977143574491	1.247600657400439e-06
10.57198586761748	1.284193499707644e-06
10.60420029949004	1.321874840918138e-06
10.63641473136261	1.360677386168519e-06
10.66862916323517	1.400634830799544e-06
10.70084359510773	1.441781891366891e-06
10.7330580269803	1.484154334545952e-06
10.76527245885286	1.527789012550817e-06
10.79748689072543	1.572723893084867e-06
10.82970132259799	1.618998094285779e-06
10.86191575447056	1.666651922121292e-06
10.89413018634312	1.715726902269051e-06
10.92634461821568	1.76626582076879e-06
10.95855905008825	1.818312762196473e-06
10.99077348196081	1.871913145472147e-06
11.02298791383338	1.927113770239831e-06
11.05520234570594	1.983962856355098e-06
11.0874167775785	2.042510086295767e-06
11.11963120945107	2.102806649776932e-06
11.15184564132363	2.164905295025526e-06
11.1840600731962	2.228860366830262e-06
11.21627450506876	2.294727863585091e-06
11.24848893694132	2.362565483678706e-06
11.28070336881389	2.43243267963032e-06
11.31291780068645	2.504390708791132e-06
11.34513223255902	2.57850269274435e-06
11.37734666443158	2.654833669922261e-06
11.40956109630415	2.733450658078386e-06
11.44177552817671	2.814422711034092e-06
11.47398996004927	2.897820983787905e-06
11.50620439192184	2.983718796783851e-06
11.5384188237944	3.072191698024247e-06
11.57063325566697	3.16331753742746e-06
11.60284768753953	3.257176533144687e-06
11.63506211941209	3.353851345330724e-06
11.66727655128466	3.453427150537565e-06
11.69949098315722	3.555991719171476e-06
11.73170541502979	3.661635494237378e-06
11.76391984690235	3.770451673900942e-06
11.79613427877491	3.882536294717598e-06
11.82834871064748	3.997988317987461e-06
11.86056314252004	4.116909727542562e-06
11.89277757439261	4.239405607970842e-06
11.92499200626517	4.365584250055177e-06
11.95720643813774	4.495557245285244e-06
11.9894208700103	4.629439589527983e-06
12.02163530188286	4.767349784629851e-06
12.05384973375543	4.909409947046548e-06
12.08606416562799	5.055745919051949e-06
12.11827859750056	5.206487381496703e-06
12.15049302937312	5.361767973987765e-06
12.18270746124568	5.521725414733343e-06
12.21492189311825	5.686501624549467e-06
12.24713632499081	5.856242858914e-06
12.27935075686338	6.031099837618857e-06
12.31156518873594	6.211227883928278e-06
12.3437796206085	6.396787066052686e-06
12.37599405248107	6.58794234168121e-06
12.40820848435363	6.784863707820333e-06
12.4404229162262	6.987726356042587e-06
12.47263734809876	7.196710832613571e-06
12.50485177997133	7.412003202956988e-06
12.53706621184389	7.633795220142497e-06
12.56928064371645	7.862284499046834e-06
12.60149507558902	8.097674699956898e-06
12.63370950746158	8.340175707218155e-06
12.66592393933415	8.590003833602285e-06
12.69813837120671	8.847382002464886e-06
12.73035280307927	9.112539960828127e-06
12.76256723495184	9.385714483348063e-06
12.7947816668244	9.66714959380753e-06
12.82699609869697	9.957096785117196e-06
12.85921053056953	1.025581525079974e-05
12.89142496244209	1.056357211838883e-05
12.92363939431466	1.088064269631605e-05
12.95585382618722	1.12073107247811e-05
12.98806825805979	1.154386863405685e-05
13.02028268993235	1.189061781852045e-05
13.05249712180492	1.224786890121638e-05
13.08471155367748	1.261594202584508e-05
13.11692598555004	1.299516714783346e-05
13.14914041742261	1.33858843364047e-05
13.18135484929517	1.378844408410372e-05
13.21356928116774	1.420320763514675e-05
13.2457837130403	1.463054730625638e-05
13.27799814491286	1.507084683338437e-05
13.31021257678543	1.55245017228162e-05
13.34242700865799	1.599191961204729e-05
13.37464144053056	1.647352064949991e-05
13.40685587240312	1.696973787169225e-05
13.43907030427568	1.748101760527449e-05
13.47128473614825	1.800781987725911e-05
13.50349916802081	1.855061883074312e-05
13.53571359989338	1.910990317247659e-05
13.56792803176594	1.968617660825177e-05
13.60014246363851	2.027995831830895e-05
13.63235689551107	2.089178342223925e-05
13.66457132738363	2.152220347646984e-05
13.6967857592562	2.217178698583921e-05
13.72900019112876	2.284111991772174e-05
13.76121462300133	2.353080624532791e-05
13.79342905487389	2.42414685045984e-05
13.82564348674645	2.497374836276425e-05
13.85785791861902	2.572830721240606e-05
13.89007235049158	2.650582677987217e-05
13.92228678236415	2.73070097511089e-05
13.95450121423671	2.813258042001164e-05
13.98671564610927	2.898328535460441e-05
14.01893007798184	2.985989408834839e-05
14.0511445098544	3.076319982432044e-05
14.08335894172697	3.169402016852023e-05
14.11557337359953	3.2653197884789e-05
14.1477878054721	3.364160167009076e-05
14.18000223734466	3.466012695695834e-05
14.21221666921722	3.570969673904074e-05
14.24443110108979	3.679126242325038e-05
14.27664553296235	3.790580470722425e-05
14.30885996483492	3.90543344836736e-05
14.34107439670748	4.023789377753307e-05
14.37328882858004	4.145755670451635e-05
14.40550326045261	4.271443046412366e-05
14.43771769232517	4.400965636352337e-05
14.46993212419774	4.534441087256286e-05
14.5021465560703	4.671990670901887e-05
14.53436098794286	4.813739396360424e-05
14.56657541981543	4.95981612501724e-05
14.59878985168799	5.110353690448387e-05
14.63100428356056	5.265489020656585e-05
14.66321871543312	5.425363265030421e-05
14.69543314730569	5.590121925782935e-05
14.72764757917825	5.759914991054689e-05
14.75986201105081	5.934897074765018e-05
14.79207644292338	6.115227559671469e-05
14.82429087479594	6.301070745131332e-05
14.85650530666851	6.492595998872476e-05
14.88871973854107	6.689977914399891e-05
14.92093417041363	6.893396472688961e-05
14.9531486022862	7.103037208524191e-05
14.98536303415876	7.319091383527e-05
15.01757746603133	7.541756162684112e-05
15.04979189790389	7.771234797401068e-05
15.08200632977645	8.007736814375983e-05
15.11422076164902	8.251478209604502e-05
15.14643519352158	8.502681649153452e-05
15.17864962539415	8.76157667604926e-05
15.21086405726671	9.028399922637526e-05
15.24307848913928	9.303395331019352e-05
15.27529292101184	9.58681437949394e-05
15.3075073528844	9.878916316305461e-05
15.33972178475697	0.0001017996839988742
15.37193621662953	0.0001049024614807558
15.4041506485021	0.0001081003359398118
15.43636508037466	0.0001113962354948433
15.46857951224722	0.0001147931787836805
15.50079394411979	0.0001182942777647959
15.53300837599235	0.0001219027406161882
15.56522280786492	0.0001256218747186705
15.59743723973748	0.0001294550897302848
15.62965167161004	0.0001334059007699376
15.66186610348261	0.0001374779316756418
15.69408053535517	0.0001416749183952751
15.72629496722774	0.0001460007124480487
15.7585093991003	0.0001504592845298048
15.79072383097287	0.0001550547281964112
15.82293826284543	0.0001597912636925235
15.85515269471799	0.0001646732418729378
15.88736712659056	0.0001697051482653808
15.91958155846312	0.0001748916072474255
15.95179599033569	0.0001802373863726542
15.98401042220825	0.0001857474007950729
16.01622485408081	0.000191426717872042
16.04843928595338	0.0001972805618816371
16.08065371782594	0.0002033143189036389
16.11286814969851	0.0002095335418471911
16.14508258157107	0.0002159439556304566
16.17729701344363	0.0002225514625292465
16.2095114453162	0.0002293621476844157
16.24172587718876	0.0002363822847925589
16.27394030906133	0.0002436183419594625
16.30615474093389	0.0002510769877496263
16.33836917280646	0.00025876509741076
16.37058360467902	0.0002666897593094592
16.40279803655158	0.0002748582815493569
16.43501246842415	0.000283278198807734
16.46722690029671	0.0002919572793802868
16.49944133216928	0.0003009035324484475
16.53165576404184	0.0003101252155681972
16.5638701959144	0.0003196308424014324
16.59608462778697	0.0003294291906867141
16.62829905965953	0.0003395293104365658
16.6605134915321	0.0003499405324264418
16.69272792340466	0.0003606724769269255
16.72494235527722	0.0003717350627059098
16.75715678714979	0.0003831385163271277
16.78937121902235	0.0003948933817227634
16.82158565089492	0.0004070105300813279
16.85380008276748	0.000419501170020986
16.88601451464005	0.0004323768581044549
16.91822894651261	0.0004456495096674085
16.95044337838517	0.0004593314099911612
16.98265781025774	0.0004734352258148188
17.0148722421303	0.0004879740172391095
17.04708667400287	0.0005029612499392706
17.07930110587543	0.0005184108078201696
17.11151553774799	0.0005343370060462246
17.14372996962056	0.000550754604460063
17.17594440149312	0.0005676788214452813
17.20815883336569	0.000585125348196752
17.24037326523825	0.0006031103635189675
17.27258769711081	0.0006216505489098501
17.30480212898338	0.0006407631042974819
17.33701656085594	0.0006604657641989753
17.36923099272851	0.0006807768143467079
17.40144542460107	0.0007017151088945644
17.43365985647364	0.0007233000881126182
17.4658742883462	0.0007455517967280596
17.49808872021876	0.0007684909026654815
17.53030315209133	0.0007921387165711553
17.56251758396389	0.0008165172117311557
17.59473201583646	0.0008416490449063631
17.62694644770902	0.0008675575775182817
17.65916087958158	0.0008942668976464017
17.69137531145415	0.0009218018427709942
17.72358974332671	0.0009501880230305441
17.75580417519928	0.0009794518454154155
17.78801860707184	0.001009620538543252
17.82023303894441	0.001040722178395574
17.85244747081697	0.001072785714623394
17.88466190268953	0.001105840998065651
17.9168763345621	0.00113991880855967
17.94909076643466	0.001175050884078757
17.98130519830723	0.001211269950669954
18.01351963017979	0.001248609753171954
18.04573406205235	0.001287105087170143
18.07794849392492	0.001326791831666875
18.11016292579748	0.001367706983069777
18.14237735767005	0.001409888689874197
18.17459178954261	0.001453376288804721
18.20680622141517	0.001498210341713512
18.23902065328774	0.001544432674051806
18.2712350851603	0.001592086414275668
18.30344951703287	0.001641216034499926
18.33566394890543	0.00169186739241162
18.367878380778	0.001744087774816961
18.40009281265056	0.001797925941922633
18.43230724452312	0.001853432173607432
18.46452167639569	0.001910658316740638
18.49673610826825	0.001969657834294278
18.52895054014082	0.002030485855779834
18.56116497201338	0.002093199229276926
18.59337940388594	0.002157856575346061
18.62559383575851	0.002224518342122282
18.65780826763107	0.002293246862652966
18.69002269950364	0.002364106413635262
18.7222371313762	0.002437163276362364
18.75445156324876	0.002512485799336477
18.78666599512133	0.002590144462825407
18.81888042699389	0.002670211945679206
18.85109485886646	0.002752763193610466
18.88330929073902	0.002837875491246573
18.91552372261159	0.002925628533561674
18.94773815448415	0.003016104502590991
18.97995258635671	0.003109388144630734
19.01216701822928	0.003205566850704134
19.04438145010184	0.003304730739058596
19.07659588197441	0.003406972740673582
19.10881031384697	0.003512388687404526
19.14102474571953	0.003621077402221449
19.1732391775921	0.003733140793672202
19.20545360946466	0.003848683950153589
19.23766804133723	0.003967815242879942
19.26988247320979	0.004090646426322684
19.30209690508235	0.00421729274430016
19.33431133695492	0.004347873040421368
19.36652576882748	0.004482509868944105
19.39874020070005	0.004621329612615097
19.43095463257261	0.004764462600342707
19.46316906444518	0.004912043233524789
19.49538349631774	0.005064210110566287
19.5275979281903	0.005221106163367593
19.55981236006287	0.005382878785791037
19.59202679193543	0.005549679979110606
19.624241223808	0.005721666493451133
19.65645565568056	0.005898999978308592
19.68867008755312	0.006081847133012603
19.72088451942569	0.006270379868312782
19.75309895129825	0.006464775469720858
19.78531338317082	0.006665216762258947
19.81752781504338	0.006871892287574549
19.84974224691594	0.007084996479400823
19.88195667878851	0.00730472985259315
19.91417111066107	0.007531299191390772
19.94638554253364	0.00776491774386997
19.9785999744062	0.008005805427552469
20.01081440627877	0.008254189040189245
20.04302883815133	0.00851030246915754
20.07524327002389	0.008774386918639812
20.10745770189646	0.009046691136302605
20.13967213376902	0.009327471653392178
20.17188656564159	0.009616993022527555
20.20410099751415	0.009915528075365842
20.23631542938671	0.01022335817847415
20.26852986125928	0.01054077350549591
20.30074429313184	0.01086807330736297
20.33295872500441	0.01120556619770146
20.36517315687697	0.01155357045098557
20.39738758874953	0.01191241430331829
20.4296020206221	0.01228243626210914
20.46181645249466	0.01266398542733583
20.49403088436723	0.0130574218384656
20.52624531623979	0.01346311679667941
20.55845974811236	0.01388145322888375
20.59067417998492	0.01431282605275762
20.62288861185748	0.01475764254815894
20.65510304373005	0.01521632275266807
20.68731747560261	0.01568929985290704
20.71953190747518	0.01617702060130873
20.75174633934774	0.01667994574971837
20.7839607712203	0.01719855047212728
20.81617520309287	0.01773332483239672
20.84838963496543	0.01828477424225636
20.880604066838	0.01885341994559494
20.91281849871056	0.01943979951886399
20.94503293058312	0.02004446737740081
20.97724736245569	0.02066799530720267
21.00946179432825	0.02131097302008878
21.04167622620082	0.02197400869554501
21.07389065807338	0.02265772957919508
21.10610508994595	0.02336278257481319
21.13831952181851	0.02408983484936744
21.17053395369107	0.0248395744950568
21.20274838556364	0.02561271116568382
21.2349628174362	0.02640997676013341
21.26717724930877	0.02723212613210441
21.29939168118133	0.02807993778761318
21.33160611305389	0.02895421464610839
21.36382054492646	0.02985578480580133
21.39603497679902	0.03078550232330502
21.42824940867159	0.03174424805216162
21.46046384054415	0.03273293043780527
21.49267827241671	0.03375248644519304
21.52489270428928	0.03480388241693824
21.55710713616184	0.03588811501204543
21.58932156803441	0.03700621214259978
21.62153599990697	0.0381592339688732
21.65375043177954	0.03934827391590968
21.6859648636521	0.0405744597058715
21.71817929552466	0.04183895443125406
21.75039372739723	0.0431429576936878
21.78260815926979	0.04448770674126763
21.81482259114236	0.04587447763033424
21.84703702301492	0.0473045864788288
21.87925145488748	0.04877939069671637
21.91146588676005	0.05030029030290156
21.94368031863261	0.05186872924827137
21.97589475050518	0.05348619683279492
22.00810918237774	0.05515422906519273
22.0403236142503	0.05687441020330685
22.07253804612287	0.0586483741619416
22.10475247799543	0.06047780638436982
22.136966909868	0.0623644450053469
22.16918134174056	0.06431008280180552
22.20139577361313	0.06631656885138563
22.23361020548569	0.0683858102876993
22.26582463735825	0.07051977415888483
22.29803906923082	0.07272048924495268
22.33025350110338	0.07499004809468535
22.36246793297595	0.07733060890851659
22.39468236484851	0.07974439811193353
22.42689679672107	0.08223371106146525
22.45911122859364	0.08480091611810991
22.4913256604662	0.08744845577949367
22.52354009233877	0.09017884927101448
22.55575452421133	0.09299469498615692
22.58796895608389	0.09589867293783751
22.62018338795646	0.0988935473890092
22.65239781982902	0.1019821693645372
22.68461225170159	0.1051674799195431
22.71682668357415	0.1084525112759897
22.74904111544672	0.1118403930096563
22.78125554731928	0.1153343514808898
22.81346997919184	0.1189377149167815
22.84568441106441	0.1226539161646798
22.87789884293697	0.126486495954742
22.91011327480954	0.1304391063765808
22.9423277066821	0.1345155142297107
22.97454213855466	0.1387196052876901
23.00675657042723	0.1430553860622687
23.03897100229979	0.1475269923220875
23.07118543417236	0.1521386844093139
23.10339986604492	0.1568948611774436
23.13561429791748	0.1618000584523818
23.16782872979005	0.1668589547353062
23.20004316166261	0.172076375633369
23.23225759353518	0.1774572985369778
23.26447202540774	0.1830068578363006
23.29668645728031	0.1887303478987546
23.32890088915287	0.1946332329387245
23.36111532102543	0.2007211440684091
23.393329752898	0.2069998944239005
23.42554418477056	0.2134754775026652
23.45775861664313	0.2201540759215933
23.48997304851569	0.2270420668259538
23.52218748038825	0.2341460280747871
23.55440191226082	0.2414727444222558
23.58661634413338	0.2490292145958404
23.61883077600595	0.2568226562786782
23.65104520787851	0.2648605179006753
23.68325963975107	0.2731504758439519
23.71547407162364	0.2817004530826802
23.7476885034962	0.2905186229527217
23.77990293536877	0.2996134128945498
23.81211736724133	0.3089935167896808
23.8443317991139	0.3186679021866674
23.87654623098646	0.3286458195086798
23.90876066285902	0.338936808950803
23.94097509473159	0.3495507145098482
23.97318952660415	0.3604976838379069
24.00540395847672	0.371788189973457
24.03761839034928	0.3834330463720917
24.06983282222184	0.3954433688589591
24.10204725409441	0.4078306613471614
24.13426168596697	0.4206067777967515
24.16647611783954	0.433783945468372
24.1986905497121	0.4473747773129406
24.23090498158466	0.461392281995646
24.26311941345723	0.4758498814438239
24.29533384532979	0.4907614139696322
24.32754827720236	0.5061411701351231
24.35976270907492	0.5220038585350563
24.39197714094749	0.5383646846751161
24.42419157282005	0.5552393172702534
24.45640600469261	0.5726439214829973
24.48862043656518	0.5905951718542769
24.52083486843774	0.609110268573393
24.55304930031031	0.6282069530618379
24.58526373218287	0.6479035288610204
24.61747816405543	0.6682188700846606
24.649692595928	0.6891724636457895
24.68190702780056	0.7107845878654017
24.71412145967313	0.7330754863900895
24.74633589154569	0.7560668144061479
24.77855032341825	0.7797806124140612
24.81076475529082	0.8042396197711139
24.84297918716338	0.8294672941591029
24.87519361903595	0.8554878339074981
24.90740805090851	0.8823262013434363
24.93962248278108	0.9100081549774395
24.97183691465364	0.9385603962753294
25.0040513465262	0.9680098019810442
25.03626577839877	0.998385248055612
25.06848021027133	1.029715617409378
25.1006946421439	1.062030999264503
25.13290907401646	1.095362420463211
25.16512350588902	1.129741883622654
25.19733793776159	1.165202399746495
25.22955236963415	1.201778021801418
25.26176680150672	1.23950387249484
25.29398123337928	1.278416452958683
25.32619566525184	1.318552430015208
25.35841009712441	1.359950977163718
25.39062452899697	1.40265168817296
25.42283896086954	1.446695595210443
25.4550533927421	1.49212502182529
25.48726782461467	1.538983626387282
25.51948225648723	1.587316444817252
25.55169668835979	1.63716993426046
25.58391112023236	1.688592018785951
25.61612555210492	1.741632413680858
25.64833998397749	1.796341320595138
25.68055441585005	1.85277209930374
25.71276884772261	1.910978757820734
25.74498327959518	1.971017283901234
25.77719771146774	2.032945426090214
25.80941214334031	2.096822754167059
25.84162657521287	2.162710717817709
25.87384100708543	2.230672706367894
25.906055438958	2.300774110174217
25.93826987083056	2.373082383986874
25.97048430270313	2.447653998255797
26.00269873457569	2.524604746401828
26.03491316644826	2.603957023626138
26.06712759832082	2.685809995368285
26.09934203019338	2.770240817429349
26.13155646206595	2.85733052570761
26.16377089393851	2.947162900111706
26.19598532581108	3.039824414318015
26.22819975768364	3.135404290166592
26.2604141895562	3.233994574881657
26.29262862142877	3.335685084436491
26.32484305330133	3.440593309955833
26.3570574851739	3.548794087595251
26.38927191704646	3.660405310469071
26.42148634891903	3.775532991460099
26.45370078079159	3.894287878045766
26.48591521266415	4.01678436533721
26.51812964453672	4.143140499453597
26.55034407640928	4.273478069358867
26.58255850828185	4.407922718064514
26.61477294015441	4.546599971306793
26.64698737202697	4.689674741528884
26.67920180389954	4.837219231025252
26.7114162357721	4.989428283752828
26.74363066764467	5.146435600140351
26.77584509951723	5.30839199672535
26.80805953138979	5.475453559060578
26.84027396326236	5.647781406606989
26.87248839513492	5.82554178619282
26.90470282700749	6.008906218663604
26.93691725888005	6.198052465743119
26.96913169075262	6.393153773780155
27.00134612262518	6.594429790080437
27.03356055449774	6.802032678364406
27.06577498637031	7.016185845267245
27.09798941824287	7.237093647607856
27.13020385011544	7.464970156230629
27.162418281988	7.700039321250395
27.19463271386056	7.94255818560365
27.22684714573313	8.192476051723643
27.25906157760569	8.450618329081546
27.29127600947826	8.716763817822837
27.32349044135082	8.991297567571614
27.35570487322338	9.274507078972421
27.38791930509595	9.566636463079869
27.42013373696851	9.8679812174263
27.45234816884108	10.17882632840144
27.48456260071364	10.49944131066182
27.51677703258621	10.83064562847732
27.54899146445877	11.17171811446558
27.58120589633133	11.52345514693459
27.6134203282039	11.88659950325004
27.64563476007646	12.26115632440425
27.67784919194903	12.64752866953507
27.71006362382159	13.04612049569362
27.74227805569415	13.45727058363722
27.77449248756672	13.88141578941215
27.80670691943928	14.31899191723935
27.83892135131185	14.75345725740356
27.87113578318441	15.23574988188083
27.90335021505697	15.71649173858902
27.93556464692954	16.21141019236819
27.9677790788021	16.72254238369278
27.99999351067467	17.24974021288458
28.03220794254723	17.79358169629274
28.0644223744198	18.35456656450921
28.09663680629236	18.93331684265624
28.12885123816492	19.53030319082141
28.16106567003749	20.14614923553823
28.19328010191005	20.780485057253
28.22549453378262	21.43700019634226
28.25770896565518	22.11321605148421
28.28992339752774	22.81033103723912
28.32213782940031	23.52988646413646
28.35435226127287	24.27209392125285
28.38656669314544	25.03776534832821
28.418781125018	25.82767168688021
28.45099555689056	26.64245474422063
28.48320998876313	27.49208408032021
28.51542442063569	28.34902241930535
28.54763885250826	29.2270053955923
28.57985328438082	30.16729984877099
28.61206771625339	31.11905357886244
28.64428214812595	32.10070591925495
28.67649657999851	33.11377647751394
28.70871101187108	34.15856150539989
28.74092544374364	35.23764429916479
28.77313987561621	36.34922968694921
28.80535430748877	37.49651529899307
28.83756873936133	38.68182168318507
28.8697831712339	39.89995444290332
28.90199760310646	41.15933521378553
28.93421203497903	42.45780605007504
28.96642646685159	43.79920096427741
28.99864089872415	45.18209395865583
29.03085533059672	46.6085382159736
29.06306976246928	48.07958540912674
29.09528419434185	49.59916717348573
29.12749862621441	51.16417495487467
29.15971305808698	52.77983307439212
29.19192748995954	54.44717612087998
29.2241419218321	56.16538247933045
29.25635635370467	57.94628692747941
29.28857078557723	59.76794196487651
29.3207852174498	61.65580906288615
29.35299964932236	63.60398434052927
29.38521408119492	65.61321023895806
29.41742851306749	67.68516345856679
29.44964294494005	69.82310241279032
29.48185737681262	72.02994409931307
29.51407180868518	74.30528884511965
29.54628624055774	76.65278356926629
29.57850067243031	79.07735139830906
29.61071510430287	81.57265077984474
29.64292953617544	84.14683716389986
29.675143968048	86.80868995733134
29.70735839992057	89.55100388341064
29.73957283179313	92.38145224090995
29.77178726366569	95.3013030327387
29.80400169553826	98.31585247339537
29.83621612741082	101.4180848571523
29.86843055928339	104.6253201806478
29.90064499115595	107.9319064196401
29.93285942302851	111.3434517283748
29.96507385490108	114.8657359721282
29.99728828677364	118.4972931061709
30.02950271864621	122.2363986628017
30.06171715051877	126.102316243527
30.09393158239133	130.0887647349083
30.1261460142639	134.1997548883176
30.15836044613646	138.4456694550016
30.19057487800903	142.8217377970309
30.22278930988159	147.3365742143989
30.25500374175416	151.9962510960977
30.28721817362672	156.8019905280975
30.31943260549928	161.7602109988794
30.35164703737185	166.877594333707
30.38386146924441	172.1547384402627
30.41607590111698	177.5928897313561
30.44829033298954	183.2111137070144
30.4805047648621	189.0054445031037
30.51271919673467	194.9841527123798
30.54493362860723	201.152401837547
30.5771480604798	207.5128713771675
30.60936249235236	214.0753784667567
30.64157692422492	220.8451533386339
30.67379135609749	227.8223979189331
30.70600578797005	235.4532644033356
30.73822021984262	242.5002833888759
30.77043465171518	250.1674856290058
30.80264908358775	258.070054916314
30.83486351546031	266.2276841278179
30.86707794733287	274.653659148221
30.89929237920544	283.3467825582865
30.931506811078	292.3135915476562
30.96372124295057	301.5625270676102
30.99593567482313	311.1084010577861
31.02815010669569	320.9528574941853
31.06036453856826	331.1066897071012
31.09257897044082	341.7737188519085
31.12479340231339	352.4193290559819
31.15700783418595	363.5678723906665
31.18922226605851	375.0790716170175
31.22143669793108	386.9329916405848
31.25365112980364	399.1826845597181
31.28586556167621	411.8206378051652
31.31807999354877	424.8568288850325
31.35029442542134	438.3051932422776
31.3825088572939	452.178802603328
31.41472328916646	466.4919423915134
31.44693772103903	481.252788901404
31.47915215291159	496.3813197005853
31.51136658478416	512.194697189926
31.54358101665672	528.392815847085
31.57579544852928	545.1183266531773
31.60800988040185	562.3700171738373
31.64022431227441	580.1653326785062
31.67243874414698	598.541053291302
31.70465317601954	617.4972839852036
31.7368676078921	637.0537833365465
31.76908203976467	657.2300625964796
31.80129647163723	678.0479210771929
31.8335109035098	699.5214000370189
31.86572533538236	721.6427798903319
31.89793976725493	744.5868741636289
31.93015419912749	768.1267291788585
31.96236863100005	792.4528334135792
31.99458306287262	817.5596531190857
32.02679749474518	843.4569854479161
32.05901192661774	870.1847889990869
32.0912263584903	897.7636386778635
32.12344079036286	926.2208229515213
32.15565522223542	955.581786864289
32.18786965410798	985.8743760244001
32.22008408598055	1017.128793445144
0
1000	1.0219978922	100000000000000.1
5	0	0	1
5	0	0	0
0.03786664528905326	-4.359811596048105e-10
0.07008107716161713	-4.247252522269061e-10
0.102295509034181	-4.138637854120396e-10
0.1345099409067449	-4.033815580681759e-10
0.1667243727793087	-3.932639384585756e-10
0.1989388046518726	-3.834968485937583e-10
0.2311532365244365	-3.740667482999697e-10
0.2633676683970003	-3.649606190787809e-10
0.2955821002695642	-3.561659478584813e-10
0.3277965321421281	-3.476707107252854e-10
0.360010964014692	-3.39463356710846e-10
0.3922253958872559	-3.315327917022247e-10
0.4244398277598198	-3.238683625310797e-10
0.4566542596323837	-3.164598412904253e-10
0.4888686915049476	-3.092974099197679e-10
0.5210831233775115	-3.023716450926523e-10
0.5532975552500754	-2.956735034346437e-10
0.5855119871226393	-2.891943070943954e-10
0.6177264189952032	-2.829257296856993e-10
0.6499408508677671	-2.768597826142143e-10
0.682155282740331	-2.709888017988627e-10
0.7143697146128949	-2.653054347946321e-10
0.7465841464854588	-2.598026283206828e-10
0.7787985783580227	-2.544736161951778e-10
0.8110130102305866	-2.493119076761273e-10
0.8432274421031505	-2.443112762056771e-10
0.8754418739757144	-2.394657485537109e-10
0.9076563058482783	-2.34769594355289e-10
0.9398707377208422	-2.302173160353198e-10
0.9720851695934061	-2.258036391129321e-10
1.00429960146597	-2.215225965308699e-10
1.036514033338534	-2.173712602912456e-10
1.068728465211098	-2.133440113428563e-10
1.100942897083662	-2.094363628694508e-10
1.133157328956226	-2.05644006681545e-10
1.165371760828789	-2.019628060724655e-10
1.197586192701353	-1.983887889121303e-10
1.229800624573917	-1.949181409780018e-10
1.262015056446481	-1.915471995214923e-10
1.294229488319045	-1.882724470671208e-10
1.326443920191609	-1.850898742766509e-10
1.358658352064173	-1.819975804800295e-10
1.390872783936737	-1.789917789731118e-10
1.423087215809301	-1.760694651880587e-10
1.455301647681865	-1.732277513376064e-10
1.487516079554428	-1.704638618411779e-10
1.519730511426992	-1.677751288927772e-10
1.551944943299556	-1.651589881724754e-10
1.58415937517212	-1.626129747021759e-10
1.616373807044684	-1.601347188454122e-10
1.648588238917248	-1.577214286675036e-10
1.680802670789812	-1.553720097079351e-10
1.713017102662376	-1.5308380745507e-10
1.74523153453494	-1.508547874814685e-10
1.777445966407504	-1.486829922949581e-10
1.809660398280067	-1.465665384206305e-10
1.841874830152631	-1.445036135589929e-10
1.874089262025195	-1.424924738246573e-10
1.906303693897759	-1.405314410686318e-10
1.938518125770323	-1.386189002861907e-10
1.970732557642887	-1.367527751147469e-10
2.002946989515451	-1.349326877654024e-10
2.035161421388014	-1.331566335482164e-10
2.067375853260578	-1.314232161027148e-10
2.099590285133142	-1.297310904788009e-10
2.131804717005705	-1.280789612843842e-10
2.164019148878269	-1.264655808552887e-10
2.196233580750833	-1.24889747457627e-10
2.228448012623396	-1.233503035302723e-10
2.26066244449596	-1.218461339730151e-10
2.292876876368524	-1.20374862101603e-10
2.325091308241087	-1.189383361155569e-10
2.357305740113651	-1.175340001792555e-10
2.389520171986215	-1.161608714035451e-10
2.421734603858778	-1.148180068275221e-10
2.453949035731342	-1.135045005389946e-10
2.486163467603906	-1.12219481384736e-10
2.518377899476469	-1.109621110433599e-10
2.550592331349033	-1.097315823387822e-10
2.582806763221597	-1.085271177248613e-10
2.61502119509416	-1.073477849764539e-10
2.647235626966724	-1.061932507112445e-10
2.679450058839288	-1.050626245244608e-10
2.711664490711851	-1.039552319352167e-10
2.743878922584415	-1.02870421853038e-10
2.776093354456979	-1.018075655686681e-10
2.808307786329542	-1.007660557847739e-10
2.840522218202106	-9.974530568222846e-11
2.87273665007467	-9.87447480172233e-11
2.904951081947234	-9.776383424381837e-11
2.937165513819797	-9.680235785523332e-11
2.969379945692361	-9.58591383815364e-11
3.001594377564925	-9.49339902443979e-11
3.033808809437488	-9.40264305241224e-11
3.066023241310052	-9.313599203484102e-11
3.098237673182616	-9.226222269457209e-11
3.130452105055179	-9.14046849230357e-11
3.162666536927743	-9.056295506574233e-11
3.194880968800307	-8.973662284295357e-11
3.22709540067287	-8.892529082218843e-11
3.259309832545434	-8.812866164656551e-11
3.291524264417998	-8.734617870093454e-11
3.323738696290561	-8.657756842744406e-11
3.355953128163125	-8.582248070050239e-11
3.388167560035689	-8.508057627786342e-11
3.420381991908252	-8.435152639179465e-11
3.452596423780816	-8.363501235784839e-11
3.48481085565338	-8.293072520037357e-11
3.517025287525943	-8.223836529395274e-11
3.549239719398507	-8.155764201999309e-11
3.581454151271071	-8.088831242807019e-11
3.613668583143634	-8.023002115838447e-11
3.645883015016198	-7.958254231607752e-11
3.678097446888762	-7.894561856656553e-11
3.710311878761325	-7.831900021434648e-11
3.742526310633889	-7.770244493028437e-11
3.774740742506453	-7.709571749016601e-11
3.806955174379016	-7.649858952400354e-11
3.83916960625158	-7.591083927558036e-11
3.871384038124144	-7.533225137176731e-11
3.903598469996707	-7.476263681249094e-11
3.935812901869271	-7.420174988135383e-11
3.968027333741835	-7.364941368584166e-11
4.000241765614398	-7.310543648706901e-11
4.032456197486963	-7.256963197947877e-11
4.064670629359527	-7.204181910556151e-11
4.096885061232091	-7.152182187792168e-11
4.129099493104655	-7.100946920835967e-11
4.161313924977219	-7.050459474365506e-11
4.193528356849783	-7.000703670775323e-11
4.225742788722347	-6.951664906742642e-11
4.257957220594911	-6.903325496237329e-11
4.290171652467476	-6.855671703344302e-11
4.32238608434004	-6.80868904855717e-11
4.354600516212604	-6.762363443767072e-11
4.386814948085168	-6.716681179486024e-11
4.419029379957732	-6.671628912556723e-11
4.451243811830296	-6.627193654327726e-11
4.48345824370286	-6.583362759273891e-11
4.515672675575424	-6.540123914043039e-11
4.547887107447989	-6.49746578818236e-11
4.580101539320553	-6.455375310919467e-11
4.612315971193117	-6.41384178058668e-11
4.644530403065681	-6.372854118731327e-11
4.676744834938245	-6.332401532355617e-11
4.708959266810809	-6.292473504989092e-11
4.741173698683373	-6.253059788087734e-11
4.773388130555937	-6.214150392746053e-11
4.805602562428501	-6.175735581709214e-11
4.837816994301066	-6.137805861672744e-11
4.87003142617363	-6.100352370432969e-11
4.902245858046194	-6.063365250722727e-11
4.934460289918758	-6.026836101683214e-11
4.966674721791322	-5.990756338867614e-11
4.998889153663886	-5.955117588537895e-11
5.03110358553645	-5.919911681350601e-11
5.063318017409014	-5.885130646264744e-11
5.095532449281579	-5.850766704662851e-11
5.127746881154143	-5.816812264676635e-11
5.159961313026707	-5.783259915709153e-11
5.192175744899271	-5.750102659599484e-11
5.224390176771835	-5.717332935282089e-11
5.256604608644399	-5.684944087149326e-11
5.288819040516963	-5.652929381404003e-11
5.321033472389527	-5.621282241619772e-11
5.353247904262092	-5.589996244223987e-11
5.385462336134656	-5.559065114133267e-11
5.41767676800722	-5.528482720535881e-11
5.449891199879784	-5.498243072815261e-11
5.482105631752348	-5.468340316609243e-11
5.514320063624912	-5.438768870090419e-11
5.546534495497476	-5.409522845462554e-11
5.57874892737004	-5.380596918239195e-11
5.610963359242604	-5.351985743880057e-11
5.643177791115169	-5.323684096733676e-11
5.675392222987733	-5.295686866770403e-11
5.707606654860297	-5.267989056421513e-11
5.739821086732861	-5.240585777520459e-11
5.772035518605425	-5.2134722483425e-11
5.804249950477989	-5.186643790739055e-11
5.836464382350553	-5.160095907920103e-11
5.868678814223117	-5.133823951242895e-11
5.900893246095682	-5.10782361947083e-11
5.933107677968246	-5.08209062283848e-11
5.96532210984081	-5.056620762407153e-11
5.997536541713374	-5.031409927676948e-11
6.029750973585938	-5.006454094273239e-11
6.061965405458502	-4.981749321704958e-11
6.094179837331066	-4.957291751192089e-11
6.12639426920363	-4.933077603559939e-11
6.158608701076195	-4.909103220919498e-11
6.190823132948759	-4.885364885310311e-11
6.223037564821323	-4.861859089120695e-11
6.255251996693887	-4.8385823523123e-11
6.287466428566451	-4.815531264995412e-11
6.319680860439015	-4.792702485665346e-11
6.351895292311579	-4.770092739491597e-11
6.384109724184143	-4.747698816657912e-11
6.416324156056707	-4.725517570751535e-11
6.448538587929272	-4.703545917199932e-11
6.480753019801836	-4.681780852921626e-11
6.5129674516744	-4.660219368013293e-11
6.545181883546964	-4.638858576149585e-11
6.577396315419528	-4.617695625630037e-11
6.609610747292092	-4.59672771950924e-11
6.641825179164656	-4.575952114281006e-11
6.67403961103722	-4.555366118600257e-11
6.706254042909785	-4.534967092041352e-11
6.738468474782349	-4.514752443891677e-11
6.770682906654913	-4.494719631979363e-11
6.802897338527477	-4.474866169222603e-11
6.835111770400041	-4.455189590983613e-11
6.867326202272605	-4.435687501864611e-11
6.899540634145169	-4.41635754286736e-11
6.931755066017733	-4.39719739817357e-11
6.963969497890298	-4.378204794153184e-11
6.996183929762862	-4.359377498399858e-11
7.028398361635426	-4.340713318792818e-11
7.06061279350799	-4.322210102584215e-11
7.092827225380554	-4.303865735511214e-11
7.125041657253118	-4.285678140904646e-11
7.157256089125682	-4.267645278960453e-11
7.189470520998246	-4.249765145751038e-11
7.22168495287081	-4.23203577254184e-11
7.253899384743375	-4.21445522498816e-11
7.286113816615939	-4.197021602380192e-11
7.318328248488503	-4.179733036907889e-11
7.350542680361067	-4.162587692945055e-11
7.382757112233631	-4.145583766352084e-11
7.414971544106195	-4.128719483796777e-11
7.447185975978759	-4.11199309797322e-11
7.479400407851323	-4.095402903851585e-11
7.511614839723888	-4.078947212412802e-11
7.543829271596452	-4.062624367058212e-11
7.576043703469016	-4.046432738838912e-11
7.60825813534158	-4.030370725875312e-11
7.640472567214144	-4.014436752791267e-11
7.672686999086708	-3.998629270162383e-11
7.704901430959272	-3.982946753978097e-11
7.737115862831836	-3.967387705117083e-11
7.769330294704401	-3.951950642854849e-11
7.801544726576965	-3.936634128889865e-11
7.833759158449529	-3.921436729645221e-11
7.865973590322093	-3.906357040496644e-11
7.898188022194657	-3.89139367925216e-11
7.930402454067221	-3.876545285701442e-11
7.962616885939785	-3.861810521176008e-11
7.994831317812349	-3.847188068119962e-11
8.027045749684913	-3.832676629670978e-11
8.059260181557477	-3.818274929251261e-11
8.091474613430041	-3.8039817036511e-11
8.123689045302605	-3.789795729360186e-11
8.155903477175169	-3.775715781648751e-11
8.188117909047733	-3.76174066110296e-11
8.220332340920297	-3.747869186664909e-11
8.252546772792861	-3.734100195279392e-11
8.284761204665426	-3.720432541548823e-11
8.31697563653799	-3.706865097396073e-11
8.349190068410554	-3.693396751735023e-11
8.381404500283118	-3.680026410148629e-11
8.413618932155682	-3.666752988264536e-11
8.445833364028246	-3.653575437315892e-11
8.47804779590081	-3.64049270460196e-11
8.510262227773374	-3.627503759235376e-11
8.542476659645938	-3.614607585471068e-11
8.574691091518503	-3.601803182426828e-11
8.606905523391067	-3.589089563810024e-11
8.639119955263631	-3.576465757650365e-11
8.671334387136195	-3.563930806038498e-11
8.703548819008759	-3.55148376487035e-11
8.735763250881323	-3.539123697870722e-11
8.767977682753887	-3.526849699822398e-11
8.800192114626451	-3.514660860724831e-11
8.832406546499016	-3.502556289184085e-11
8.86462097837158	-3.490535106392882e-11
8.896835410244144	-3.478596445907557e-11
8.929049842116708	-3.466739453429715e-11
8.961264273989272	-3.454963286592531e-11
8.993478705861836	-3.443267114751537e-11
9.0256931377344	-3.431650118779793e-11
9.057907569606964	-3.420111485877282e-11
9.090122001479529	-3.408650429828325e-11
9.122336433352093	-3.397266159791624e-11
9.154550865224657	-3.385957900691458e-11
9.186765297097221	-3.374724887989311e-11
9.218979728969785	-3.363566367504293e-11
9.251194160842349	-3.35248159523722e-11
9.283408592714913	-3.341469837198268e-11
9.315623024587477	-3.330530369238119e-11
9.347837456460041	-3.319662476882507e-11
9.380051888332606	-3.308865450938538e-11
9.41226632020517	-3.298138604678843e-11
9.444480752077734	-3.287481247388721e-11
9.476695183950298	-3.276892701658883e-11
9.508909615822862	-3.266372298960477e-11
9.541124047695426	-3.25591937949933e-11
9.57333847956799	-3.245533292073048e-11
9.605552911440554	-3.235213393930915e-11
9.637767343313119	-3.224959050636511e-11
9.669981775185683	-3.214769635933011e-11
9.702196207058247	-3.204644528089302e-11
9.734410638930811	-3.194583124203139e-11
9.766625070803375	-3.184584818192299e-11
9.798839502675939	-3.17464901518446e-11
9.831053934548503	-3.164775127838142e-11
9.863268366421067	-3.15496257622348e-11
9.895482798293632	-3.145210787705257e-11
9.927697230166196	-3.135519196828147e-11
9.95991166203876	-3.125887245204103e-11
9.992126093911324	-3.116314381401858e-11
10.02434052578389	-3.106800057946566e-11
10.05655495765645	-3.097343743063868e-11
10.08876938952902	-3.08794490261051e-11
10.12098382140158	-3.078603011886917e-11
10.15319825327414	-3.069317552616973e-11
10.18541268514671	-3.060088012849797e-11
10.21762711701927	-3.0509138868633e-11
10.24984154889184	-3.041794675069528e-11
10.2820559807644	-3.032729883921679e-11
10.31427041263697	-3.023719025822837e-11
10.34648484450953	-3.014761616682577e-11
10.37869927638209	-3.005857185473368e-11
10.41091370825466	-2.997005259524916e-11
10.44312814012722	-2.988205374134342e-11
10.47534257199979	-2.979457070107328e-11
10.50755700387235	-2.970759893676648e-11
10.53977143574491	-2.962113396422123e-11
10.57198586761748	-2.953517135191995e-11
10.60420029949004	-2.944970672025667e-11
10.63641473136261	-2.9364735740778e-11
10.66862916323517	-2.928025411637825e-11
10.70084359510773	-2.91962576586547e-11
10.7330580269803	-2.911274216883078e-11
10.76527245885286	-2.902970351553187e-11
10.79748689072543	-2.894713761486137e-11
10.82970132259799	-2.886504042972048e-11
10.86191575447056	-2.878340796913974e-11
10.89413018634312	-2.870223628762177e-11
10.92634461821568	-2.86215214844953e-11
10.95855905008825	-2.854125970328002e-11
10.99077348196081	-2.846144711569728e-11
11.02298791383338	-2.838207998400491e-11
11.05520234570594	-2.830315456499144e-11
11.0874167775785	-2.822466717263927e-11
11.11963120945107	-2.814661416204425e-11
11.15184564132363	-2.806899192884447e-11
11.1840600731962	-2.799179690865852e-11
11.21627450506876	-2.791502557653308e-11
11.24848893694132	-2.783867444639948e-11
11.28070336881389	-2.776274007053929e-11
11.31291780068645	-2.768721902665152e-11
11.34513223255902	-2.76121079681626e-11
11.37734666443158	-2.753740354669246e-11
11.40956109630415	-2.746310246262158e-11
11.44177552817671	-2.738920145208862e-11
11.47398996004927	-2.731569728650808e-11
11.50620439192184	-2.724258677209574e-11
11.5384188237944	-2.716986674940163e-11
11.57063325566697	-2.709753409285061e-11
11.60284768753953	-2.702558571029008e-11
11.63506211941209	-2.695401853254197e-11
11.66727655128466	-2.688282955394086e-11
11.69949098315722	-2.681201576981091e-11
11.73170541502979	-2.674157421720523e-11
11.76391984690235	-2.667150196440508e-11
11.79613427877491	-2.660179611051034e-11
11.82834871064748	-2.653245378503662e-11
11.86056314252004	-2.646347214751836e-11
11.89277757439261	-2.63948483871184e-11
11.92499200626517	-2.632657972224329e-11
11.95720643813774	-2.625866339207438e-11
11.9894208700103	-2.619109668933459e-11
12.02163530188286	-2.612387690970744e-11
12.05384973375543	-2.605700138476247e-11
12.08606416562799	-2.599046747344588e-11
12.11827859750056	-2.592427256173132e-11
12.15049302937312	-2.585841406227603e-11
12.18270746124568	-2.579288941408212e-11
12.21492189311825	-2.572769608216297e-11
12.24713632499081	-2.566283155721472e-11
12.27935075686338	-2.559829334870096e-11
12.31156518873594	-2.553407901153309e-11
12.3437796206085	-2.547018610484911e-11
12.37599405248107	-2.540661221881997e-11
12.40820848435363	-2.534335496770325e-11
12.4404229162262	-2.5280411989544e-11
12.47263734809876	-2.521778094587994e-11
12.50485177997133	-2.515545952145112e-11
12.53706621184389	-2.509344542391363e-11
12.56928064371645	-2.503173638355778e-11
12.60149507558902	-2.497033014768347e-11
12.63370950746158	-2.490922450222524e-11
12.66592393933415	-2.484841723830488e-11
12.69813837120671	-2.478790617395623e-11
12.73035280307927	-2.47276891484771e-11
12.76256723495184	-2.466776402217182e-11
12.7947816668244	-2.460812867609761e-11
12.82699609869697	-2.454878101181435e-11
12.85921053056953	-2.448971895113819e-11
12.89142496244209	-2.44309404358985e-11
12.92363939431466	-2.437244342322858e-11
12.95585382618722	-2.431422590363606e-11
12.98806825805979	-2.425628587303648e-11
13.02028268993235	-2.419862135090512e-11
13.05249712180492	-2.414123037554894e-11
13.08471155367748	-2.408411100388422e-11
13.11692598555004	-2.40272613112173e-11
13.14914041742261	-2.397067939102834e-11
13.18135484929517	-2.391436335475827e-11
13.21356928116774	-2.385831133159848e-11
13.2457837130403	-2.380252146472433e-11
13.27799814491286	-2.374699192566742e-11
13.31021257678543	-2.369172089203209e-11
13.34242700865799	-2.363670656193131e-11
13.37464144053056	-2.35819471502065e-11
13.40685587240312	-2.352744088823476e-11
13.43907030427568	-2.347318602373861e-11
13.47128473614825	-2.341918082059843e-11
13.50349916802081	-2.336542355866745e-11
13.53571359989338	-2.331191253358914e-11
13.56792803176594	-2.325864605349297e-11
13.60014246363851	-2.320562245161162e-11
13.63235689551107	-2.315284006672394e-11
13.66457132738363	-2.310029725582674e-11
13.6967857592562	-2.304799239081858e-11
13.72900019112876	-2.29959238583321e-11
13.76121462300133	-2.294409005956843e-11
13.79342905487389	-2.289248941013382e-11
13.82564348674645	-2.284112033987858e-11
13.85785791861902	-2.278998129273798e-11
13.89007235049158	-2.273907072412218e-11
13.92228678236415	-2.268838711080756e-11
13.95450121423671	-2.263792893556658e-11
13.98671564610927	-2.258769469710125e-11
14.01893007798184	-2.253768290742485e-11
14.0511445098544	-2.248789209171537e-11
14.08335894172697	-2.2438320788171e-11
14.11557337359953	-2.238896754786741e-11
14.1477878054721	-2.233983093461687e-11
14.18000223734466	-2.229090952482931e-11
14.21221666921722	-2.22422019051128e-11
14.24443110108979	-2.219370668140204e-11
14.27664553296235	-2.214542246479287e-11
14.30885996483492	-2.209734788070845e-11
14.34107439670748	-2.204948156649209e-11
14.37328882858004	-2.200182217127896e-11
14.40550326045261	-2.195436835586945e-11
14.43771769232517	-2.190711879260409e-11
14.46993212419774	-2.186007216524013e-11
14.5021465560703	-2.181322716882975e-11
14.53436098794286	-2.176658250797187e-11
14.56657541981543	-2.172013690335866e-11
14.59878985168799	-2.167388908156298e-11
14.63100428356056	-2.162783778161189e-11
14.66321871543312	-2.158198175323421e-11
14.69543314730569	-2.153631975674782e-11
14.72764757917825	-2.149085056294837e-11
14.75986201105081	-2.144557295299932e-11
14.79207644292338	-2.140048571832342e-11
14.82429087479594	-2.135558766049551e-11
14.85650530666851	-2.13108775893444e-11
14.88871973854107	-2.126635433018701e-11
14.92093417041363	-2.122201671261024e-11
14.9531486022862	-2.117786357773363e-11
14.98536303415876	-2.113389377630525e-11
15.01757746603133	-2.10901061686025e-11
15.04979189790389	-2.104649962433397e-11
15.08200632977645	-2.100307302254265e-11
15.11422076164902	-2.095982525151024e-11
15.14643519352158	-2.091675520866263e-11
15.17864962539415	-2.08738617992263e-11
15.21086405726671	-2.083114394125538e-11
15.24307848913928	-2.078860055778736e-11
15.27529292101184	-2.074623058189011e-11
15.3075073528844	-2.070403295531509e-11
15.33972178475697	-2.066200662840965e-11
15.37193621662953	-2.062015056003041e-11
15.4041506485021	-2.057846371745763e-11
15.43636508037466	-2.053694507631065e-11
15.46857951224722	-2.049559362046427e-11
15.50079394411979	-2.04544083408747e-11
15.53300837599235	-2.04133882399671e-11
15.56522280786492	-2.037253232478665e-11
15.59743723973748	-2.033183961140316e-11
15.62965167161004	-2.029130912373436e-11
15.66186610348261	-2.025093989346819e-11
15.69408053535517	-2.021073095998611e-11
15.72629496722774	-2.017068137028717e-11
15.7585093991003	-2.013079017891306e-11
15.79072383097287	-2.009105644787405e-11
15.82293826284543	-2.005147924549272e-11
15.85515269471799	-2.001205765076572e-11
15.88736712659056	-1.997279074657727e-11
15.91958155846312	-1.993367762407722e-11
15.95179599033569	-1.989471738152192e-11
15.98401042220825	-1.98559091242053e-11
16.01622485408081	-1.981725196439061e-11
16.04843928595338	-1.977874502124318e-11
16.08065371782594	-1.974038742076375e-11
16.11286814969851	-1.970217829572265e-11
16.14508258157107	-1.966411678495983e-11
16.17729701344363	-1.962620203591994e-11
16.2095114453162	-1.958843320065231e-11
16.24172587718876	-1.955080943835591e-11
16.27394030906133	-1.951332991467875e-11
16.30615474093389	-1.947599380165641e-11
16.33836917280646	-1.943880027765139e-11
16.37058360467902	-1.940174852729311e-11
16.40279803655158	-1.936483774141857e-11
16.43501246842415	-1.932806711701367e-11
16.46722690029671	-1.929143585574348e-11
16.49944133216928	-1.925494316967479e-11
16.53165576404184	-1.921858827246688e-11
16.5638701959144	-1.918237038511378e-11
16.59608462778697	-1.914628873446917e-11
16.62829905965953	-1.911034255319171e-11
16.6605134915321	-1.907453107969099e-11
16.69272792340466	-1.903885355807404e-11
16.72494235527722	-1.900330923809246e-11
16.75715678714979	-1.896789737509009e-11
16.78937121902235	-1.89326172299947e-11
16.82158565089492	-1.889746806908935e-11
16.85380008276748	-1.886244916423049e-11
16.88601451464005	-1.882755979261991e-11
16.91822894651261	-1.879279923679887e-11
16.95044337838517	-1.87581667845991e-11
16.98265781025774	-1.872366172909444e-11
17.0148722421303	-1.868928336855286e-11
17.04708667400287	-1.865503100638914e-11
17.07930110587543	-1.862090395111801e-11
17.11151553774799	-1.858690151435315e-11
17.14372996962056	-1.855302301876343e-11
17.17594440149312	-1.851926778591072e-11
17.20815883336569	-1.848563514423163e-11
17.24037326523825	-1.845212442702806e-11
17.27258769711081	-1.841873497242339e-11
17.30480212898338	-1.838546612331937e-11
17.33701656085594	-1.835231722735325e-11
17.36923099272851	-1.831928763685554e-11
17.40144542460107	-1.828637670880809e-11
17.43365985647364	-1.825358380745317e-11
17.4658742883462	-1.822090829340169e-11
17.49808872021876	-1.818834954002275e-11
17.53030315209133	-1.815590692251981e-11
17.56251758396389	-1.812357982055555e-11
17.59473201583646	-1.809136761821231e-11
17.62694644770902	-1.805926970395292e-11
17.65916087958158	-1.802728547058192e-11
17.69137531145415	-1.799541431520728e-11
17.72358974332671	-1.796365563920242e-11
17.75580417519928	-1.793200884328845e-11
17.78801860707184	-1.790047334747566e-11
17.82023303894441	-1.786904856077644e-11
17.85244747081697	-1.783773390120676e-11
17.88466190268953	-1.780652879084454e-11
17.9168763345621	-1.777543265579463e-11
17.94909076643466	-1.774444492615401e-11
17.98130519830723	-1.771356503597746e-11
18.01351963017979	-1.768279242324349e-11
18.04573406205235	-1.765212652982069e-11
18.07794849392492	-1.762156680437795e-11
18.11016292579748	-1.759111269030134e-11
18.14237735767005	-1.756076364390643e-11
18.17459178954261	-1.753051912232079e-11
18.20680622141517	-1.750037858641062e-11
18.23902065328774	-1.747034150074872e-11
18.2712350851603	-1.744040733358281e-11
18.30344951703287	-1.741057555680417e-11
18.33566394890543	-1.738084564591666e-11
18.367878380778	-1.735121708000598e-11
18.40009281265056	-1.732168934138576e-11
18.43230724452312	-1.729226191689172e-11
18.46452167639569	-1.726293429584689e-11
18.49673610826825	-1.723370597136013e-11
18.52895054014082	-1.720457643997189e-11
18.56116497201338	-1.717554520162524e-11
18.59337940388594	-1.714661175963739e-11
18.62559383575851	-1.711777562067132e-11
18.65780826763107	-1.708903629470777e-11
18.69002269950364	-1.706039329501758e-11
18.7222371313762	-1.70318461318536e-11
18.75445156324876	-1.700339433813259e-11
18.78666599512133	-1.697503743048531e-11
18.81888042699389	-1.694677493500978e-11
18.85109485886646	-1.691860638093403e-11
18.88330929073902	-1.689053130059059e-11
18.91552372261159	-1.686254922939125e-11
18.94773815448415	-1.683465970580209e-11
18.97995258635671	-1.680686227131862e-11
19.01216701822928	-1.677915647044134e-11
19.04438145010184	-1.675154186262098e-11
19.07659588197441	-1.672401797323629e-11
19.10881031384697	-1.669658436775485e-11
19.14102474571953	-1.666924060257304e-11
19.1732391775921	-1.66419862370214e-11
19.20545360946466	-1.661482083334027e-11
19.23766804133723	-1.658774395665563e-11
19.26988247320979	-1.656075517495518e-11
19.30209690508235	-1.653385405906472e-11
19.33431133695492	-1.650704018262465e-11
19.36652576882748	-1.648031310650957e-11
19.39874020070005	-1.645367244248694e-11
19.43095463257261	-1.642711775678391e-11
19.46316906444518	-1.640064863391876e-11
19.49538349631774	-1.637426466104761e-11
19.5275979281903	-1.634796542794385e-11
19.55981236006287	-1.632175052697781e-11
19.59202679193543	-1.629561955309659e-11
19.624241223808	-1.626957210380405e-11
19.65645565568056	-1.624360777914103e-11
19.68867008755312	-1.621772619102525e-11
19.72088451942569	-1.619192692492183e-11
19.75309895129825	-1.616620959781958e-11
19.78531338317082	-1.61405738198032e-11
19.81752781504338	-1.611501920343607e-11
19.84974224691594	-1.608954536374068e-11
19.88195667878851	-1.606415191817916e-11
19.91417111066107	-1.603883848663401e-11
19.94638554253364	-1.601360469138907e-11
19.9785999744062	-1.598845015711057e-11
20.01081440627877	-1.596337451908817e-11
20.04302883815133	-1.593837738940398e-11
20.07524327002389	-1.591345840810857e-11
20.10745770189646	-1.588861720929306e-11
20.13967213376902	-1.586385342937248e-11
20.17188656564159	-1.583916670706701e-11
20.20410099751415	-1.581455668338346e-11
20.23631542938671	-1.57900230015969e-11
20.26852986125928	-1.576556530723248e-11
20.30074429313184	-1.57411832480474e-11
20.33295872500441	-1.571687645549597e-11
20.36517315687697	-1.569264462050647e-11
20.39738758874953	-1.566848737872055e-11
20.4296020206221	-1.564440438646805e-11
20.46181645249466	-1.562039530214814e-11
20.49403088436723	-1.559645978621411e-11
20.52624531623979	-1.557259750115823e-11
20.55845974811236	-1.554880811149684e-11
20.59067417998492	-1.552509128375548e-11
20.62288861185748	-1.550144668645419e-11
20.65510304373005	-1.54778739899605e-11
20.68731747560261	-1.545437286701691e-11
20.71953190747518	-1.543094299190629e-11
20.75174633934774	-1.540758404098087e-11
20.7839607712203	-1.53842956925151e-11
20.81617520309287	-1.536107762669179e-11
20.84838963496543	-1.533792952558824e-11
20.880604066838	-1.53148510731625e-11
20.91281849871056	-1.529184195523981e-11
20.94503293058312	-1.526890185949907e-11
20.97724736245569	-1.524603048404556e-11
21.00946179432825	-1.522322750225657e-11
21.04167622620082	-1.520049261596082e-11
21.07389065807338	-1.517782552020154e-11
21.10610508994595	-1.515522591184495e-11
21.13831952181851	-1.51326934895668e-11
21.17053395369107	-1.511022795383889e-11
21.20274838556364	-1.508782900691575e-11
21.2349628174362	-1.506549635282142e-11
21.26717724930877	-1.504322969733641e-11
21.29939168118133	-1.502102876848933e-11
21.33160611305389	-1.499889323260009e-11
21.36382054492646	-1.497682282137394e-11
21.39603497679902	-1.495481724769019e-11
21.42824940867159	-1.493287622620331e-11
21.46046384054415	-1.491099947332832e-11
21.49267827241671	-1.488918670722621e-11
21.52489270428928	-1.486743764778965e-11
21.55710713616184	-1.484575201662872e-11
21.58932156803441	-1.482412953705689e-11
21.62153599990697	-1.480256992704976e-11
21.65375043177954	-1.478107292800344e-11
21.6859648636521	-1.475963826114895e-11
21.71817929552466	-1.473826565640573e-11
21.75039372739723	-1.471695484530036e-11
21.78260815926979	-1.469570556095422e-11
21.81482259114236	-1.467451753807116e-11
21.84703702301492	-1.465339051292543e-11
21.87925145488748	-1.46323242233496e-11
21.91146588676005	-1.461131840872268e-11
21.94368031863261	-1.459037273463436e-11
21.97589475050518	-1.456948710097504e-11
22.00810918237774	-1.454866117590057e-11
22.0403236142503	-1.45278947041838e-11
22.07253804612287	-1.450718743176738e-11
22.10475247799543	-1.448653910575475e-11
22.136966909868	-1.446594947440119e-11
22.16918134174056	-1.444541828710481e-11
22.20139577361313	-1.442494529439772e-11
22.23361020548569	-1.440453024793709e-11
22.26582463735825	-1.438417309092434e-11
22.29803906923082	-1.436387317830003e-11
22.33025350110338	-1.434363045787918e-11
22.36246793297595	-1.432344468764564e-11
22.39468236484851	-1.43033156274149e-11
22.42689679672107	-1.428324303880161e-11
22.45911122859364	-1.42632266851883e-11
22.4913256604662	-1.424326633169505e-11
22.52354009233877	-1.422336174515011e-11
22.55575452421133	-1.420351269406143e-11
22.58796895608389	-1.418371872510347e-11
22.62018338795646	-1.416398007703851e-11
22.65239781982902	-1.414429629862085e-11
22.68461225170159	-1.412466716287046e-11
22.71682668357415	-1.41050924434093e-11
22.74904111544672	-1.408557191443634e-11
22.78125554731928	-1.406610535070151e-11
22.81346997919184	-1.40466925274788e-11
22.84568441106441	-1.402733322053813e-11
22.87789884293697	-1.400802720611617e-11
22.91011327480954	-1.398877474843119e-11
22.9423277066821	-1.396957460281458e-11
22.97454213855466	-1.395042704099645e-11
23.00675657042723	-1.393133184566878e-11
23.03897100229979	-1.391228880168831e-11
23.07118543417236	-1.389329769598981e-11
23.10339986604492	-1.387435831750569e-11
23.13561429791748	-1.385547045709129e-11
23.16782872979005	-1.383663390745546e-11
23.20004316166261	-1.381784846309589e-11
23.23225759353518	-1.379911378439889e-11
23.26447202540774	-1.37804299549668e-11
23.29668645728031	-1.376179663517912e-11
23.32890088915287	-1.374321362450805e-11
23.36111532102543	-1.372468072349181e-11
23.393329752898	-1.370619773372742e-11
23.42554418477056	-1.368776445786368e-11
23.45775861664313	-1.366938069959407e-11
23.48997304851569	-1.36510462636498e-11
23.52218748038825	-1.363276095579288e-11
23.55440191226082	-1.361452438082109e-11
23.58661634413338	-1.359633676605549e-11
23.61883077600595	-1.357819772073946e-11
23.65104520787851	-1.356010705362556e-11
23.68325963975107	-1.354206457349609e-11
23.71547407162364	-1.352407008908528e-11
23.7476885034962	-1.350612340899345e-11
23.77990293536877	-1.348822434159192e-11
23.81211736724133	-1.347037269491751e-11
23.8443317991139	-1.345256827655524e-11
23.87654623098646	-1.343481239170272e-11
23.90876066285902	-1.341710168348748e-11
23.94097509473159	-1.339943751104759e-11
23.97318952660415	-1.338181969683169e-11
24.00540395847672	-1.336424806556972e-11
24.03761839034928	-1.334672244399734e-11
24.06983282222184	-1.332924266063635e-11
24.10204725409441	-1.331180854561812e-11
24.13426168596697	-1.329441993054023e-11
24.16647611783954	-1.327707664834931e-11
24.1986905497121	-1.325977829446949e-11
24.23090498158466	-1.32425252024493e-11
24.26311941345723	-1.32253169694338e-11
24.29533384532979	-1.320815343142033e-11
24.32754827720236	-1.319103442456016e-11
24.35976270907492	-1.317395978503619e-11
24.39197714094749	-1.31569293489097e-11
24.42419157282005	-1.313994295192605e-11
24.45640600469261	-1.312300042926587e-11
24.48862043656518	-1.310610161522233e-11
24.52083486843774	-1.30892614554967e-11
24.55304930031031	-1.307244506907746e-11
24.58526373218287	-1.305567291482216e-11
24.61747816405543	-1.303894422386001e-11
24.649692595928	-1.302225859428457e-11
24.68190702780056	-1.300561575462408e-11
24.71412145967313	-1.298901548962621e-11
24.74633589154569	-1.297245761174326e-11
24.77855032341825	-1.295594194854063e-11
24.81076475529082	-1.293946833653703e-11
24.84297918716338	-1.292302804610513e-11
24.87519361903595	-1.290664211675263e-11
24.90740805090851	-1.289029577097687e-11
24.93962248278108	-1.287399009350437e-11
24.97183691465364	-1.285772530333009e-11
25.0040513465262	-1.284150140271443e-11
25.03626577839877	-1.282531831879104e-11
25.06848021027133	-1.280917594722578e-11
25.1006946421439	-1.279307416879714e-11
25.13290907401646	-1.277701285665531e-11
25.16512350588902	-1.276099099400665e-11
25.19733793776159	-1.274501034978791e-11
25.22955236963415	-1.272906982216999e-11
25.26176680150672	-1.271316926301308e-11
25.29398123337928	-1.2697308524104e-11
25.32619566525184	-1.268148745708389e-11
25.35841009712441	-1.266570591336733e-11
25.39062452899697	-1.264996374405157e-11
25.42283896086954	-1.263426079981452e-11
25.4550533927421	-1.261859693079949e-11
25.48726782461467	-1.260297197411807e-11
25.51948225648723	-1.258738580376485e-11
25.55169668835979	-1.257183825567199e-11
25.58391112023236	-1.255632917639711e-11
25.61612555210492	-1.254085841104074e-11
25.64833998397749	-1.252542580297609e-11
25.68055441585005	-1.25100311935356e-11
25.71276884772261	-1.24946744216458e-11
25.74498327959518	-1.247935532340017e-11
25.77719771146774	-1.246407373155727e-11
25.80941214334031	-1.244862918024944e-11
25.84162657521287	-1.243370138023486e-11
25.87384100708543	-1.241847945549997e-11
25.906055438958	-1.240333061287092e-11
25.93826987083056	-1.238822535192628e-11
25.97048430270313	-1.237315915505214e-11
26.00269873457569	-1.235813058768257e-11
26.03491316644826	-1.234313899919365e-11
26.06712759832082	-1.232818401442682e-11
26.09934203019338	-1.231326537573163e-11
26.13155646206595	-1.229838683569188e-11
26.16377089393851	-1.228353962443211e-11
26.19598532581108	-1.226872808036064e-11
26.22819975768364	-1.225395212688694e-11
26.2604141895562	-1.223921168761115e-11
26.29262862142877	-1.222450668632365e-11
26.32484305330133	-1.22098370470047e-11
26.3570574851739	-1.219520269382393e-11
26.38927191704646	-1.218060355113999e-11
26.42148634891903	-1.216603954350009e-11
26.45370078079159	-1.215151283088293e-11
26.48591521266415	-1.213701879309139e-11
26.51812964453672	-1.212255944198852e-11
26.55034407640928	-1.210813467923418e-11
26.58255850828185	-1.209374441169833e-11
26.61477294015441	-1.207938855345301e-11
26.64698737202697	-1.206506702886318e-11
26.67920180389954	-1.205077977755461e-11
26.7114162357721	-1.203652676273645e-11
26.74363066764467	-1.202230798585587e-11
26.77584509951723	-1.200812766810578e-11
26.80805953138979	-1.199397854821463e-11
26.84027396326236	-1.197986411895841e-11
26.87248839513492	-1.19657848853077e-11
26.90470282700749	-1.195174191051162e-11
26.93691725888005	-1.193773763472137e-11
26.96913169075262	-1.192377873413698e-11
27.00134612262518	-1.190989117177152e-11
27.03356055449774	-1.189635706926858e-11
27.06577498637031	-1.188155447229335e-11
27.09798941824287	-1.186810910593869e-11
27.13020385011544	-1.185427865594353e-11
27.162418281988	-1.184047807754861e-11
27.19463271386056	-1.182670600064147e-11
27.22684714573313	-1.181295960237251e-11
27.25906157760569	-1.179923169614388e-11
27.29127600947826	-1.178549614484782e-11
27.32349044135082	-1.177151679491245e-11
27.35570487322338	-1.175893066953772e-11
27.38791930509595	-1.174502096140306e-11
27.42013373696851	-1.173124958740987e-11
27.45234816884108	-1.171774934847738e-11
27.48456260071364	-1.170428343139746e-11
27.51677703258621	-1.169085330742963e-11
27.54899146445877	-1.167746216910898e-11
27.58120589633133	-1.166411816354642e-11
27.6134203282039	-1.165084930438659e-11
27.64563476007646	-1.163785371453971e-11
27.67784919194903	-1.162298965487099e-11
27.71006362382159	-1.161051374840255e-11
27.74227805569415	-1.159761830949446e-11
27.77449248756672	-1.158440756908521e-11
27.80670691943928	-1.157122394705145e-11
27.83892135131185	-1.15580664942007e-11
27.87113578318441	-1.154493368018131e-11
27.90335021505697	-1.153182280330941e-11
27.93556464692954	-1.151872849855442e-11
27.9677790788021	-1.150563818649425e-11
27.99999351067467	-1.149251334782749e-11
28.03220794254723	-1.147914952448361e-11
28.0644223744198	-1.146689856311575e-11
28.09663680629236	-1.145400925210417e-11
28.12885123816492	-1.144115571388265e-11
28.16106567003749	-1.142834153106089e-11
28.19328010191005	-1.141557436049061e-11
28.22549453378262	-1.140287372837827e-11
28.25770896565518	-1.139030782010217e-11
28.28992339752774	-1.137839032095522e-11
28.32213782940031	-1.136232346404334e-11
28.35435226127287	-1.135114636178554e-11
28.38656669314544	-1.13393208716766e-11
28.418781125018	-1.132669398572861e-11
28.45099555689056	-1.131408709323925e-11
28.48320998876313	-1.130149088071831e-11
28.51542442063569	-1.1288864449724e-11
28.54763885250826	-1.127520500093595e-11
28.57985328438082	-1.126434071213537e-11
28.61206771625339	-1.125173311210065e-11
28.64428214812595	-1.123925786885061e-11
28.67649657999851	-1.122683177484966e-11
28.70871101187108	-1.121403186653949e-11
28.74092544374364	-1.120168875253189e-11
28.77313987561621	-1.118937797434758e-11
28.80535430748877	-1.11771048957313e-11
28.83756873936133	-1.116490561473259e-11
28.8697831712339	-1.115231595676655e-11
28.90199760310646	-1.114031143068416e-11
28.93421203497903	-1.112816298215323e-11
28.96642646685159	-1.111602799409647e-11
28.99864089872415	-1.110391699721473e-11
29.03085533059672	-1.109263130696714e-11
29.06306976246928	-1.108143400090987e-11
29.09528419434185	-1.106613225043991e-11
29.12749862621441	-1.105546841914847e-11
29.15971305808698	-1.104371863776878e-11
29.19192748995954	-1.103185874948597e-11
29.2241419218321	-1.10199808808919e-11
29.25635635370467	-1.100810907971305e-11
29.28857078557723	-1.099625235795149e-11
29.3207852174498	-1.098441482759724e-11
29.35299964932236	-1.097253081810345e-11
29.38521408119492	-1.09607510645593e-11
29.41742851306749	-1.094899596176511e-11
29.44964294494005	-1.093726489331143e-11
29.48185737681262	-1.09255572938316e-11
29.51407180868518	-1.091387264361648e-11
29.54628624055774	-1.090221046389744e-11
29.57850067243031	-1.089057031270295e-11
29.61071510430287	-1.08789517812089e-11
29.64292953617544	-1.086735449051533e-11
29.675143968048	-1.085576888103643e-11
29.70735839992057	-1.084421391702919e-11
29.73957283179313	-1.083267996372986e-11
29.77178726366569	-1.082116664691721e-11
29.80400169553826	-1.080967357619956e-11
29.83621612741082	-1.079820034377092e-11
29.86843055928339	-1.078674652305388e-11
29.90064499115595	-1.077531166721689e-11
29.93285942302851	-1.076389530755224e-11
29.96507385490108	-1.075249695169912e-11
29.99728828677364	-1.074109829826953e-11
30.02950271864621	-1.072973483579443e-11
30.06171715051877	-1.071838955899929e-11
30.09393158239133	-1.070706208314698e-11
30.1261460142639	-1.069575193708267e-11
30.15836044613646	-1.068445853362543e-11
30.19057487800903	-1.067318112691303e-11
30.22278930988159	-1.066191874946128e-11
30.25500374175416	-1.065067011671369e-11
30.28721817362672	-1.063943347764575e-11
30.31943260549928	-1.062842393750811e-11
30.35164703737185	-1.061724945464145e-11
30.38386146924441	-1.060606523997339e-11
30.41607590111698	-1.059483838178653e-11
30.44829033298954	-1.058347281184433e-11
30.4805047648621	-1.057151688893951e-11
30.51271919673467	-1.053591552259035e-11
30.54493362860723	-1.055384322108151e-11
30.5771480604798	-1.054170151285125e-11
30.60936249235236	-1.053040682225855e-11
30.64157692422492	-1.051832311812811e-11
30.67379135609749	-1.050762927672976e-11
30.70600578797005	-1.049695264690905e-11
30.73822021984262	-1.048628934205858e-11
30.77043465171518	-1.04756356638432e-11
30.80264908358775	-1.046498808777759e-11
30.83486351546031	-1.045434325003348e-11
30.86707794733287	-1.044369793535382e-11
30.89929237920544	-1.043304906596582e-11
30.931506811078	-1.042239369139579e-11
30.96372124295057	-1.041153108192941e-11
30.99593567482313	-1.040086119332512e-11
31.02815010669569	-1.039019610239466e-11
31.06036453856826	-1.037953542565281e-11
31.09257897044082	-1.036887864260095e-11
31.12479340231339	-1.035822502851801e-11
31.15700783418595	-1.034757354338586e-11
31.18922226605851	-1.033692263947065e-11
31.22143669793108	-1.032626990839808e-11
31.25365112980364	-1.031561138629981e-11
31.28586556167621	-1.030236834906729e-11
31.31807999354877	-1.029161365088072e-11
31.35029442542134	-1.028093467272946e-11
31.3825088572939	-1.027032595067523e-11
31.41472328916646	-1.025978347817163e-11
31.44693772103903	-1.024930421914511e-11
31.47915215291159	-1.023888580450054e-11
31.51136658478416	-1.022852633619407e-11
31.54358101665672	-1.021822425686924e-11
31.57579544852928	-1.020797826080741e-11
31.60800988040185	-1.019778723167914e-11
31.64022431227441	-1.018765019813136e-11
31.67243874414698	-1.01775663015165e-11
31.70465317601954	-1.016753477205643e-11
31.7368676078921	-1.015755491097361e-11
31.76908203976467	-1.014762607691386e-11
31.80129647163723	-1.013774767550218e-11
31.8335109035098	-1.01279191512172e-11
31.86572533538236	-1.011813998100331e-11
31.89793976725493	-1.01084096692e-11
31.93015419912749	-1.009872774348044e-11
31.96236863100005	-1.008909375157101e-11
31.99458306287262	-1.007950725858065e-11
32.02679749474518	-1.006996784481047e-11
32.05901192661774	-1.006047510394465e-11
32.0912263584903	-1.005102864154629e-11
32.12344079036286	-1.004162807379887e-11
32.15565522223542	-1.003227302644697e-11
32.18786965410798	-1.002296313389929e-11
32.22008408598055	-1.001369803846516e-11
