0
1000	1.0219978922	100000000000000.1
5	0	0	1
5	0	0	0
0.03786664528905326	1.60412962627226e-08
0.07008107716161713	4.826800568294932e-08
0.102295509034181	8.069460411182753e-08
0.1345099409067449	1.133305316087101e-07
0.1667243727793087	1.461854132259383e-07
0.1989388046518726	1.792690614002266e-07
0.2311532365244365	2.125914787407022e-07
0.2633676683970003	2.461628612016038e-07
0.2955821002695642	2.799936016285774e-07
0.3277965321421281	3.140942936684474e-07
0.360010964014692	3.484757360332559e-07
0.3922253958872559	3.831489371102648e-07
0.4244398277598198	4.181251199105071e-07
0.4566542596323837	4.534157273493316e-07
0.4888686915049476	4.890324278532341e-07
0.5210831233775115	5.249871212880923e-07
0.5532975552500754	5.612919452047174e-07
0.5855119871226393	5.979592813984152e-07
0.6177264189952032	6.350017627800088e-07
0.6499408508677671	6.724322805565e-07
0.682155282740331	7.102639917202694e-07
0.7143697146128949	7.485103268463941e-07
0.7465841464854588	7.871849981983398e-07
0.7787985783580227	8.263020081429406e-07
0.8110130102305866	8.658756578762004e-07
0.8432274421031505	9.059205564620703e-07
0.8754418739757144	9.464516301869737e-07
0.9076563058482783	9.874841322334017e-07
0.9398707377208422	1.029033652676511e-06
0.9720851695934061	1.07111612880818e-06
1.00429960146597	1.11374777970455e-06
1.036514033338534	1.156945221481177e-06
1.068728465211098	1.200725714294838e-06
1.100942897083662	1.245106633140052e-06
1.133157328956226	1.290105741326756e-06
1.165371760828789	1.335741440903559e-06
1.197586192701353	1.382032494809046e-06
1.229800624573917	1.428997785190261e-06
1.262015056446481	1.476657049904785e-06
1.294229488319045	1.52503036138385e-06
1.326443920191609	1.574138022927047e-06
1.358658352064173	1.624001215986453e-06
1.390872783936737	1.674641406255071e-06
1.423087215809301	1.726080750802888e-06
1.455301647681865	1.778342004995826e-06
1.487516079554428	1.831447824223796e-06
1.519730511426992	1.885422534759342e-06
1.551944943299556	1.940289929046099e-06
1.58415937517212	1.996075261919417e-06
1.616373807044684	2.05280378021496e-06
1.648588238917248	2.110501738745655e-06
1.680802670789812	2.169195980084225e-06
1.713017102662376	2.228913853650474e-06
1.74523153453494	2.289683892194552e-06
1.777445966407504	2.351534566785032e-06
1.809660398280067	2.414496009073516e-06
1.841874830152631	2.478598315104213e-06
1.874089262025195	2.543872556847796e-06
1.906303693897759	2.610351150460611e-06
1.938518125770323	2.678066393778317e-06
1.970732557642887	2.747052150205573e-06
2.002946989515451	2.817342895799136e-06
2.035161421388014	2.888973883137177e-06
2.067375853260578	2.961981647946145e-06
2.099590285133142	3.036403406833975e-06
2.131804717005705	3.112277595637991e-06
2.164019148878269	3.189643731990984e-06
2.196233580750833	3.268541239510883e-06
2.228448012623396	3.349011951951285e-06
2.26066244449596	3.431098817412383e-06
2.292876876368524	3.514843531107443e-06
2.325091308241087	3.600292898933731e-06
2.357305740113651	3.687491923102337e-06
2.389520171986215	3.776487681688098e-06
2.421734603858778	3.867329477798014e-06
2.453949035731342	3.960066284853673e-06
2.486163467603906	4.054749235187994e-06
2.518377899476469	4.151430931625088e-06
2.550592331349033	4.250164520312248e-06
2.582806763221597	4.351005647127389e-06
2.61502119509416	4.454010671581452e-06
2.647235626966724	4.559239785329236e-06
2.679450058839288	4.666748944692083e-06
2.711664490711851	4.776602246647784e-06
2.743878922584415	4.888862370601986e-06
2.776093354456979	5.003593312902183e-06
2.808307786329542	5.120863622536944e-06
2.840522218202106	5.240739485810091e-06
2.87273665007467	5.363292225525942e-06
2.904951081947234	5.488592838613436e-06
2.937165513819797	5.616718726237808e-06
2.969379945692361	5.747742059440906e-06
3.001594377564925	5.881743724422299e-06
3.033808809437488	6.018803953243982e-06
3.066023241310052	6.159003416180104e-06
3.098237673182616	6.30242774869938e-06
3.130452105055179	6.449165637316775e-06
3.162666536927743	6.599305330569795e-06
3.194880968800307	6.75293995083122e-06
3.22709540067287	6.910161748657022e-06
3.259309832545434	7.071068603439478e-06
3.291524264417998	7.23576456854584e-06
3.323738696290561	7.404347408079797e-06
3.355953128163125	7.576924974435006e-06
3.388167560035689	7.753603367738674e-06
3.420381991908252	7.934497561248554e-06
3.452596423780816	8.119719102995523e-06
3.48481085565338	8.309387338291481e-06
3.517025287525943	8.503622282117611e-06
3.549239719398507	8.702549181285833e-06
3.581454151271071	8.906294940486628e-06
3.613668583143634	9.114992821412245e-06
3.645883015016198	9.328774727127019e-06
3.678097446888762	9.547782939255631e-06
3.710311878761325	9.77215763891042e-06
3.742526310633889	1.000204697139601e-05
3.774740742506453	1.023760160480144e-05
3.806955174379016	1.047897467865668e-05
3.83916960625158	1.072632879485421e-05
3.871384038124144	1.09798242046465e-05
3.903598469996707	1.123963400807774e-05
3.935812901869271	1.150592760059645e-05
3.968027333741835	1.177888365138118e-05
4.000241765614398	1.205868711280248e-05
4.032456197486963	1.234552510174823e-05
4.064670629359527	1.263958923510032e-05
4.096885061232091	1.294108130846073e-05
4.129099493104655	1.325020441237924e-05
4.161313924977219	1.35671709163257e-05
4.193528356849783	1.389219637193452e-05
4.225742788722347	1.422550122437965e-05
4.257957220594911	1.456731668049406e-05
4.290171652467476	1.491787715926593e-05
4.32238608434004	1.527742163482752e-05
4.354600516212604	1.564620582803444e-05
4.386814948085168	1.602448034219256e-05
4.419029379957732	1.641251069139436e-05
4.451243811830296	1.681056235342952e-05
4.48345824370286	1.72189204551103e-05
4.515672675575424	1.763786816829442e-05
4.547887107447989	1.806769897942441e-05
4.580101539320553	1.850871766300074e-05
4.612315971193117	1.896123466471538e-05
4.644530403065681	1.942557021736309e-05
4.676744834938245	1.990205171168339e-05
4.708959266810809	2.039102049120161e-05
4.741173698683373	2.089282448398638e-05
4.773388130555937	2.140781984057782e-05
4.805602562428501	2.193637913410042e-05
4.837816994301066	2.247887939840628e-05
4.87003142617363	2.303571114952544e-05
4.902245858046194	2.360727336078132e-05
4.934460289918758	2.419398161724903e-05
4.966674721791322	2.479625999646446e-05
4.998889153663886	2.541454378277439e-05
5.03110358553645	2.60492809620579e-05
5.063318017409014	2.670093739369439e-05
5.095532449281579	2.736998729119521e-05
5.127746881154143	2.805691840553161e-05
5.159961313026707	2.876223359240785e-05
5.192175744899271	2.948645090201333e-05
5.224390176771835	3.0230104984841e-05
5.256604608644399	3.099374110489381e-05
5.288819040516963	3.177792418416585e-05
5.321033472389527	3.258323204259911e-05
5.353247904262092	3.341026221923331e-05
5.385462336134656	3.425962977810811e-05
5.41767676800722	3.513196571974691e-05
5.449891199879784	3.602791851304636e-05
5.482105631752348	3.694815503864555e-05
5.514320063624912	3.789336770075295e-05
5.546534495497476	3.886425222333423e-05
5.57874892737004	3.98615565387688e-05
5.610963359242604	4.088601373337884e-05
5.643177791115169	4.193840544694803e-05
5.675392222987733	4.301951395147627e-05
5.707606654860297	4.413017426272555e-05
5.739821086732861	4.527121419703455e-05
5.772035518605425	4.644349056370238e-05
5.804249950477989	4.764791200857601e-05
5.836464382350553	4.888537597264186e-05
5.868678814223117	5.013595485565644e-05
5.900893246095682	5.14395329582672e-05
5.933107677968246	5.276868391281362e-05
5.96532210984081	5.414921989369261e-05
5.997536541713374	5.557533184959635e-05
6.029750973585938	5.703035574296052e-05
6.061965405458502	5.856615787094802e-05
6.094179837331066	6.015666744613478e-05
6.12639426920363	6.186520249682273e-05
6.158608701076195	6.371308600691599e-05
6.190823132948759	6.966416720297452e-05
6.223037564821323	7.250263175678506e-05
6.255251996693887	7.77313545544279e-05
6.287466428566451	8.443366016922318e-05
6.319680860439015	9.039840135806648e-05
6.351895292311579	0.0001014082136025278
6.384109724184143	0.0001105227577698883
6.416324156056707	0.0001210086206383128
6.448538587929272	0.0001378149085683213
6.480753019801836	0.0001529141408817023
6.5129674516744	0.0001692047192754664
6.545181883546964	0.0001883288627306176
6.577396315419528	0.0002096804310975155
6.609610747292092	0.00023385971151452
6.641825179164656	0.000270984537949528
6.67403961103722	0.0003029203394479263
6.706254042909785	0.0003438270051823589
6.738468474782349	0.0003924087391408809
6.770682906654913	0.0004316466212618269
6.802897338527477	0.000492121947032842
6.835111770400041	0.0005590841316448635
6.867326202272605	0.0006201842936301988
6.899540634145169	0.0007103775118911926
6.931755066017733	0.0007919692312853255
6.963969497890298	0.0008791341888212955
6.996183929762862	0.0009995303841477132
7.028398361635426	0.001105588271453712
7.06061279350799	0.001226522621380464
7.092827225380554	0.001397511297952501
7.125041657253118	0.001541906033168223
7.157256089125682	0.001709040497317114
7.189470520998246	0.001930861484068541
7.22168495287081	0.002132623355263344
7.253899384743375	0.002361748376519497
7.286113816615939	0.002648764685067489
7.318328248488503	0.002932180812912031
7.350542680361067	0.003240370025635572
7.382757112233631	0.003629442516932153
7.414971544106195	0.004007880557949218
7.447185975978759	0.004430713540907011
7.479400407851323	0.00495500425750341
7.511614839723888	0.005455987240039284
7.543829271596452	0.006029805214130049
7.576043703469016	0.006621175997876922
7.60825813534158	0.007397110351466934
7.640472567214144	0.008171520852360923
7.672686999086708	0.009021601407153215
7.704901430959272	0.01000737558064135
7.737115862831836	0.01105050893903283
7.769330294704401	0.01219967722545805
7.801544726576965	0.01356786365723894
7.833759158449529	0.01490514232440006
7.865973590322093	0.01645339985318692
7.898188022194657	0.01815253307301367
7.930402454067221	0.02006286295716132
7.962616885939785	0.0221392337346131
7.994831317812349	0.0244234917712656
8.027045749684913	0.02691513476105753
8.059260181557477	0.02975427156148118
8.091474613430041	0.03281909137459924
8.123689045302605	0.03619279446105234
8.155903477175169	0.04013476873139063
8.188117909047733	0.04404468725977283
8.220332340920297	0.04856988904464459
8.252546772792861	0.0535484207380768
8.284761204665426	0.05909739061569766
8.31697563653799	0.06511131707613159
8.349190068410554	0.0717778676869968
8.381404500283118	0.07912286864471305
8.413618932155682	0.0873375646158094
8.445833364028246	0.0961632910584517
8.47804779590081	0.1059867827502674
8.510262227773374	0.1168107801830359
8.542476659645938	0.1286620709610816
8.574691091518503	0.1419037282293649
8.606905523391067	0.1563766916292641
8.639119955263631	0.1723241330187732
8.671334387136195	0.1898902628211195
8.703548819008759	0.209271812284149
8.735763250881323	0.2305894393956116
8.767977682753887	0.2540774797126053
8.800192114626451	0.2799541018779998
8.832406546499016	0.3085288735956359
8.86462097837158	0.339881608584229
8.896835410244144	0.3744682445301998
8.929049842116708	0.4125689991055899
8.961264273989272	0.454530258403756
8.993478705861836	0.5008082465609588
9.0256931377344	0.5517288591907249
9.057907569606964	0.6078296918135316
9.090122001479529	0.6696327718281263
9.122336433352093	0.7376764158323277
9.154550865224657	0.8127068974329197
9.186765297097221	0.8953011912671576
9.218979728969785	0.9862834226167769
9.251194160842349	1.086505426995129
9.283408592714913	1.196806938165034
9.315623024587477	1.318522031931466
9.347837456460041	1.452459300495069
9.380051888332606	1.599996082020684
9.41226632020517	1.76251053421683
9.444480752077734	1.941467871553642
9.476695183950298	2.138723081659015
9.508909615822862	2.355907933824087
9.541124047695426	2.595141390052283
9.57333847956799	2.858661258977708
9.605552911440554	3.1489057479629
9.637767343313119	3.468652415491428
9.669981775185683	3.820814693717939
9.702196207058247	4.208718090547692
9.734410638930811	4.635994143368684
9.766625070803375	5.106620110638101
9.798839502675939	5.625166270766524
9.831053934548503	6.196032551485714
9.863268366421067	6.824979029102633
9.895482798293632	7.517751891192511
9.927697230166196	8.280821412819009
9.95991166203876	9.121316475410993
9.992126093911324	10.04716487563257
10.02434052578389	11.06688961434214
10.05655495765645	12.19011623002456
10.08876938952902	13.42732700004926
10.12098382140158	14.79007573749031
10.15319825327414	16.29109955207934
10.18541268514671	17.94447638355748
10.21762711701927	19.76558628669112
10.24984154889184	21.77150437753982
10.2820559807644	23.98096924016178
10.31427041263697	26.4146240709249
10.34648484450953	29.09521501896688
10.37869927638209	32.0478746966651
10.41091370825466	35.30006239796479
10.44312814012722	38.88227485092774
10.47534257199979	42.82798776517446
10.50755700387235	47.17406230587719
10.53977143574491	51.96112705943888
10.57198586761748	57.23421835049209
10.60420029949004	63.04181104315472
10.63641473136261	69.43896552847949
10.66862916323517	76.48524423849635
10.70084359510773	84.24649795599812
10.7330580269803	92.79527033467035
10.76527245885286	102.2114665384199
10.79748689072543	112.5831517197177
10.82970132259799	124.0071817031376
10.86191575447056	136.5903994843235
10.89413018634312	150.4504185888834
10.92634461821568	165.7167822461639
10.95855905008825	182.5321801932143
10.99077348196081	201.0537782793098
11.02298791383338	221.4547950513773
11.05520234570594	243.925769237697
11.0874167775785	268.6768290407861
11.11963120945107	295.9393169200427
11.15184564132363	325.9680453143598
11.1840600731962	359.0437053615148
11.21627450506876	395.475436103048
11.24848893694132	435.6038617837813
11.28070336881389	479.8038880063638
11.31291780068645	528.4887778529477
11.34513223255902	582.1135717391796
11.37734666443158	641.1794857326222
11.40956109630415	706.2386170653239
11.44177552817671	777.8990743987458
11.47398996004927	856.8306034249161
11.50620439192184	943.7711789027816
11.5384188237944	1039.533206312756
11.57063325566697	1145.011867675935
11.60284768753953	1261.193048656254
11.63506211941209	1389.162696951301
11.66727655128466	1530.11693624747
11.69949098315722	1685.373261348921
11.73170541502979	1856.383117257321
11.76391984690235	2044.744134076787
11.79613427877491	2252.217653033691
11.82834871064748	2480.742690726796
11.86056314252004	2732.455238184224
11.89277757439261	3009.708035303873
11.92499200626517	3315.092534775904
11.95720643813774	3651.463131310626
11.9894208700103	4021.963748380259
12.02163530188286	4430.057775089448
12.05384973375543	4879.55920347866
12.08606416562799	5374.669640905741
12.11827859750056	5920.01679975092
12.15049302937312	6520.697976934781
12.18270746124568	7182.327657776126
12.21492189311825	7911.090001898297
12.24713632499081	8713.796637487718
12.27935075686338	9597.950417641954
12.31156518873594	10571.81523398035
12.3437796206085	11644.49376496837
12.37599405248107	12826.01213101108
12.40820848435363	14127.41378487334
12.4404229162262	15560.86269862213
12.47263734809876	17139.75706267019
12.50485177997133	18878.85450989678
12.53706621184389	20794.41005217017
12.56928064371645	22904.32813003538
12.60149507558902	25228.3295119955
12.63370950746158	27788.13631280117
12.66592393933415	30607.67447750473
12.69813837120671	33713.29765516233
12.73035280307927	37134.03341980165
12.76256723495184	40901.85462981499
12.7947816668244	45051.97825498568
12.82699609869697	49623.19452507945
12.85921053056953	54658.23006543425
12.89142496244209	60204.14465369722
12.92363939431466	66312.77601349367
12.95585382618722	73041.2195251566
12.98806825805979	80452.36421169336
13.02028268993235	88615.48016794428
13.05249712180492	97606.86584741478
13.08471155367748	107510.5613023498
13.11692598555004	118419.1336481645
13.14914041742261	130434.5422492078
13.18135484929517	143669.0917816661
13.21356928116774	158246.4815449263
13.2457837130403	174302.9622828984
13.27799814491286	191988.60903339
13.31021257678543	211468.7241385939
13.34242700865799	232925.3821492207
13.37464144053056	256559.1317353971
13.40685587240312	282590.8699457648
13.43907030427568	311263.9069426327
13.47128473614825	342846.2400945347
13.50349916802081	377633.0587121288
13.53571359989338	415949.5037138382
13.56792803176594	458153.7051400361
13.60014246363851	504640.1309445149
13.63235689551107	555843.2731197191
13.66457132738363	612241.7087646981
13.6967857592562	674362.5733030225
13.72900019112876	742786.4871808707
13.76121462300133	818152.9827172387
13.79342905487389	901166.4814876497
13.82564348674645	992602.8781740742
13.85785791861902	1093316.795191013
13.89007235049158	1204249.557018792
13.92228678236415	1326438.014842653
13.95450121423671	1461024.210991977
13.98671564610927	1609266.066147533
14.01893007798184	1772549.13396601
14.0511445098544	1952399.550841408
14.08335894172697	2150498.300049087
14.11557337359953	2368696.922880101
14.1477878054721	2609034.823931159
14.18000223734466	2873758.332314309
14.21221666921722	3165341.696711951
14.24443110108979	3486510.210878742
14.27664553296235	3840265.684944428
14.30885996483492	4229914.502018087
14.34107439670748	4659098.520708528
14.37328882858004	5131829.113334347
14.40550326045261	5652524.657707643
14.43771769232517	6226051.832977747
14.46993212419774	6857771.105358642
14.5021465560703	7553586.829005513
14.53436098794286	8320002.430168397
14.56657541981543	9164181.190329878
14.59878985168799	10094013.19680204
14.63100428356056	11118189.08608841
14.66321871543312	12246281.26897806
14.69543314730569	13488833.39798755
14.72764757917825	14857458.91101734
14.75986201105081	16364949.57420634
14.79207644292338	18025395.03753571
14.82429087479594	19854314.52080944
14.85650530666851	21868801.86032144
14.88871973854107	24087685.27280118
14.92093417041363	26531703.32870557
14.9531486022862	29223698.78008224
14.98536303415876	32188832.05496389
15.01757746603133	35454816.41245373
15.04979189790389	39052176.95758801
15.08200632977645	43014535.93519954
15.11422076164902	47378926.97162948
15.14643519352158	52186141.19822719
15.17864962539415	57481108.49369014
15.21086405726671	63313317.4074278
15.24307848913928	69737277.688639
15.27529292101184	76813029.74432828
15.3075073528844	84606705.78744096
15.33972178475697	93191147.91868716
15.37193621662953	102646588.9207622
15.4041506485021	113061402.1253863
15.43636508037466	124532927.3627158
15.46857951224722	137168380.7125332
15.50079394411979	151085856.5581506
15.53300837599235	166415431.3111128
15.56522280786492	183300379.1184189
15.59743723973748	201898510.9167901
15.62965167161004	222383649.3486631
15.66186610348261	244947253.3217242
15.69408053535517	269800207.3990622
15.72629496722774	297174792.7389863
15.7585093991003	327326858.0087612
15.79072383097287	360538210.5578476
15.82293826284543	397119250.2014945
15.85515269471799	437411870.2261078
15.88736712659056	481792652.732546
15.91958155846312	530676388.1768354
15.95179599033569	584519952.00594
15.98401042220825	643826574.6110882
16.01622485408081	709150544.5161238
16.04843928595338	781102388.7447807
16.08065371782594	860354578.7887627
16.11286814969851	947647815.5009245
16.14508258157107	1043797951.650289
16.17729701344363	1149703616.836145
16.2095114453162	1266354616.022014
16.24172587718876	1394841180.17977
16.27394030906133	1536364155.498961
16.30615474093389	1692246226.382777
16.33836917280646	1863944277.123929
16.37058360467902	2053063007.785395
16.40279803655158	2261369931.534529
16.43501246842415	2490811893.594697
16.46722690029671	2743533266.192223
16.49944133216928	3021895989.543818
16.53165576404184	3328501646.181192
16.5638701959144	3666215774.910734
16.59608462778697	4038194651.632717
16.62829905965953	4447914787.321255
16.6605134915321	4899205418.815229
16.69272792340466	5396284296.091043
16.72494235527722	5943797100.450918
16.75715678714979	6546860862.028909
16.78937121902235	7211111782.366414
16.82158565089492	7942757908.986126
16.85380008276748	8748637154.244789
16.88601451464005	9636281200.668348
16.91822894651261	10613985890.038
16.95044337838517	11690888753.96288
16.98265781025774	12877054410.61849
17.0148722421303	14183568625.63135
17.04708667400287	15622641916.20724
17.07930110587543	17207723666.70773
17.11151553774799	18953627822.15428
17.14372996962056	20876671334.3154
17.17594440149312	22994826654.20565
17.20815883336569	25327889696.14631
17.24037326523825	27897664843.01104
17.27258769711081	30728168721.71315
17.30480212898338	33845854653.17761
17.33701656085594	37279859874.45995
17.36923099272851	41062277843.3754
17.40144542460107	45228458170.38774
17.43365985647364	49817336980.77976
17.4658742883462	54871800794.42332
17.49808872021876	60439087323.76997
17.53030315209133	66571226935.53959
17.56251758396389	73379754839.03648
17.59473201583646	80825407208.82359
17.62694644770902	89026550497.0455
17.65916087958158	98059842394.69052
17.69137531145415	108009718848.3357
17.72358974332671	118969183299.4788
17.75580417519928	131040676005.8023
17.78801860707184	144337031570.1866
17.82023303894441	158982533627.8226
17.85244747081697	175114076549.5072
17.88466190268953	192882445020.0399
17.9168763345621	212453723451.9817
17.94909076643466	234010848409.1736
17.98130519830723	257755318550.2669
18.01351963017979	283909078075.907
18.04573406205235	312716591284.5662
18.07794849392492	344447127627.7391
18.11016292579748	379397278623.9682
18.14237735767005	417893730157.5423
18.17459178954261	460296316074.901
18.20680622141517	507001381621.7501
18.23902065328774	558445488158.8639
18.2712350851603	615109493786.5607
18.30344951703287	677523048018.1101
18.33566394890543	746269542517.4888
18.367878380778	821991564176.2668
18.40009281265056	905396901468.1096
18.43230724452312	997265160393.4232
18.46452167639569	1098455051560.488
18.49673610826825	1209912416204.907
18.52895054014082	1332679068451.706
18.56116497201338	1467902531935.732
18.59337940388594	1616846766761.129
18.62559383575851	1780903983627.896
18.65780826763107	1961607657368.562
18.69002269950364	2160646860332.441
18.7222371313762	2379882050671.801
18.75445156324876	2621362462418.483
18.78666599512133	2887345259905.752
18.81888042699389	3180316636138.768
18.85109485886646	3503015051527.223
18.88330929073902	3858456830810.192
18.91552372261159	4249964357516.887
18.94773815448415	4681197128519.084
18.97995258635671	5156185960363.735
19.01216701822928	5679370665947.742
19.04438145010184	6255641554225.142
19.07659588197441	6890385141254.023
19.10881031384697	7589534498475.271
19.14102474571953	8359624710725.477
19.1732391775921	9207853960653.834
19.20545360946466	10142150811602.56
19.23766804133723	11171248317578.55
19.26988247320979	12304765652497.55
19.30209690508235	13553298022823.53
19.33431133695492	14928515702986.2
19.36652576882748	16443273117179.49
19.39874020070005	18111728999975.42
19.43095463257261	19949478727068.38
19.46316906444518	21973700108126.58
19.49538349631774	24203313927137.41
19.5275979281903	26659160815459.66
19.55981236006287	29364196053161.18
19.59202679193543	32343704120449.03
19.624241223808	35625535071026
19.65645565568056	39240364800182.01
19.68867008755312	43221981822599.27
19.72088451942569	47607603088318.31
19.75309895129825	52438221845663.92
19.78531338317082	57758990807656.45
19.81752781504338	63619644250825.85
19.84974224691594	70074962821397.7
19.88195667878851	77185285637782.78
19.91417111066107	85017074253312.78
19.94638554253364	93643533907810.39
19.9785999744062	103145297792385.8
20.01081440627877	113611180715632.6
20.04302883815133	125139009313777.8
20.07524327002389	137836536425043.4
20.10745770189646	151822448272534.8
20.13967213376902	167227473881566.2
20.17188656564159	184195606987445.2
20.20410099751415	202885451998693.7
20.23631542938671	223471706506091.9
20.26852986125928	246146794179005.7
20.30074429313184	271122663446298.5
20.33295872500441	298632768549157.8
20.36517315687697	328934251734615.1
20.39738758874953	362310346803716.2
20.4296020206221	399073026526777.6
20.46181645249466	439565918738210.8
20.49403088436723	484167518293525.6
20.52624531623979	533294724904703
20.55845974811236	587406740005124.2
20.59067417998492	647009359006499.9
20.62288861185748	712659699000788.2
20.65510304373005	784971406373384.2
20.68731747560261	864620392475414.9
20.71953190747518	952351151671682.5
20.75174633934774	1048983720201520
20.7839607712203	1155421341199650
20.81617520309287	1272658907508326
20.84838963496543	1401792261130919
20.880604066838	1544028436250832
20.91281849871056	1700696941631620
20.94503293058312	1873262187796117
20.97724736245569	2063337175110659
21.00946179432825	2272698570842608
21.04167622620082	2503303316021350
21.07389065807338	2757306917272136
21.10610508994595	3037083594810205
21.13831952181851	3345248474707448
21.17053395369107	3684682032961234
21.20274838556364	4058557019865841
21.2349628174362	4470368116334276
21.26717724930877	4923964599394385
21.29939168118133	5423586326109230
21.33160611305389	5973903341989008
21.36382054492646	6580059579994041
21.39603497679902	7247720889135697
21.42824940867159	7983128037087998
21.46046384054415	8793155005408988
21.49267827241671	9685373269476910
21.52489270428928	1.066812257144863e+16
21.55710713616184	1.175058885013289e+16
21.58932156803441	1.294289011992539e+16
21.62153599990697	1.425617109182136e+16
21.65375043177954	1.570270714758516e+16
21.6859648636521	1.729601942734422e+16
21.71817929552466	1.90510009075217e+16
21.75039372739723	2.098405572854904e+16
21.78260815926979	2.311325247670649e+16
21.81482259114236	2.545849323023736e+16
21.84703702301492	2.804169934143889e+16
21.87925145488748	3.088701656451365e+16
21.91146588676005	3.402104061780907e+16
21.94368031863261	3.747306578660709e+16
21.97589475050518	4.127535881932549e+16
22.00810918237774	4.546346049484404e+16
22.0403236142503	5.007651775082887e+16
22.07253804612287	5.515764965480354e+16
22.10475247799543	6.0754350736406e+16
22.136966909868	6.69189341706182e+16
22.16918134174056	7.370902161620664e+16
22.20139577361313	8.118808118363339e+16
22.23361020548569	8.942602116243154e+16
22.26582463735825	9.849984310320221e+16
22.29803906923082	1.08494361758941e+17
22.33025350110338	1.195029977235959e+17
22.36246793297595	1.316286508337455e+17
22.39468236484851	1.44984661849576e+17
22.42689679672107	1.596958718992394e+17
22.45911122859364	1.758997894577029e+17
22.4913256604662	1.937478756383804e+17
22.52354009233877	2.134069598241161e+17
22.55575452421133	2.350607998789031e+17
22.58796895608389	2.58911795539536e+17
22.62018338795646	2.851828900611479e+17
22.65239781982902	3.141196436856644e+17
22.68461225170159	3.459925305364285e+17
22.71682668357415	3.810994761895053e+17
22.74904111544672	4.197686346920676e+17
22.78125554731928	4.623614403559701e+17
22.81346997919184	5.092760304705695e+17
22.84568441106441	5.609508474581544e+17
22.87789884293697	6.178691213565206e+17
22.91011327480954	6.805626628615967e+17
22.9423277066821	7.496175470271346e+17
22.97454213855466	8.256792555344952e+17
23.00675657042723	9.094587392361056e+17
23.03897100229979	1.001739097437812e+18
23.07118543417236	1.103382912207656e+18
23.10339986604492	1.21534024778346e+18
23.13561429791748	1.33865758077632e+18
23.16782872979005	1.474487627637385e+18
23.20004316166261	1.624099971654777e+18
23.23225759353518	1.788893086811873e+18
23.26447202540774	1.970407309705927e+18
23.29668645728031	2.170339303931221e+18
23.32890088915287	2.390557867234117e+18
23.36111532102543	2.633121416099401e+18
23.393329752898	2.900297240886096e+18
23.42554418477056	3.194582699546524e+18
23.45775861664313	3.518728506354727e+18
23.48997304851569	3.875764524555668e+18
23.52218748038825	4.269028044745543e+18
23.55440191226082	4.702194958399137e+18
23.58661634413338	5.179314160512858e+18
23.61883077600595	5.704845390162941e+18
23.65104520787851	6.283700859257352e+18
23.68325963975107	6.921291247184717e+18
23.71547407162364	7.623576241909479e+18
23.7476885034962	8.397120209527539e+18
23.77990293536877	9.249153618980778e+18
23.81211736724133	1.018764059064167e+19
23.8443317991139	1.122135332026235e+19
23.87654623098646	1.235995412029028e+19
23.90876066285902	1.361408571014963e+19
23.94097509473159	1.499547068015423e+19
23.97318952660415	1.651702107894745e+19
24.00540395847672	1.819295914071177e+19
24.03761839034928	2.003895014885218e+19
24.06983282222184	2.207224891953128e+19
24.10204725409441	2.431186107670986e+19
24.13426168596697	2.677872063508233e+19
24.16647611783954	2.949588756396297e+19
24.1986905497121	3.248875495839717e+19
24.23090498158466	3.578530197782994e+19
24.26311941345723	3.941633676229744e+19
24.29533384532979	4.341581175957016e+19
24.32754827720236	4.782109804329148e+19
24.35976270907492	5.267337619299756e+19
24.39197714094749	5.801800392753714e+19
24.42419157282005	6.390493549017416e+19
24.45640600469261	7.03891979159815e+19
24.48862043656518	7.753140215492015e+19
24.52083486843774	8.539830591685183e+19
24.55304930031031	9.406344320307469e+19
24.58526373218287	1.036078092711523e+20
24.61747816405543	1.141206162138515e+20
24.649692595928	1.257001291604613e+20
24.68190702780056	1.384545851339333e+20
24.71412145967313	1.525032004866164e+20
24.74633589154569	1.67977291292851e+20
24.77855032341825	1.850214987232146e+20
24.81076475529082	2.037951321043571e+20
24.84297918716338	2.244736774487538e+20
24.87519361903595	2.472504187573046e+20
24.90740805090851	2.723382557903808e+20
24.93962248278108	2.999716874096381e+20
24.97183691465364	3.30409008749134e+20
25.0040513465262	3.639347237314082e+20
25.03626577839877	4.008622012878377e+20
25.06848021027133	4.415366064327758e+20
25.1006946421439	4.863381633659832e+20
25.13290907401646	5.356855770340042e+20
25.16512350588902	5.900401480523847e+20
25.19733793776159	6.499099578007625e+20
25.22955236963415	7.158545557029383e+20
25.26176680150672	7.884903858128074e+20
25.29398123337928	8.684963189018768e+20
25.32619566525184	9.566203837735988e+20
25.35841009712441	1.053686071207812e+21
25.39062452899697	1.160600745404418e+21
25.42283896086954	1.27836380574533e+21
25.4550533927421	1.408075924726812e+21
25.48726782461467	1.550949587100053e+21
25.51948225648723	1.708320278171263e+21
25.55169668835979	1.88165892294791e+21
25.58391112023236	2.07258577216071e+21
25.61612555210492	2.2828860765133e+21
25.64833998397749	2.514523697117478e+21
25.68055441585005	2.769665616963032e+21
25.71276884772261	3.050696067707164e+21
25.74498327959518	3.360242068993168e+21
25.77719771146774	3.701196716465091e+21
25.80941214334031	4.076747124122584e+21
25.84162657521287	4.490403717706084e+21
25.87384100708543	4.946032761336692e+21
25.906055438958	5.447893310839591e+21
25.93826987083056	6.000676094312059e+21
25.97048430270313	6.609548732878678e+21
26.00269873457569	7.280201730458084e+21
26.03491316644826	8.018904050984973e+21
26.06712759832082	8.832560620430634e+21
26.09934203019338	9.728776532599859e+21
26.13155646206595	1.07159291675895e+22
26.16377089393851	1.180324550823123e+22
26.19598532581108	1.30008887647318e+22
26.22819975768364	1.432005366994269e+22
26.2604141895562	1.577307059072669e+22
26.29262862142877	1.7373521338736e+22
26.32484305330133	1.913636526724707e+22
26.3570574851739	2.107807983903418e+22
26.38927191704646	2.321681767460954e+22
26.42148634891903	2.557256381911406e+22
26.45370078079159	2.816734203957569e+22
26.48591521266415	3.102539827302397e+22
26.51812964453672	3.417346852154628e+22
26.55034407640928	3.764095629138905e+22
26.58255850828185	4.14602912331691e+22
26.61477294015441	4.566714741483999e+22
26.64698737202697	5.030086686640631e+22
26.67920180389954	5.540475559333555e+22
26.7114162357721	6.102653573056302e+22
26.74363066764467	6.721872470383526e+22
26.77584509951723	7.403922377920089e+22
26.80805953138979	8.155178791202964e+22
26.84027396326236	8.982662196775502e+22
26.87248839513492	9.894108280829817e+22
26.90470282700749	1.089803570366186e+23
26.93691725888005	1.20038311581452e+23
26.96913169075262	1.322182660070516e+23
27.00134612262518	1.456340911947073e+23
27.03356055449774	1.604111879860368e+23
27.06577498637031	1.766876660038353e+23
27.09798941824287	1.946156885030511e+23
27.13020385011544	2.143628022865862e+23
27.162418281988	2.361136325337756e+23
27.19463271386056	2.600714221546831e+23
27.22684714573313	2.864601572492469e+23
27.25906157760569	3.155264937319933e+23
27.29127600947826	3.475421010709907e+23
27.32349044135082	3.82806246365183e+23
27.35570487322338	4.216485473489e+23
27.38791930509595	4.644320743528519e+23
27.42013373696851	5.115567282879971e+23
27.45234816884108	5.634629894270406e+23
27.48456260071364	6.206360772197891e+23
27.51677703258621	6.836102804923607e+23
27.54899146445877	7.529743420903574e+23
27.58120589633133	8.293765852552609e+23
27.6134203282039	9.135311638666714e+23
27.64563476007646	1.006224670923564e+24
27.67784919194903	1.108323536439751e+24
27.71006362382159	1.220782095982861e+24
27.74227805569415	1.344651539202439e+24
27.77449248756672	1.481089725430347e+24
27.80670691943928	1.631371608363227e+24
27.83892135131185	1.796902279429222e+24
27.87113578318441	1.979229396654168e+24
27.90335021505697	2.180056039698891e+24
27.93556464692954	2.401260335175223e+24
27.9677790788021	2.644909646301224e+24
27.99999351067467	2.913281415066586e+24
28.03220794254723	3.208883864118226e+24
28.0644223744198	3.534480485068506e+24
28.09663680629236	3.893114527179487e+24
28.12885123816492	4.288138248966124e+24
28.16106567003749	4.723243561059971e+24
28.19328010191005	5.202498095279797e+24
28.22549453378262	5.730381299902513e+24
28.25770896565518	6.311827226346037e+24
28.28992339752774	6.952270986614237e+24
28.32213782940031	7.657698831569704e+24
28.35435226127287	8.434704564429562e+24
28.38656669314544	9.290550664468788e+24
28.418781125018	1.023323733307158e+25
28.45099555689056	1.127157504928009e+25
28.48320998876313	1.241527036019354e+25
28.51542442063569	1.367500972882074e+25
28.54763885250826	1.506258304046224e+25
28.57985328438082	1.65909400167301e+25
28.61206771625339	1.827437574271308e+25
28.64428214812595	2.012914061340257e+25
28.67649657999851	2.217102369603255e+25
28.70871101187108	2.442065521245949e+25
28.74092544374364	2.689854971478716e+25
28.77313987561621	2.962788212716541e+25
28.80535430748877	3.263413721603923e+25
28.83756873936133	3.594546014788616e+25
28.8697831712339	3.959270294765483e+25
28.90199760310646	4.361007693401918e+25
28.93421203497903	4.803507010727269e+25
28.96642646685159	5.290903741307269e+25
28.99864089872415	5.827758088890658e+25
29.03085533059672	6.419085496354756e+25
29.06306976246928	7.070412612676358e+25
29.09528419434185	7.787825768035427e+25
29.12749862621441	8.578040546198279e+25
29.15971305808698	9.448425696329481e+25
29.19192748995954	1.040713196974429e+26
29.2241419218321	1.146311246994575e+26
29.25635635370467	1.262624420290072e+26
29.28857078557723	1.390739343849189e+26
29.3207852174498	1.531853945443579e+26
29.35299964932236	1.687286629466891e+26
29.38521408119492	1.858491000340998e+26
29.41742851306749	2.047066771583508e+26
29.44964294494005	2.25477590575501e+26
29.48185737681262	2.483562658631973e+26
29.51407180868518	2.735562887182305e+26
29.54628624055774	3.013132671754294e+26
29.57850067243031	3.318866432484713e+26
29.61071510430287	3.655622620995024e+26
29.64292953617544	4.026548276609552e+26
29.675143968048	4.435110629531976e+26
29.70735839992057	4.885128397952749e+26
29.73957283179313	5.380809838210982e+26
29.77178726366569	5.926785499120509e+26
29.80400169553826	6.528159793153131e+26
29.83621612741082	7.190553570679173e+26
29.86843055928339	7.920159885203567e+26
29.90064499115595	8.723796566513801e+26
29.93285942302851	9.608976020488345e+26
29.96507385490108	1.058397196264574e+27
29.99728828677364	1.165790018058892e+27
30.02950271864621	1.284079593786124e+27
30.06171715051877	1.41437113770399e+27
30.09393158239133	1.557883483417782e+27
30.1261460142639	1.715957540738243e+27
30.15836044613646	1.890070866959966e+27
30.19057487800903	2.081850438409635e+27
30.22278930988159	2.293089095828404e+27
30.25500374175416	2.525758082503913e+27
30.28721817362672	2.782061725373787e+27
30.31943260549928	3.064337683198406e+27
30.35164703737185	3.375264951610363e+27
30.38386146924441	3.717736242956957e+27
30.41607590111698	4.094977958606293e+27
30.44829033298954	4.51047838783291e+27
30.4805047648621	4.968142349751893e+27
30.51271919673467	5.472236758392731e+27
30.54493362860723	6.027511337275468e+27
30.5771480604798	6.639099349174302e+27
30.60936249235236	7.312748076347742e+27
30.64157692422492	8.054740751708952e+27
30.67379135609749	8.872055873066596e+27
30.70600578797005	9.772271186407233e+27
30.73822021984262	1.076383443790404e+28
30.77043465171518	1.18560014039709e+28
30.80264908358775	1.305901138951914e+28
30.83486351546031	1.438406694716066e+28
30.86707794733287	1.584357495384954e+28
30.89929237920544	1.745116571256326e+28
30.931506811078	1.922190659381922e+28
30.96372124295057	2.117228758644759e+28
30.99593567482313	2.33205720235558e+28
31.02815010669569	2.568683528428576e+28
31.06036453856826	2.829322012240631e+28
31.09257897044082	3.116403154149577e+28
31.12479340231339	3.432613396901736e+28
31.15700783418595	3.780906563801072e+28
31.18922226605851	4.16453375685325e+28
31.22143669793108	4.586434422439624e+28
31.25365112980364	5.052590279984189e+28
31.28586556167621	5.565242255567609e+28
31.31807999354877	6.129919668690043e+28
31.35029442542134	6.751582347682295e+28
31.3825088572939	7.43702925655863e+28
31.41472328916646	8.191623979364595e+28
31.44693772103903	9.022789637320797e+28
31.47915215291159	9.938038916161517e+28
31.51136658478416	1.094676115936044e+29
31.54358101665672	1.205746964094563e+29
31.57579544852928	1.328087453241772e+29
31.60800988040185	1.462832374559206e+29
31.64022431227441	1.611281164838564e+29
31.67243874414698	1.77476999724679e+29
31.70465317601954	1.954848546490885e+29
31.7368676078921	2.153196519825864e+29
31.76908203976467	2.371682694777214e+29
31.80129647163723	2.612327344324872e+29
31.8335109035098	2.877390176807886e+29
31.86572533538236	3.169345635533734e+29
31.89793976725493	3.490939935840108e+29
31.93015419912749	3.845150188124167e+29
31.96236863100005	4.235303484408608e+29
31.99458306287262	4.665043975404651e+29
32.02679749474518	5.138401862594522e+29
32.05901192661774	5.659772429842516e+29
32.0912263584903	6.234049619251663e+29
32.12344079036286	6.866596450986191e+29
32.15565522223542	7.563340650194354e+29
32.18786965410798	8.330757997275949e+29
32.22008408598055	9.176051554916839e+29
0
1000	1.0219978922	100000000000000.1
5	0	0	1
5	0	0	0
0.03786664528905326	-9.603137768876244e-07
0.07008107716161713	-9.355209557112018e-07
0.102295509034181	-9.115969489284818e-07
0.1345099409067449	-8.885082738584297e-07
0.1667243727793087	-8.662227019102872e-07
0.1989388046518726	-8.447092242045415e-07
0.2311532365244365	-8.23938016481333e-07
0.2633676683970003	-8.038804035488066e-07
0.2955821002695642	-7.845088234931315e-07
0.3277965321421281	-7.657967918440349e-07
0.360010964014692	-7.47718865864379e-07
0.3922253958872559	-7.302506091094657e-07
0.4244398277598198	-7.13368556381083e-07
0.4566542596323837	-6.970501791828249e-07
0.4888686915049476	-6.812738517665454e-07
0.5210831233775115	-6.660188178449152e-07
0.5532975552500754	-6.512651580318145e-07
0.5855119871226393	-6.369937580604476e-07
0.6177264189952032	-6.231862778186111e-07
0.6499408508677671	-6.098251212312507e-07
0.682155282740331	-5.96893407012369e-07
0.7143697146128949	-5.843749403010615e-07
0.7465841464854588	-5.722541851902893e-07
0.7787985783580227	-5.605162381515633e-07
0.8110130102305866	-5.491468023538886e-07
0.8432274421031505	-5.381321628713844e-07
0.8754418739757144	-5.274591627704369e-07
0.9076563058482783	-5.171151800643464e-07
0.9398707377208422	-5.070881055209067e-07
0.9720851695934061	-4.973663213063274e-07
1.00429960146597	-4.879366840836468e-07
1.036514033338534	-4.787927444991525e-07
1.068728465211098	-4.699221257513155e-07
1.100942897083662	-4.613149449555976e-07
1.133157328956226	-4.529617126796612e-07
1.165371760828789	-4.448533172077322e-07
1.197586192701353	-4.369810093286167e-07
1.229800624573917	-4.293363876461307e-07
1.262015056446481	-4.219113844081424e-07
1.294229488319045	-4.146982518482856e-07
1.326443920191609	-4.076881587988373e-07
1.358658352064173	-4.008769187494471e-07
1.390872783936737	-3.942561909173109e-07
1.423087215809301	-3.878193572919333e-07
1.455301647681865	-3.815600570895235e-07
1.487516079554428	-3.754721766783118e-07
1.519730511426992	-3.695498398161837e-07
1.551944943299556	-3.637873982045789e-07
1.58415937517212	-3.581794223601953e-07
1.616373807044684	-3.527206928039462e-07
1.648588238917248	-3.474050598817025e-07
1.680802670789812	-3.422301128803237e-07
1.713017102662376	-3.371900048405096e-07
1.74523153453494	-3.322802546312398e-07
1.777445966407504	-3.274965505829397e-07
1.809660398280067	-3.228347440601392e-07
1.841874830152631	-3.182908432018766e-07
1.874089262025195	-3.138610068394995e-07
1.906303693897759	-3.095415385986105e-07
1.938518125770323	-3.053288811895092e-07
1.970732557642887	-3.012184611127363e-07
2.002946989515451	-2.972094462316833e-07
2.035161421388014	-2.932974209166237e-07
2.067375853260578	-2.894793094745575e-07
2.099590285133142	-2.857521494515364e-07
2.131804717005705	-2.821130875525445e-07
2.164019148878269	-2.785593756104371e-07
2.196233580750833	-2.750883666264117e-07
2.228448012623396	-2.716975108987813e-07
2.26066244449596	-2.683843522523892e-07
2.292876876368524	-2.651436556843422e-07
2.325091308241087	-2.619794921307899e-07
2.357305740113651	-2.588862319811289e-07
2.389520171986215	-2.558617102748445e-07
2.421734603858778	-2.529038499993731e-07
2.453949035731342	-2.500106557474822e-07
2.486163467603906	-2.471802086737648e-07
2.518377899476469	-2.444106622498597e-07
2.550592331349033	-2.41700238549596e-07
2.582806763221597	-2.390472249111843e-07
2.61502119509416	-2.364495679691808e-07
2.647235626966724	-2.339065333991215e-07
2.679450058839288	-2.314161599511893e-07
2.711664490711851	-2.289769619802539e-07
2.743878922584415	-2.265875053620661e-07
2.776093354456979	-2.242464052703623e-07
2.808307786329542	-2.219523240418447e-07
2.840522218202106	-2.197039691195297e-07
2.87273665007467	-2.175000910640055e-07
2.904951081947234	-2.153394816207131e-07
2.937165513819797	-2.132216859275526e-07
2.969379945692361	-2.111441038227646e-07
3.001594377564925	-2.091063265422937e-07
3.033808809437488	-2.071072903832108e-07
3.066023241310052	-2.051459662986954e-07
3.098237673182616	-2.032213585104988e-07
3.130452105055179	-2.013325031825433e-07
3.162666536927743	-1.994784671523874e-07
3.194880968800307	-1.976583467174824e-07
3.22709540067287	-1.958712664732874e-07
3.259309832545434	-1.941165714467531e-07
3.291524264417998	-1.923930356096768e-07
3.323738696290561	-1.90700056409935e-07
3.355953128163125	-1.890368626434929e-07
3.388167560035689	-1.87402707078514e-07
3.420381991908252	-1.857968655548464e-07
3.452596423780816	-1.842186361222822e-07
3.48481085565338	-1.826673382156912e-07
3.517025287525943	-1.811423118652327e-07
3.549239719398507	-1.796429169399473e-07
3.581454151271071	-1.781686183051516e-07
3.613668583143634	-1.767186332276837e-07
3.645883015016198	-1.75292464140299e-07
3.678097446888762	-1.73889544225049e-07
3.710311878761325	-1.725093234902079e-07
3.742526310633889	-1.711512681695736e-07
3.774740742506453	-1.698148601465994e-07
3.806955174379016	-1.684995964021968e-07
3.83916960625158	-1.672049884850993e-07
3.871384038124144	-1.659305620037442e-07
3.903598469996707	-1.646759006571743e-07
3.935812901869271	-1.634404632182368e-07
3.968027333741835	-1.622238600546853e-07
4.000241765614398	-1.610256688329184e-07
4.032456197486963	-1.598454791870547e-07
4.064670629359527	-1.586828923108213e-07
4.096885061232091	-1.575375205656328e-07
4.129099493104655	-1.564089871041147e-07
4.161313924977219	-1.552969255083932e-07
4.193528356849783	-1.542009794424881e-07
4.225742788722347	-1.531208272463517e-07
4.257957220594911	-1.520560793586914e-07
4.290171652467476	-1.510064332254136e-07
4.32238608434004	-1.499715699137116e-07
4.354600516212604	-1.489511791118955e-07
4.386814948085168	-1.479449588479674e-07
4.419029379957732	-1.469526152189116e-07
4.451243811830296	-1.459738621302335e-07
4.48345824370286	-1.4500842104531e-07
4.515672675575424	-1.440560207441239e-07
4.547887107447989	-1.431164116564894e-07
4.580101539320553	-1.421893058790753e-07
4.612315971193117	-1.41274467691629e-07
4.644530403065681	-1.403716530746446e-07
4.676744834938245	-1.394806242961869e-07
4.708959266810809	-1.38601149715249e-07
4.741173698683373	-1.377330035923059e-07
4.773388130555937	-1.368759659067586e-07
4.805602562428501	-1.360298221809918e-07
4.837816994301066	-1.351943633107615e-07
4.87003142617363	-1.34369394092764e-07
4.902245858046194	-1.335546974059312e-07
4.934460289918758	-1.327500882087718e-07
4.966674721791322	-1.319553774159923e-07
4.998889153663886	-1.311703805834752e-07
5.03110358553645	-1.303949177692006e-07
5.063318017409014	-1.296288133990567e-07
5.095532449281579	-1.288718961373484e-07
5.127746881154143	-1.281239987618097e-07
5.159961313026707	-1.273849580429489e-07
5.192175744899271	-1.266546198357941e-07
5.224390176771835	-1.25932817596557e-07
5.256604608644399	-1.252194047255141e-07
5.288819040516963	-1.245142329007018e-07
5.321033472389527	-1.238171572664835e-07
5.353247904262092	-1.231280363340538e-07
5.385462336134656	-1.22446731885308e-07
5.41767676800722	-1.217731088799379e-07
5.449891199879784	-1.211070353656452e-07
5.482105631752348	-1.204483823913383e-07
5.514320063624912	-1.197965356695755e-07
5.546534495497476	-1.19152379168679e-07
5.57874892737004	-1.185153187432281e-07
5.610963359242604	-1.178852365597186e-07
5.643177791115169	-1.172620153079943e-07
5.675392222987733	-1.16645537744902e-07
5.707606654860297	-1.160356861070167e-07
5.739821086732861	-1.154323413394993e-07
5.772035518605425	-1.148353820625184e-07
5.804249950477989	-1.142446831561045e-07
5.836464382350553	-1.129054602892375e-07
5.868678814223117	-1.122644909267085e-07
5.900893246095682	-1.117134156806785e-07
5.933107677968246	-1.113002503090637e-07
5.96532210984081	-1.11095094928519e-07
5.997536541713374	-1.112021618667088e-07
6.029750973585938	-1.117799761315269e-07
6.061965405458502	-1.130767528196674e-07
6.094179837331066	-1.154955284335263e-07
6.12639426920363	-1.197215014319733e-07
6.158608701076195	-2.268511693910015e-07
6.190823132948759	-2.610502312683843e-07
6.223037564821323	-3.002432025015721e-07
6.255251996693887	-3.447968952280758e-07
6.287466428566451	-3.950554315523401e-07
6.319680860439015	-4.513326798290768e-07
6.351895292311579	-5.139058833150985e-07
6.384109724184143	-5.830106167434147e-07
6.416324156056707	-6.588371336853172e-07
6.448538587929272	-7.415280978178832e-07
6.480753019801836	-7.664079139181038e-07
6.5129674516744	-8.427185572636365e-07
6.545181883546964	-9.159893375105272e-07
6.577396315419528	-9.410642385168263e-07
6.609610747292092	-1.40187161859884e-06
6.641825179164656	-1.343893283897819e-06
6.67403961103722	-1.441481714589059e-06
6.706254042909785	-1.563138851385454e-06
6.738468474782349	-1.698767259526945e-06
6.770682906654913	-1.846131927151024e-06
6.802897338527477	-2.052277450870776e-06
6.835111770400041	-2.212893423805778e-06
6.867326202272605	-2.383612220293964e-06
6.899540634145169	-2.565151162253516e-06
6.931755066017733	-2.758270121828502e-06
6.963969497890298	-2.963774992656465e-06
6.996183929762862	-3.182521300455214e-06
7.028398361635426	-3.415417977401316e-06
7.06061279350799	-3.663431323891173e-06
7.092827225380554	-3.92758918075588e-06
7.125041657253118	-4.209037218326602e-06
7.157256089125682	-4.508832006522338e-06
7.189470520998246	-4.828264879068009e-06
7.22168495287081	-5.16865682643472e-06
7.253899384743375	-5.531415435207695e-06
7.286113816615939	-5.918040841471521e-06
7.318328248488503	-6.330132070000447e-06
7.350542680361067	-6.769393787891421e-06
7.382757112233631	-7.237643502904481e-06
7.414971544106195	-7.736819238571751e-06
7.447185975978759	-8.268746635961312e-06
7.479400407851323	-8.83612894465581e-06
7.511614839723888	-9.441080968390094e-06
7.543829271596452	-1.008610961662788e-05
7.576043703469016	-1.077388794900245e-05
7.60825813534158	-1.150726634811095e-05
7.640472567214144	-1.228928443445953e-05
7.672686999086708	-1.312318377461557e-05
7.704901430959272	-1.401242143693734e-05
7.737115862831836	-1.496068445281996e-05
7.769330294704401	-1.59716914820995e-05
7.801544726576965	-1.70500785178261e-05
7.833759158449529	-1.820011101909634e-05
7.865973590322093	-1.942656043019116e-05
7.898188022194657	-2.073451528954144e-05
7.930402454067221	-2.21294024147648e-05
7.962616885939785	-2.361700949909907e-05
7.994831317812349	-2.520350921432233e-05
8.027045749684913	-2.68954849215649e-05
8.059260181557477	-2.869995809816777e-05
8.091474613430041	-3.062423498316654e-05
8.123689045302605	-3.267667991806265e-05
8.155903477175169	-3.486563494619501e-05
8.188117909047733	-3.720018656863334e-05
8.220332340920297	-3.969002566314968e-05
8.252546772792861	-4.234548777038863e-05
8.284761204665426	-4.517759606382315e-05
8.31697563653799	-4.819810718302396e-05
8.349190068410554	-5.141956012173419e-05
8.381404500283118	-5.485532837500719e-05
8.413618932155682	-5.851951424180233e-05
8.445833364028246	-6.242766348604969e-05
8.47804779590081	-6.659584569770064e-05
8.510262227773374	-7.104136683482064e-05
8.542476659645938	-7.578268429828976e-05
8.574691091518503	-8.083948361504375e-05
8.606905523391067	-8.62327602278783e-05
8.639119955263631	-9.198490673245539e-05
8.671334387136195	-9.81198059248435e-05
8.703548819008759	-0.0001046629300471455
8.735763250881323	-0.0001116412993325735
8.767977682753887	-0.0001190841931542834
8.800192114626451	-0.0001270223734864247
8.832406546499016	-0.0001354888017602397
8.86462097837158	-0.0001445186327541716
8.896835410244144	-0.0001541493606094266
8.929049842116708	-0.0001644209745664287
8.961264273989272	-0.0001753761250698159
8.993478705861836	-0.000187060300932758
9.0256931377344	-0.0001995220182973927
9.057907569606964	-0.000212812884197243
9.090122001479529	-0.0002269883717413005
9.122336433352093	-0.0002421072096453571
9.154550865224657	-0.0002582321774883152
9.186765297097221	-0.0002754302326081791
9.218979728969785	-0.0002937727881757437
9.251194160842349	-0.0003133360097777641
9.283408592714913	-0.0003342011317420862
9.315623024587477	-0.0003564547945192498
9.347837456460041	-0.0003801894045227028
9.380051888332606	-0.0004055033862749623
9.41226632020517	-0.0004325021261801777
9.444480752077734	-0.0004612976081868959
9.476695183950298	-0.0004920094045999699
9.508909615822862	-0.0005247650450372427
9.541124047695426	-0.0005597005460288648
9.57333847956799	-0.0005969609758651377
9.605552911440554	-0.0006367010570393001
9.637767343313119	-0.0006790858087878784
9.669981775185683	-0.0007242912323978817
9.702196207058247	-0.000772504914846823
9.734410638930811	-0.0008239273250163809
9.766625070803375	-0.0008787718709855775
9.798839502675939	-0.0009372662943670312
9.831053934548503	-0.0009996534927315971
9.863268366421067	-0.001066192528273727
9.895482798293632	-0.001137159703606975
9.927697230166196	-0.001212849709158031
9.95991166203876	-0.001293576846924583
9.992126093911324	-0.001379676335679935
10.02434052578389	-0.001471505578815418
10.05655495765645	-0.001569446153279394
10.08876938952902	-0.001673904637643881
10.12098382140158	-0.001785314796262834
10.15319825327414	-0.001904139260207778
10.18541268514671	-0.002030871448378844
10.21762711701927	-0.002166037616469202
10.24984154889184	-0.002310199042291958
10.2820559807644	-0.002463954356545187
10.31427041263697	-0.002627942028694478
10.34648484450953	-0.002802842896219709
10.37869927638209	-0.002989383487843383
10.41091370825466	-0.003188338297218972
10.44312814012722	-0.003400533486171389
10.47534257199979	-0.003626850197183644
10.50755700387235	-0.003868228212382156
10.53977143574491	-0.004125669856030282
10.57198586761748	-0.004400244156736529
10.60420029949004	-0.004693091286661211
10.63641473136261	-0.005005427296157479
10.66862916323517	-0.005338549042959579
10.70084359510773	-0.005693840067208961
10.7330580269803	-0.006072775602774296
10.76527245885286	-0.006476929184151418
10.79748689072543	-0.006907979063928142
10.82970132259799	-0.007367715181780888
10.86191575447056	-0.007858046597259293
10.89413018634312	-0.008381009417225586
10.92634461821568	-0.0089387752508673
10.95855905008825	-0.009533660227395229
10.99077348196081	-0.01016813449441713
11.02298791383338	-0.01084483296061321
11.05520234570594	-0.01156656551008387
11.0874167775785	-0.01233632914699395
11.11963120945107	-0.01315732032508932
11.15184564132363	-0.01403294822104579
11.1840600731962	-0.01496684889115857
11.21627450506876	-0.01596290037016089
11.24848893694132	-0.01702523877486881
11.28070336881389	-0.01815827547952508
11.31291780068645	-0.0193667153154922
11.34513223255902	-0.02065557659028989
11.37734666443158	-0.02203021120384842
11.40956109630415	-0.02349632734574699
11.44177552817671	-0.02506001308373792
11.47398996004927	-0.02672776164456383
11.50620439192184	-0.02850649837721109
11.5384188237944	-0.03040360951056342
11.57063325566697	-0.03242697282487397
11.60284768753953	-0.03458499036442161
11.63506211941209	-0.03688662320908338
11.66727655128466	-0.03934142916520727
11.69949098315722	-0.04195960173565845
11.73170541502979	-0.04475201291961071
11.76391984690235	-0.0477302582444174
11.79613427877491	-0.05090670491623604
11.82834871064748	-0.05429454317506751
11.86056314252004	-0.05790784106746032
11.89277757439261	-0.06176160286432814
11.92499200626517	-0.06587183136646382
11.95720643813774	-0.07025559423876811
11.9894208700103	-0.07493109536218295
12.02163530188286	-0.07991774970917755
12.05384973375543	-0.08523626443418782
12.08606416562799	-0.09090872474651523
12.11827859750056	-0.09695868561950635
12.15049302937312	-0.1034112696029593
12.18270746124568	-0.1102932711449195
12.21492189311825	-0.117633267856067
12.24713632499081	-0.1254617391787194
12.27935075686338	-0.13381119283582
12.31156518873594	-0.1427163002967492
12.3437796206085	-0.1522140400365
12.37599405248107	-0.1623438515576442
12.40820848435363	-0.173147799049862
12.4404229162262	-0.1846707460621365
12.47263734809876	-0.1969605417993297
12.50485177997133	-0.210068219816744
12.53706621184389	-0.2240482099377586
12.56928064371645	-0.2389585642745242
12.60149507558902	-0.2548611981730918
12.63370950746158	-0.2718221477938952
12.66592393933415	-0.2899118436146323
12.69813837120671	-0.3092054033612694
12.73035280307927	-0.3297829438221296
12.76256723495184	-0.3517299135340615
12.7947816668244	-0.3751374476087671
12.82699609869697	-0.4001027461727283
12.85921053056953	-0.4267294779922121
12.89142496244209	-0.4551282109593875
12.92363939431466	-0.4854168711101244
12.95585382618722	-0.517721232789174
12.98806825805979	-0.5521754402175172
13.02028268993235	-0.5889225649950993
13.05249712180492	-0.6281152000945005
13.08471155367748	-0.6699160935055264
13.11692598555004	-0.7144988240486387
13.14914041742261	-0.7620485221635938
13.18135484929517	-0.8127626386663632
13.21356928116774	-0.8668517646665739
13.2457837130403	-0.9245405059333365
13.27799814491286	-0.9860684160489857
13.31021257678543	-1.051690990447264
13.34242700865799	-1.121680727828171
13.37464144053056	-1.196328261599666
13.40685587240312	-1.275943566737252
13.43907030427568	-1.360857246959554
13.47128473614825	-1.451421907565196
13.50349916802081	-1.548013619631468
13.53571359989338	-1.651033481655088
13.56792803176594	-1.760909285002725
13.60014246363851	-1.878097290795757
13.63235689551107	-2.003084123829952
13.66457132738363	-2.13638879375817
13.6967857592562	-2.278564850172528
13.72900019112876	-2.430202681227161
13.76121462300133	-2.591931965233752
13.79342905487389	-2.764424285409959
13.82564348674645	-2.948395918638574
13.85785791861902	-3.1446108098179
13.89007235049158	-3.353883744037168
13.92228678236415	-3.577083730458645
13.95450121423671	-3.815137610179281
13.98671564610927	-4.069033905418226
14.01893007798184	-4.339826924256729
14.0511445098544	-4.628641138667914
14.08335894172697	-4.936675853903147
14.11557337359953	-5.265210188624637
14.1477878054721	-5.615608386464563
14.18000223734466	-5.989325481066666
14.21221666921722	-6.387913338018991
14.24443110108979	-6.813027099469127
14.27664553296235	-7.266432056421095
14.30885996483492	-7.750010979594329
14.34107439670748	-8.265771937544351
14.37328882858004	-8.815856635196907
14.40550326045261	-9.402549307309139
14.43771769232517	-10.02828620378781
14.46993212419774	-10.69566570625273
14.5021465560703	-11.40745911785469
14.53436098794286	-12.16662217103249
14.56657541981543	-12.97630730172179
14.59878985168799	-13.83987673916243
14.63100428356056	-14.76091646808253
14.66321871543312	-15.74325111943647
14.69543314730569	-16.79095985224077
14.72764757917825	-17.90839329234232
14.75986201105081	-19.10019159845507
14.79207644292338	-20.3713037304877
14.82429087479594	-21.72700800017166
14.85650530666851	-23.17293398921834
14.88871973854107	-24.71508592668625
14.92093417041363	-26.3598676209606
14.9531486022862	-28.11410905210003
14.98536303415876	-29.98509473332248
15.01757746603133	-31.98059396005299
15.04979189790389	-34.10889307203664
15.08200632977645	-36.37882986248521
15.11422076164902	-38.79983027714422
15.14643519352158	-41.38194755566902
15.17864962539415	-44.13590397771994
15.21086405726671	-47.07313538791671
15.24307848913928	-50.20583868255464
15.27529292101184	-53.54702245791614
15.3075073528844	-57.11056102853107
15.33972178475697	-60.91125204047088
15.37193621662953	-64.96487791879082
15.4041506485021	-69.28827140428045
15.43636508037466	-73.8993854516664
15.46857951224722	-78.81736777952011
15.50079394411979	-84.06264038135221
15.53300837599235	-89.65698432859151
15.56522280786492	-95.62363021627706
15.59743723973748	-101.9873546287867
15.62965167161004	-108.7745830248858
15.66186610348261	-116.0134994698286
15.69408053535517	-123.7341636701061
15.72629496722774	-131.9686357968112
15.7585093991003	-140.7511096159741
15.79072383097287	-150.1180544786705
15.82293826284543	-160.1083667603913
15.85515269471799	-170.7635313794234
15.88736712659056	-182.1277940626572
15.91958155846312	-194.2483450772161
15.95179599033569	-207.1755151885923
15.98401042220825	-220.9629846598819
16.01622485408081	-235.6680061598668
16.04843928595338	-251.3516425055565
16.08065371782594	-268.0790202264293
16.11286814969851	-285.9196000033029
16.14508258157107	-304.947465104607
16.17729701344363	-325.2416290191297
16.2095114453162	-346.8863635593502
16.24172587718876	-369.9715488022545
16.27394030906133	-394.593046317452
16.30615474093389	-420.8530972337427
16.33836917280646	-448.8607467969156
16.37058360467902	-478.7322971817144
16.40279803655158	-510.5917904383229
16.43501246842415	-544.5715235788
16.46722690029671	-580.8125979426761
16.49944133216928	-619.4655051210182
16.53165576404184	-660.6907518769293
16.5638701959144	-704.6595266509457
16.59608462778697	-751.5544104238667
16.62829905965953	-801.5701348869259
16.6605134915321	-854.9143910679963
16.69272792340466	-911.8086917716558
16.72494235527722	-972.4892914142891
16.75715678714979	-1037.208167074075
16.78937121902235	-1106.234064828445
16.82158565089492	-1179.853615730201
16.85380008276748	-1258.372526041039
16.88601451464005	-1342.116846685278
16.91822894651261	-1431.434327180132
16.95044337838517	-1526.69585967067
16.98265781025774	-1628.29701906486
17.0148722421303	-1736.659705664199
17.04708667400287	-1852.233897110841
17.07930110587543	-1975.499516926401
17.11151553774799	-2106.96842740182
17.14372996962056	-2247.186555111124
17.17594440149312	-2396.736157882403
17.20815883336569	-2556.238242630065
17.24037326523825	-2726.355144095588
17.27258769711081	-2907.793275202229
17.30480212898338	-3101.30606044508
17.33701656085594	-3307.697064497227
17.36923099272851	-3527.823329023863
17.40144542460107	-3762.598931560311
17.43365985647364	-4012.998781231086
17.4658742883462	-4280.062667079887
17.49808872021876	-4564.899575800268
17.53030315209133	-4868.692296824835
17.56251758396389	-5192.702333874027
17.59473201583646	-5538.275143369244
17.62694644770902	-5906.845721459927
17.65916087958158	-6299.94456286627
17.69137531145415	-6719.204016280943
17.72358974332671	-7166.365062720603
17.75580417519928	-7643.284544978531
17.78801860707184	-8151.94287817971
17.82023303894441	-8694.452273500421
17.85244747081697	-9273.065509145013
17.88466190268953	-9890.185285043435
17.9168763345621	-10548.37420009773
17.94909076643466	-11250.36539341117
17.98130519830723	-11999.0738936887
18.01351963017979	-12797.60872393616
18.04573406205235	-13649.2858117243
18.07794849392492	-14557.64175863764
18.11016292579748	-15526.44852602166
18.14237735767005	-16559.72909816693
18.17459178954261	-17661.77418777432
18.20680622141517	-18837.16005321092
18.23902065328774	-20090.76750149183
18.2712350851603	-21427.80215590903
18.30344951703287	-22853.81607248775
18.33566394890543	-24374.73079538742
18.367878380778	-25996.86194187119
18.40009281265056	-27726.9454412145
18.43230724452312	-29572.16548624443
18.46452167639569	-31540.1843812865
18.49673610826825	-33639.17435360713
18.52895054014082	-35877.85148978962
18.56116497201338	-38265.51192940831
18.59337940388594	-40812.07046738618
18.62559383575851	-43528.10172532772
18.65780826763107	-46424.8840627849
18.69002269950364	-49514.44641081411
18.7222371313762	-52809.6182223722
18.75445156324876	-56324.08274647559
18.78666599512133	-60072.43384857386
18.81888042699389	-64070.23661147935
18.85109485886646	-68334.09196967928
18.88330929073902	-72881.70564495646
18.91552372261159	-77731.96166965594
18.94773815448415	-82905.00080290814
18.97995258635671	-88422.30416542239
19.01216701822928	-94306.78244015588
19.04438145010184	-100582.871010172
19.07659588197441	-107276.6314237098
19.10881031384697	-114415.8596194834
19.14102474571953	-122030.2013471134
19.1732391775921	-130151.2752721535
19.20545360946466	-138812.8042731169
19.23766804133723	-148050.7554764588
19.26988247320979	-157903.4896119425
19.30209690508235	-168411.9203502942
19.33431133695492	-179619.6839144792
19.36652576882748	-191573.3209461147
19.39874020070005	-204322.4689778688
19.43095463257261	-217920.0690524583
19.46316906444518	-232422.585403143
19.49538349631774	-247890.2399412212
19.5275979281903	-264387.2623283461
19.55981236006287	-281982.1566910182
19.59202679193543	-300747.9860845855
19.624241223808	-320762.6758869756
19.65645565568056	-342109.3373704583
19.68867008755312	-364876.6129936501
19.72088451942569	-389159.0440188817
19.75309895129825	-415057.4636703305
19.78531338317082	-442679.4155145091
19.81752781504338	-472139.6001106572
19.84974224691594	-503560.3513064203
19.88195667878851	-537072.1442309639
19.91417111066107	-572814.1370948475
19.94638554253364	-610934.7490464873
19.9785999744062	-651592.2764849172
20.01081440627877	-694955.550391108
20.04302883815133	-741204.6373877147
20.07524327002389	-790531.5874885691
20.10745770189646	-843141.2315758764
20.13967213376902	-899252.031966624
20.17188656564159	-959096.989580631
20.20410099751415	-1022924.611480219
20.23631542938671	-1090999.942799504
20.26852986125928	-1163605.667348122
20.30074429313184	-1241043.281459941
20.33295872500441	-1323634.345951918
20.36517315687697	-1411721.821446812
20.39738758874953	-1505671.492467496
20.4296020206221	-1605873.486398169
20.46181645249466	-1712743.893485498
20.49403088436723	-1826726.494659425
20.52624531623979	-1948294.604339928
20.55845974811236	-2077953.035882178
20.59067417998492	-2216240.19782132
20.62288861185748	-2363730.329621811
20.65510304373005	-2521035.886220487
20.68731747560261	-2688810.081233541
20.71953190747518	-2867749.599466772
20.75174633934774	-3058597.489889343
20.7839607712203	-3262146.251160317
20.81617520309287	-3479241.122490942
20.84838963496543	-3710783.593512914
20.880604066838	-3957735.147727292
20.91281849871056	-4221121.25507885
20.94503293058312	-4502035.630235084
20.97724736245569	-4801644.774219288
21.00946179432825	-5121192.818449643
21.04167622620082	-5462006.690836718
21.07389065807338	-5825501.625983167
21.10610508994595	-6213187.041943831
21.13831952181851	-6626672.808116121
21.17053395369107	-7067675.930275775
21.20274838556364	-7538027.68060239
21.2349628174362	-8039681.20324208
21.26717724930877	-8574719.595753048
21.29939168118133	-9145364.675157804
21.33160611305389	-9753985.998107925
21.36382054492646	-10403110.89062697
21.39603497679902	-11095434.85330388
21.42824940867159	-11833832.77147508
21.46046384054415	-12621370.85319412
21.49267827241671	-13461319.36159175
21.52489270428928	-14357166.19413699
21.55710713616184	-15312631.35943973
21.58932156803441	-16331682.50586278
21.62153599990697	-17418551.13540593
21.65375043177954	-18577750.57881722
21.6859648636521	-19814094.40355579
21.71817929552466	-21132716.54547933
21.75039372739723	-22539092.6023727
21.78260815926979	-24039062.57145374
21.81482259114236	-25638855.10006036
21.84703702301492	-27345113.3502284
21.87925145488748	-29164922.5845871
21.91146588676005	-31105839.58821377
21.94368031863261	-33175924.03042487
21.97589475050518	-35383771.99333413
22.00810918237774	-37738551.58689454
22.0403236142503	-40250041.0676529
22.07253804612287	-42928669.43214395
22.10475247799543	-45785559.72335503
22.136966909868	-48832575.21908356
22.16918134174056	-52082368.69370862
22.20139577361313	-55548434.95670417
22.23361020548569	-59245166.87777172
22.26582463735825	-63187915.37925049
22.29803906923082	-67393052.52563399
22.33025350110338	-71878040.31183051
22.36246793297595	-76661502.71680273
22.39468236484851	-81763303.14129765
22.42689679672107	-87204626.89370042
22.45911122859364	-93008069.17450345
22.4913256604662	-99197729.00771181
22.52354009233877	-105799306.399119
22.55575452421133	-112840220.621142
22.58796895608389	-120349704.1945234
22.62018338795646	-128358941.6073127
22.65239781982902	-136901191.3792377
22.68461225170159	-146011925.343537
22.71682668357415	-155728975.9620402
22.74904111544672	-166092693.4323025
22.78125554731928	-177146113.2442965
22.81346997919184	-188935134.8865607
22.84568441106441	-201508712.4447651
22.87789884293697	-214919057.8843871
22.91011327480954	-229221857.8141339
22.9423277066821	-244476504.9199211
22.97454213855466	-260746344.3001159
23.00675657042723	-278098936.701356
23.03897100229979	-296606339.0179259
23.07118543417236	-316345403.5090228
23.10339986604492	-337398096.9288079
23.13561429791748	-359851840.8945236
23.16782872979005	-383799874.9059167
23.20004316166261	-409341643.5235292
23.23225759353518	-436583208.7024806
23.26447202540774	-465637692.4378569
23.29668645728031	-496625743.3940671
23.32890088915287	-529676039.4822181
23.36111532102543	-564925828.03376
23.393329752898	-602521472.6973529
23.42554418477056	-642619098.6391183
23.45775861664313	-685385209.9460269
23.48997304851569	-730997393.3921912
23.52218748038825	-779645054.2027622
23.55440191226082	-831530203.2854012
23.58661634413338	-886868292.7539327
23.61883077600595	-945889115.7044381
23.65104520787851	-1008837756.964771
23.68325963975107	-1075975611.687128
23.71547407162364	-1147581470.795642
23.7476885034962	-1223952678.670314
23.77990293536877	-1305406367.874487
23.81211736724133	-1392280776.053282
23.8443317991139	-1484936650.471226
23.87654623098646	-1583758748.423488
23.90876066285902	-1689157425.697181
23.94097509473159	-1801570353.683892
23.97318952660415	-1921464328.52332
24.00540395847672	-2049337211.271905
24.03761839034928	-2185719994.767717
24.06983282222184	-2331179005.842085
24.10204725409441	-2486318210.18845
24.13426168596697	-2651782122.725274
24.16647611783954	-2828257400.741061
24.1986905497121	-3016477066.411623
24.23090498158466	-3217222729.576757
24.26311941345723	-3431327957.747273
24.29533384532979	-3659681825.987913
24.32754827720236	-3903232577.0344
24.35976270907492	-4162991558.882794
24.39197714094749	-4440037424.424208
24.42419157282005	-4735520610.563106
24.45640600469261	-5050668115.42022
24.48862043656518	-5386788593.456335
24.52083486843774	-5745277783.1324
24.55304930031031	-6127624328.686079
24.58526373218287	-6535415923.899493
24.61747816405543	-6970345929.248342
24.649692595928	-7434220397.82428
24.68190702780056	-7928965574.985033
24.71412145967313	-8456635897.096529
24.74633589154569	-9019422522.577364
24.77855032341825	-9619662430.658564
24.81076475529082	-10259848125.61753
24.84297918716338	-10942637985.2069
24.87519361903595	-11670867304.58822
24.90740805090851	-12447560061.30889
24.93962248278108	-13275941473.38107
24.97183691465364	-14159451376.74719
25.0040513465262	-15101758410.02954
25.03626577839877	-16106705873.16467
25.06848021027133	-17178678468.88283
25.1006946421439	-18321914103.67749
25.13290907401646	-19541231958.55447
25.16512350588902	-20841695415.74492
25.19733793776159	-22228703894.62724
25.22955236963415	-23708017464.46538
25.26176680150672	-25285778954.01789
25.29398123337928	-26968540025.58524
25.32619566525184	-28763288362.23375
25.35841009712441	-30677476679.12569
25.39062452899697	-32719053669.21972
25.42283896086954	-34896497009.58547
25.4550533927421	-37218848564.73111
25.48726782461467	-39695752315.3733
25.51948225648723	-42337492906.10625
25.55169668835979	-45155040525.84121
25.58391112023236	-48160095058.75127
25.61612555210492	-51365134966.45437
25.64833998397749	-54783468814.09802
25.68055441585005	-58429299897.37794
25.71276884772261	-62317746987.58956
25.74498327959518	-66464974084.97353
25.77719771146774	-70888198193.26855
25.80941214334031	-75605785606.6321
25.84162657521287	-80637328319.25157
25.87384100708543	-86003718718.43088
25.906055438958	-91727240819.59174
25.93826987083056	-97831661632.95319
25.97048430270313	-104342329856.4527
26.00269873457569	-111286281136.7023
26.03491316644826	-118692350335.1105
26.06712759832082	-126591291265.4422
26.09934203019338	-135015904400.3025
26.13155646206595	-144001171924.6559
26.16377089393851	-153584407026.3075
26.19598532581108	-163805403367.8565
26.22819975768364	-174706603530.8661
26.2604141895562	-186333274133.7629
26.29262862142877	-198733691119.1513
26.32484305330133	-211959885594.3943
26.3570574851739	-226065224349.2812
26.38927191704646	-241109790047.0292
26.42148634891903	-257155572351.2362
26.45370078079159	-274269169131.9627
26.48591521266415	-292521688899.8354
26.51812964453672	-311988725620.0598
26.55034407640928	-332751762592.4254
26.58255850828185	-354896271059.3829
26.61477294015441	-378514506051.5345
26.64698737202697	-403704531385.4838
26.67920180389954	-430570947058.9391
26.7114162357721	-459225315661.5847
26.74363066764467	-489786624651.9674
26.77584509951723	-522381781716.0778
26.80805953138979	-557146135369.8351
26.84027396326236	-594224046911.3789
26.87248839513492	-633769482946.0063
26.90470282700749	-675946656521.2651
26.93691725888005	-720930709022.7443
26.96913169075262	-768908437450.5822
27.00134612262518	-820079070096.651
27.03356055449774	-874655093843.0938
27.06577498637031	-932863136517.5753
27.09798941824287	-994944906277.9493
27.13020385011544	-1061158202150.725
27.162418281988	-1131777974342.074
27.19463271386056	-1207097472635.552
27.22684714573313	-1287429462502.216
27.25906157760569	-1373107523861.865
27.29127600947826	-1464487436275.847
27.32349044135082	-1561948656322.61
27.35570487322338	-1665895893290.958
27.38791930509595	-1776760789732.825
27.42013373696851	-1895003695269.69
27.45234816884108	-2021115650036.105
27.48456260071364	-2155620321751.826
27.51677703258621	-2299076244621.322
27.54899146445877	-2452079124010.131
27.58120589633133	-2615264311005.467
27.6134203282039	-2789309442807.261
27.64563476007646	-2974937262361.629
27.67784919194903	-3172918639416.937
27.71006362382159	-3384075874092.562
27.74227805569415	-3609283811755.247
27.77449248756672	-3849480550314.375
27.80670691943928	-4105662320164.96
27.83892135131185	-4378892921181.392
27.87113578318441	-4670306948988.541
27.90335021505697	-4981114506387.253
27.93556464692954	-5312606228330.82
27.9677790788021	-5666158641318.1
27.99999351067467	-6043239879455.77
28.03220794254723	-6445415780926.401
28.0644223744198	-6874356366962.374
28.09663680629236	-7331842870434.945
28.12885123816492	-7819774992844.375
28.16106567003749	-8340178883896.068
28.19328010191005	-8895215533120.492
28.22549453378262	-9487189743407.289
28.25770896565518	-10118559701715.75
28.28992339752774	-10791947186696.22
28.32213782940031	-11510148455604.62
28.35435226127287	-12276145855704.59
28.38656669314544	-13093117648499.35
28.418781125018	-13964459637900.44
28.45099555689056	-14893783697627.82
28.48320998876313	-15884983316412.82
28.51542442063569	-16942116170588.33
28.54763885250826	-18069607475298.49
28.57985328438082	-19272133945630.29
28.61206771625339	-20554688527856.43
28.64428214812595	-21922596897416.95
28.67649657999851	-23381539256587.38
28.70871101187108	-24937580557834.93
28.74092544374364	-26597172373559.3
28.77313987561621	-28367231639369.91
28.80535430748877	-30255015270818.35
28.83756873936133	-32268486049569.57
28.8697831712339	-34415946731012.59
28.90199760310646	-36706319042837.12
28.93421203497903	-39149114441628.05
28.96642646685159	-41754476855585.65
28.99864089872415	-44533225154309.12
29.03085533059672	-47496894580587.21
29.06306976246928	-50657799238387.31
29.09528419434185	-54029061252109.21
29.12749862621441	-57624679853022.47
29.15971305808698	-61459585919053.84
29.19192748995954	-65549703976313.4
29.2241419218321	-69912018327298.52
29.25635635370467	-74564643580900.89
29.28857078557723	-79526899878288.38
29.3207852174498	-84819393130086.81
29.35299964932236	-90464085050990.12
29.38521408119492	-96484440667429.73
29.41742851306749	-102905448560841.8
29.44964294494005	-109753771878487
29.48185737681262	-117057848134031.6
29.51407180868518	-124848007252431.3
29.54628624055774	-133156597433951.7
29.57850067243031	-142018119309760.3
29.61071510430287	-151469368805855.1
29.64292953617544	-161549588844204.4
29.675143968048	-172300770145696.5
29.70735839992057	-183767348387382.1
29.73957283179313	-195997027039622.7
29.77178726366569	-209040590793642.4
29.80400169553826	-222952204242269.5
29.83621612741082	-237789636928825.7
29.86843055928339	-253614503476800.6
29.90064499115595	-270492519929690.5
29.93285942302851	-288493777714122.4
29.96507385490108	-307693037429204
29.99728828677364	-328169652854876.3
30.02950271864621	-350009223200316.6
30.06171715051877	-373302187149005.1
30.09393158239133	-398145246159585.1
30.1261460142639	-424641504072121.8
30.15836044613646	-452900793970475.7
30.19057487800903	-483039170418492.1
30.22278930988159	-515198098781851.4
30.25500374175416	-549476979865349.4
30.28721817362672	-586043528237187.1
30.31943260549928	-625042746023577.2
30.35164703737185	-666639414737995.9
30.38386146924441	-711004338714223.8
30.41607590111698	-758321738842008.5
30.44829033298954	-808788094877384.4
30.4805047648621	-862612961153912.5
30.51271919673467	-920019836568329.9
30.54493362860723	-981247092451475.5
30.5771480604798	-1046548962175775
30.60936249235236	-1116196596606730
30.64157692422492	-1190478766320822
30.67379135609749	-1269704746720378
30.70600578797005	-1354203133300474
30.73822021984262	-1444324791274915
30.77043465171518	-1540443932972355
30.80264908358775	-1642959670527937
30.83486351546031	-1752297671359703
30.86707794733287	-1868911922902602
30.89929237920544	-1993286613192990
30.931506811078	-2125938133696200
30.96372124295057	-2267419350472597
30.99593567482313	-2418314026943862
31.02815010669569	-2579249916349550
31.06036453856826	-2750894470968946
31.09257897044082	-2933957976406248
31.12479340231339	-3129188662548511
31.15700783418595	-3336327136620421
31.18922226605851	-3559651543458680
31.22143669793108	-3796512772501717
31.25365112980364	-4049157878153192
31.28586556167621	-4318633597014248
31.31807999354877	-4606026899104550
31.35029442542134	-4912549540578937
31.3825088572939	-5239472856133919
31.41472328916646	-5588153761580060
31.44693772103903	-5960039839733022
31.47915215291159	-6356675172089177
31.51136658478416	-6779706679854315
31.54358101665672	-7230890930964056
31.57579544852928	-7712101418458906
31.60800988040185	-8225336331726083
31.64022431227441	-8772726849178209
31.67243874414698	-9356545985092034
31.70465317601954	-9979218026491350
31.7368676078921	-1.06433285988148e+16
31.76908203976467	-1.135163540191917e+16
31.80129647163723	-1.210707966085472e+16
31.8335109035098	-1.291279833888068e+16
31.86572533538236	-1.377213716337776e+16
31.89793976725493	-1.468866451872062e+16
31.93015419912749	-1.566618626377164e+16
31.96236863100005	-1.670876153551798e+16
31.99458306287262	-1.782071960446006e+16
32.02679749474518	-1.900667785174107e+16
32.05901192661774	-2.027156094266098e+16
32.0912263584903	-2.16206212761871e+16
32.12344079036286	-2.305946079537813e+16
32.15565522223542	-2.459405424928473e+16
32.18786965410798	-2.623077400292092e+16
32.22008408598055	-2.797641649832702e+16
