0
1000	1.0219978922	100000000000000.1
5	0	0	1
5	0	0	0
0.03786664528905326	1.60412962627226e-08
0.07008107716161713	4.826800568294932e-08
0.102295509034181	8.069460411182753e-08
0.1345099409067449	1.133305316087101e-07
0.1667243727793087	1.461854132259383e-07
0.1989388046518726	1.792690614002266e-07
0.2311532365244365	2.125914787407022e-07
0.2633676683970003	2.461628612016038e-07
0.2955821002695642	2.799936016285774e-07
0.3277965321421281	3.140942936684474e-07
0.360010964014692	3.484757360332559e-07
0.3922253958872559	3.831489371102648e-07
0.4244398277598198	4.181251199105071e-07
0.4566542596323837	4.534157273493316e-07
0.4888686915049476	4.890324278532341e-07
0.5210831233775115	5.249871212880923e-07
0.5532975552500754	5.612919452047174e-07
0.5855119871226393	5.979592813984152e-07
0.6177264189952032	6.350017627800088e-07
0.6499408508677671	6.724322805565e-07
0.682155282740331	7.102639917202694e-07
0.7143697146128949	7.485103268463941e-07
0.7465841464854588	7.871849981983398e-07
0.7787985783580227	8.263020081429406e-07
0.8110130102305866	8.658756578762004e-07
0.8432274421031505	9.059205564620703e-07
0.8754418739757144	9.464516301869737e-07
0.9076563058482783	9.874841322334017e-07
0.9398707377208422	1.029033652676511e-06
0.9720851695934061	1.07111612880818e-06
1.00429960146597	1.11374777970455e-06
1.036514033338534	1.156945221481177e-06
1.068728465211098	1.200725714294838e-06
1.100942897083662	1.245106633140052e-06
1.133157328956226	1.290105741326756e-06
1.165371760828789	1.335741440903559e-06
1.197586192701353	1.382032494809046e-06
1.229800624573917	1.428997785190261e-06
1.262015056446481	1.476657049904785e-06
1.294229488319045	1.52503036138385e-06
1.326443920191609	1.574138022927047e-06
1.358658352064173	1.624001215986453e-06
1.390872783936737	1.674641406255071e-06
1.423087215809301	1.726080750802888e-06
1.455301647681865	1.778342004995826e-06
1.487516079554428	1.831447824223796e-06
1.519730511426992	1.885422534759342e-06
1.551944943299556	1.940289929046099e-06
1.58415937517212	1.996075261919417e-06
1.616373807044684	2.05280378021496e-06
1.648588238917248	2.110501738745655e-06
1.680802670789812	2.169195980084225e-06
1.713017102662376	2.228913853650474e-06
1.74523153453494	2.289683892194552e-06
1.777445966407504	2.351534566785032e-06
1.809660398280067	2.414496009073516e-06
1.841874830152631	2.478598315104213e-06
1.874089262025195	2.543872556847796e-06
1.906303693897759	2.610351150460611e-06
1.938518125770323	2.678066393778317e-06
1.970732557642887	2.747052150205573e-06
2.002946989515451	2.817342895799136e-06
2.035161421388014	2.888973883137177e-06
2.067375853260578	2.961981647946145e-06
2.099590285133142	3.036403406833975e-06
2.131804717005705	3.112277595637991e-06
2.164019148878269	3.189643731990984e-06
2.196233580750833	3.268541239510883e-06
2.228448012623396	3.349011951951285e-06
2.26066244449596	3.431098817412383e-06
2.292876876368524	3.514843531107443e-06
2.325091308241087	3.600292898933731e-06
2.357305740113651	3.687491923102337e-06
2.389520171986215	3.776487681688098e-06
2.421734603858778	3.867329477798014e-06
2.453949035731342	3.960066284853673e-06
2.486163467603906	4.054749235187994e-06
2.518377899476469	4.151430931625088e-06
2.550592331349033	4.250164520312248e-06
2.582806763221597	4.351005647127389e-06
2.61502119509416	4.454010671581452e-06
2.647235626966724	4.559239785329236e-06
2.679450058839288	4.666748944692083e-06
2.711664490711851	4.776602246647784e-06
2.743878922584415	4.888862370601986e-06
2.776093354456979	5.003593312902183e-06
2.808307786329542	5.120863622536944e-06
2.840522218202106	5.240739485810091e-06
2.87273665007467	5.363292225525942e-06
2.904951081947234	5.488592838613436e-06
2.937165513819797	5.616718726237808e-06
2.969379945692361	5.747742059440906e-06
3.001594377564925	5.881743724422299e-06
3.033808809437488	6.018803953243982e-06
3.066023241310052	6.159003416180104e-06
3.098237673182616	6.30242774869938e-06
3.130452105055179	6.449165637316775e-06
3.162666536927743	6.599305330569795e-06
3.194880968800307	6.75293995083122e-06
3.22709540067287	6.910161748657022e-06
3.259309832545434	7.071068603439478e-06
3.291524264417998	7.23576456854584e-06
3.323738696290561	7.404347408079797e-06
3.355953128163125	7.576924974435006e-06
3.388167560035689	7.753603367738674e-06
3.420381991908252	7.934497561248554e-06
3.452596423780816	8.119719102995523e-06
3.48481085565338	8.309387338291481e-06
3.517025287525943	8.503622282117611e-06
3.549239719398507	8.702549181285833e-06
3.581454151271071	8.906294940486628e-06
3.613668583143634	9.114992821412245e-06
3.645883015016198	9.328774727127019e-06
3.678097446888762	9.547782939255631e-06
3.710311878761325	9.77215763891042e-06
3.742526310633889	1.000204697139601e-05
3.774740742506453	1.023760160480144e-05
3.806955174379016	1.047897467865668e-05
3.83916960625158	1.072632879485421e-05
3.871384038124144	1.09798242046465e-05
3.903598469996707	1.123963400807774e-05
3.935812901869271	1.150592760059645e-05
3.968027333741835	1.177888365138118e-05
4.000241765614398	1.205868711280248e-05
4.032456197486963	1.234552510174823e-05
4.064670629359527	1.263958923510032e-05
4.096885061232091	1.294108130846073e-05
4.129099493104655	1.325020441237924e-05
4.161313924977219	1.35671709163257e-05
4.193528356849783	1.389219637193452e-05
4.225742788722347	1.422550122437965e-05
4.257957220594911	1.456731668049406e-05
4.290171652467476	1.491787715926593e-05
4.32238608434004	1.527742163482752e-05
4.354600516212604	1.564620582803444e-05
4.386814948085168	1.602448034219256e-05
4.419029379957732	1.641251069139436e-05
4.451243811830296	1.681056235342952e-05
4.48345824370286	1.72189204551103e-05
4.515672675575424	1.763786816829442e-05
4.547887107447989	1.806769897942441e-05
4.580101539320553	1.850871766300074e-05
4.612315971193117	1.896123466471538e-05
4.644530403065681	1.942557021736309e-05
4.676744834938245	1.990205171168339e-05
4.708959266810809	2.039102049120161e-05
4.741173698683373	2.089282448398638e-05
4.773388130555937	2.140781984057782e-05
4.805602562428501	2.193637913410042e-05
4.837816994301066	2.247887939840628e-05
4.87003142617363	2.303571114952544e-05
4.902245858046194	2.360727336078132e-05
4.934460289918758	2.419398161724903e-05
4.966674721791322	2.479625999646446e-05
4.998889153663886	2.541454378277439e-05
5.03110358553645	2.60492809620579e-05
5.063318017409014	2.670093739369439e-05
5.095532449281579	2.736998729119521e-05
5.127746881154143	2.805691840553161e-05
5.159961313026707	2.876223359240785e-05
5.192175744899271	2.948645090201333e-05
5.224390176771835	3.0230104984841e-05
5.256604608644399	3.099374110489381e-05
5.288819040516963	3.177792418416585e-05
5.321033472389527	3.258323204259911e-05
5.353247904262092	3.341026221923331e-05
5.385462336134656	3.425962977810811e-05
5.41767676800722	3.513196571974691e-05
5.449891199879784	3.602791851304636e-05
5.482105631752348	3.694815503864555e-05
5.514320063624912	3.789336770075295e-05
5.546534495497476	3.886426170364095e-05
5.57874892737004	3.986156582329447e-05
5.610963359242604	4.08860278306328e-05
5.643177791115169	4.193841728218471e-05
5.675392222987733	4.301953137800693e-05
5.707606654860297	4.413018601688373e-05
5.739821086732861	4.527121758245536e-05
5.772035518605425	4.644349279572292e-05
5.804249950477989	4.764790029363605e-05
5.836464382350553	4.888535388014145e-05
5.868678814223117	5.015679798845048e-05
5.900893246095682	5.146320062811226e-05
5.933107677968246	5.280555701291621e-05
5.96532210984081	5.418489618147653e-05
5.997536541713374	5.560227347932917e-05
6.029750973585938	5.705877218259572e-05
6.061965405458502	5.85555158612277e-05
6.094179837331066	6.009365266214824e-05
6.12639426920363	6.167436954162071e-05
6.158608701076195	6.329888247590998e-05
6.190823132948759	6.49684473711821e-05
6.223037564821323	6.66843528025289e-05
6.255251996693887	6.844793224089665e-05
6.287466428566451	7.026055189704034e-05
6.319680860439015	7.212361884823515e-05
6.351895292311579	7.403858128242687e-05
6.384109724184143	7.600693069158312e-05
6.416324156056707	7.803020032086462e-05
6.448538587929272	8.010996993161232e-05
6.480753019801836	8.224787061336077e-05
6.5129674516744	8.444557007629916e-05
6.545181883546964	8.670479145770596e-05
6.577396315419528	8.902730809950638e-05
6.609610747292092	9.141494533008573e-05
6.641825179164656	9.38695822591983e-05
6.67403961103722	9.639314547631052e-05
6.706254042909785	9.89876328503629e-05
6.738468474782349	0.0001016550904904047
6.770682906654913	0.0001043976265100616
6.802897338527477	0.0001072174124039148
6.835111770400041	0.0001101166808355261
6.867326202272605	0.0001130977313225008
6.899540634145169	0.0001161629326262519
6.931755066017733	0.0001193147184498952
6.963969497890298	0.0001225556035447246
6.996183929762862	0.0001258881666945817
7.028398361635426	0.0001293150674551542
7.06061279350799	0.0001328390436751495
7.092827225380554	0.0001364629093410682
7.125041657253118	0.0001401895673531679
7.157256089125682	0.0001440220035425825
7.189470520998246	0.0001479632905374166
7.22168495287081	0.0001520165952774308
7.253899384743375	0.0001561851763491208
7.286113816615939	0.0001604723852877433
7.318328248488503	0.0001648816756614501
7.350542680361067	0.0001694166035538836
7.382757112233631	0.0001740808298481865
7.414971544106195	0.0001788781218336709
7.447185975978759	0.0001838123591483955
7.479400407851323	0.0001888875339097555
7.511614839723888	0.0001941077641877725
7.543829271596452	0.0001994772816222267
7.576043703469016	0.0002050004460670641
7.60825813534158	0.0002106817458745149
7.640472567214144	0.0002165258017212278
7.672686999086708	0.0002225373727446779
7.704901430959272	0.0002287213597281106
7.737115862831836	0.0002350828077363108
7.769330294704401	0.0002416269077617541
7.801544726576965	0.0002483590070686889
7.833759158449529	0.0002552846196864925
7.865973590322093	0.0002624094111036079
7.898188022194657	0.0002697392213946009
7.930402454067221	0.0002772800606426153
7.962616885939785	0.000285038122109566
7.994831317812349	0.0002930197804149405
8.027045749684913	0.0003012315969279698
8.059260181557477	0.0003096803319724617
8.091474613430041	0.0003183729455022893
8.123689045302605	0.0003273166051627449
8.155903477175169	0.0003365186884172743
8.188117909047733	0.000345986799533228
8.220332340920297	0.0003557287623942997
8.252546772792861	0.0003657526365656667
8.284761204665426	0.0003760667212241724
8.31697563653799	0.0003866795624649885
8.349190068410554	0.0003975999609701153
8.381404500283118	0.0004088369797398324
8.413618932155682	0.0004203999534645629
8.445833364028246	0.0004322984927330039
8.47804779590081	0.0004445424976378549
8.510262227773374	0.0004571421604980714
8.542476659645938	0.0004701079771100053
8.574691091518503	0.0004834507683385849
8.606905523391067	0.0004971816624854132
8.639119955263631	0.0005113121262306069
8.671334387136195	0.0005258539689174344
8.703548819008759	0.0005408193537379894
8.735763250881323	0.0005562208067018973
8.767977682753887	0.000572071228317729
8.800192114626451	0.0005883839047110476
8.832406546499016	0.0006051725205801183
8.86462097837158	0.0006224511685552725
8.896835410244144	0.0006402343645675285
8.929049842116708	0.0006585370537917362
8.961264273989272	0.0006773746332804878
8.993478705861836	0.0006967629668927619
9.0256931377344	0.0007167183851215453
9.057907569606964	0.0007372577113283949
9.090122001479529	0.0007583982714985766
9.122336433352093	0.0007801579109183435
9.154550865224657	0.000802555012486023
9.186765297097221	0.0008256085082061792
9.218979728969785	0.0008493378979404847
9.251194160842349	0.0008737632681335549
9.283408592714913	0.0008989053064939077
9.315623024587477	0.0009247853224864823
9.347837456460041	0.0009514252659371771
9.380051888332606	0.0009788477454874176
9.41226632020517	0.001007076045957689
9.444480752077734	0.001036134160054374
9.476695183950298	0.001066046793148869
9.508909615822862	0.001096839396299484
9.541124047695426	0.001128538186009631
9.57333847956799	0.001161170166669857
9.605552911440554	0.001194763155551573
9.637767343313119	0.001229345807734453
9.669981775185683	0.001264947636076221
9.702196207058247	0.001301599045898976
9.734410638930811	0.001339331357663894
9.766625070803375	0.001378176835321403
9.798839502675939	0.001418168712174511
9.831053934548503	0.001459341224346757
9.863268366421067	0.00150172963961812
9.895482798293632	0.001545370283710924
9.927697230166196	0.001590300589848881
9.95991166203876	0.001636559108153973
9.992126093911324	0.001684185554285358
10.02434052578389	0.001733220844815034
10.05655495765645	0.001783707124864555
10.08876938952902	0.001835687816215642
10.12098382140158	0.001889207650084265
10.15319825327414	0.001944312706124944
10.18541268514671	0.002001050458923958
10.21762711701927	0.002059469813054024
10.24984154889184	0.002119621153044365
10.2820559807644	0.002181556383988631
10.31427041263697	0.002245328979216052
10.34648484450953	0.002310994028143666
10.37869927638209	0.002378608286560847
10.41091370825466	0.002448230224866536
10.44312814012722	0.002519920083605097
10.47534257199979	0.002593739919385673
10.50755700387235	0.002669753679380908
10.53977143574491	0.002748027232281546
10.57198586761748	0.00282862844595541
10.60420029949004	0.002911627241428226
10.63641473136261	0.002997095656659797
10.66862916323517	0.003085107910682839
10.70084359510773	0.003175740471908808
10.7330580269803	0.003269072121795066
10.76527245885286	0.003365184032860467
10.79748689072543	0.003464159834656037
10.82970132259799	0.003566085690736575
10.86191575447056	0.003671050381030428
10.89413018634312	0.003779145372059622
10.92634461821568	0.003890464906482377
10.95855905008825	0.00400510608717737
10.99077348196081	0.004123168956115896
11.02298791383338	0.004244756596520496
11.05520234570594	0.004369975219842309
11.0874167775785	0.004498934259176934
11.11963120945107	0.004631746467535727
11.15184564132363	0.004768528030785702
11.1840600731962	0.004909398651460217
11.21627450506876	0.005054481674405751
11.24848893694132	0.005203904188961696
11.28070336881389	0.005357797148202548
11.31291780068645	0.005516295480615457
11.34513223255902	0.005679538220937684
11.37734666443158	0.005847668626053555
11.40956109630415	0.00602083431259875
11.44177552817671	0.00619918738195322
11.47398996004927	0.006382884563654177
11.50620439192184	0.006572087356956749
11.5384188237944	0.006766962167646697
11.57063325566697	0.00696768047182451
11.60284768753953	0.007174418961978057
11.63506211941209	0.007387359709473722
11.66727655128466	0.007606690328419472
11.69949098315722	0.007832604146275637
11.73170541502979	0.008065300377301228
11.76391984690235	0.00830498430440927
11.79613427877491	0.008551867462491205
11.82834871064748	0.008806167828626518
11.86056314252004	0.009068110037473744
11.89277757439261	0.009337925553570558
11.92499200626517	0.009615852903578973
11.95720643813774	0.009902137884461905
11.9894208700103	0.01019703379183289
12.02163530188286	0.01050080164375023
12.05384973375543	0.01081371041999025
12.08606416562799	0.01113603730700163
12.11827859750056	0.01146806794627307
12.15049302937312	0.01181009669904671
12.18270746124568	0.01216242691029461
12.21492189311825	0.01252537118186172
12.24713632499081	0.01289925166333465
12.27935075686338	0.01328440033762009
12.31156518873594	0.01368115932746172
12.3437796206085	0.01408988120705761
12.37599405248107	0.01451092932041466
12.40820848435363	0.01494467811139073
12.4404229162262	0.01539151346565311
12.47263734809876	0.01585183306338224
12.50485177997133	0.01632604674153058
12.53706621184389	0.01681457686494236
12.56928064371645	0.01731785870996944
12.60149507558902	0.0178363408688847
12.63370950746158	0.01837048564338183
12.66592393933415	0.0189207694947257
12.69813837120671	0.01948768344498196
12.73035280307927	0.02007173354636348
12.76256723495184	0.02067344133049888
12.7947816668244	0.02129334429630386
12.82699609869697	0.02193199639456641
12.85921053056953	0.02258996853782532
12.89142496244209	0.02326784911446646
12.92363939431466	0.02396624453252817
12.95585382618722	0.02468577977228041
12.98806825805979	0.02542709895518033
13.02028268993235	0.02619086594746682
13.05249712180492	0.02697776494290025
13.08471155367748	0.02778850110591109
13.11692598555004	0.02862380121272633
13.14914041742261	0.02948441431672346
13.18135484929517	0.03037111243020662
13.21356928116774	0.03128469124764562
13.2457837130403	0.03222597085236341
13.27799814491286	0.03319579648024462
13.31021257678543	0.03419503929309624
13.34242700865799	0.03522459717353131
13.37464144053056	0.03628539556135234
13.40685587240312	0.03737838828432265
13.43907030427568	0.03850455844371099
13.47128473614825	0.03966491931788522
13.50349916802081	0.04086051527800278
13.53571359989338	0.04209242277384737
13.56792803176594	0.04336175129283865
13.60014246363851	0.04466964440718484
13.63235689551107	0.04601728079790077
13.66457132738363	0.04740587535059351
13.6967857592562	0.04883668028228338
13.72900019112876	0.05031098627384043
13.76121462300133	0.05183012366668466
13.79342905487389	0.05339546368942817
13.82564348674645	0.05500841971021451
13.85785791861902	0.05667044854522271
13.89007235049158	0.05838305179879956
13.92228678236415	0.06014777724194439
13.95450121423671	0.06196622024039936
13.98671564610927	0.06384002522200964
14.01893007798184	0.06577088719943411
14.0511445098544	0.06776055332120388
14.08335894172697	0.06981082448694091
14.11557337359953	0.0719235570101799
14.1477878054721	0.07410066432604077
14.18000223734466	0.07634411875873681
14.21221666921722	0.07865595333996571
14.24443110108979	0.08103826368589188
14.27664553296235	0.08349320992988571
14.30885996483492	0.08602301871448947
14.34107439670748	0.08862998525562826
14.37328882858004	0.0913164754539727
14.40550326045261	0.09408492808218606
14.43771769232517	0.09693785704017736
14.46993212419774	0.09987785367892059
14.5021465560703	0.1029075891908808
14.53436098794286	0.1060298170880102
14.56657541981543	0.1092473757352456
14.59878985168799	0.1125631909909711
14.63100428356056	0.1159802788994482
14.66321871543312	0.1195017484872822
14.69543314730569	0.1231308046585538
14.72764757917825	0.1268707511266131
14.75986201105081	0.1307249934945138
14.79207644292338	0.1346970424061105
14.82429087479594	0.138790516800728
14.85650530666851	0.1430091472561411
14.88871973854107	0.1473567794556897
14.92093417041363	0.1518373777498153
14.9531486022862	0.1564550288199192
14.98536303415876	0.1612139454895605
15.01757746603133	0.166118470612757
15.04979189790389	0.1711730811060135
15.08200632977645	0.1763823921085482
15.11422076164902	0.1817511612555437
15.14643519352158	0.1872842931004858
15.17864962539415	0.1929868436721917
15.21086405726671	0.1988640251523468
15.24307848913928	0.2049212107309457
15.27529292101184	0.2111639395940286
15.3075073528844	0.2175979220723065
15.33972178475697	0.2242290449329031
15.37193621662953	0.2310633768686419
15.4041506485021	0.2381071741340379
15.43636508037466	0.2453668863491336
15.46857951224722	0.2528491625156845
15.50079394411979	0.2605608571881329
15.53300837599235	0.268509036858833
15.56522280786492	0.2767009865291898
15.59743723973748	0.2851442164815171
15.62965167161004	0.293846469291472
15.66186610348261	0.3028157270048203
15.69408053535517	0.3120602186060896
15.72629496722774	0.3215884276429718
15.7585093991003	0.3314091001675324
15.79072383097287	0.3415312528494355
15.82293826284543	0.3519641814093688
15.85515269471799	0.3627174692564088
15.88736712659056	0.3738009964369226
15.91958155846312	0.3852249488348539
15.95179599033569	0.3969998277007405
15.98401042220825	0.4091364593971524
16.01622485408081	0.4216460055373349
16.04843928595338	0.4345399733759012
16.08065371782594	0.4478302265599447
16.11286814969851	0.4615289962032073
16.14508258157107	0.4756488922950482
16.17729701344363	0.4902029154815998
16.2095114453162	0.5052044691966306
16.24172587718876	0.5206673721961567
16.27394030906133	0.5366058714515436
16.30615474093389	0.5530346554744855
16.33836917280646	0.5699688680273898
16.37058360467902	0.5874241222989173
16.40279803655158	0.605416515481451
16.43501246842415	0.6239626438297556
16.46722690029671	0.6430796181781311
16.49944133216928	0.6627850799477758
16.53165576404184	0.683097217642017
16.5638701959144	0.7040347838758024
16.59608462778697	0.7256171129324724
16.62829905965953	0.7478641388195295
16.6605134915321	0.7707964139668678
16.69272792340466	0.7944351284607463
16.72494235527722	0.8188021298724347
16.75715678714979	0.8439199437396229
16.78937121902235	0.8698117946515311
16.82158565089492	0.8965016280284328
16.85380008276748	0.9240141325299333
16.88601451464005	0.9523747632156051
16.91822894651261	0.9816097653961741
16.95044337838517	1.011746199243023
16.98265781025774	1.042811965145432
17.0148722421303	1.074835829930548
17.04708667400287	1.107847453764091
17.07930110587543	1.141877418025157
17.11151553774799	1.176957254006572
17.14372996962056	1.21311947247149
17.17594440149312	1.250397594188201
17.20815883336569	1.288826181362616
17.24037326523825	1.328440870233837
17.27258769711081	1.369278404298506
17.30480212898338	1.411376668973308
17.33701656085594	1.454774727187305
17.36923099272851	1.499512856003705
17.40144542460107	1.545632584519185
17.43365985647364	1.593176732839078
17.4658742883462	1.642189452476015
17.49808872021876	1.692716267628208
17.53030315209133	1.744804118184591
17.56251758396389	1.798501403597469
17.59473201583646	1.853858028774734
17.62694644770902	1.910925450744803
17.65916087958158	1.969756727109097
17.69137531145415	2.030406566136451
17.72358974332671	2.092931377991098
17.75580417519928	2.157389328022834
17.78801860707184	2.223840391338546
17.82023303894441	2.292346409490922
17.85244747081697	2.362971148420518
17.88466190268953	2.435780359069202
17.9168763345621	2.510841838636888
17.94909076643466	2.588225494761426
17.98130519830723	2.668003411461001
18.01351963017979	2.75024991679494
18.04573406205235	2.835041653249469
18.07794849392492	2.922457649698897
18.11016292579748	3.01257939626993
18.14237735767005	3.105490920734971
18.17459178954261	3.201278868119212
18.20680622141517	3.300032581974756
18.23902065328774	3.401844189119839
18.2712350851603	3.506808686435914
18.30344951703287	3.61502403041403
18.33566394890543	3.726591229475467
18.367878380778	3.841614439890442
18.40009281265056	3.960201063314305
18.43230724452312	4.082461848707752
18.46452167639569	4.208510996562614
18.49673610826825	4.338466267078986
18.52895054014082	4.47244909125961
18.56116497201338	4.610584685510852
18.59337940388594	4.753002170393603
18.62559383575851	4.899834691975273
18.65780826763107	5.051219548124896
18.69002269950364	5.207298317891119
18.7222371313762	5.368216995745496
18.75445156324876	5.53412612949692
18.78666599512133	5.705180962487181
18.81888042699389	5.881541580764615
18.85109485886646	6.063373063481698
18.88330929073902	6.250845641600903
18.91552372261159	6.444134855234309
18.94773815448415	6.643421722618368
18.97995258635671	6.848892910158257
19.01216701822928	7.060740909666385
19.04438145010184	7.2791642200747
19.07659588197441	7.504367535778607
19.10881031384697	7.736561940787159
19.14102474571953	7.975965107487093
19.1732391775921	8.22280150471228
19.20545360946466	8.477302605389969
19.23766804133723	8.73970711334451
19.26988247320979	9.01026118453051
19.30209690508235	9.289218660711601
19.33431133695492	9.576841312729242
19.36652576882748	9.873399084684431
19.39874020070005	10.1791703534982
19.43095463257261	10.4944421881034
19.46316906444518	10.8195106277007
19.49538349631774	11.1546809560272
19.5275979281903	11.50026800199258
19.55981236006287	11.85659642264564
19.59202679193543	12.22400102354921
19.624241223808	12.60282707032104
19.65645565568056	12.99343062017736
19.68867008755312	13.39617885334901
19.72088451942569	13.81145042899962
19.75309895129825	14.23963584501105
19.78531338317082	14.68113780086613
19.81752781504338	15.13637158777098
19.84974224691594	15.60576547513248
19.88195667878851	16.08976112693966
19.91417111066107	16.58881401643814
19.94638554253364	17.10339385444233
19.9785999744062	17.63398504221873
20.01081440627877	18.18108713576888
20.04302883815133	18.74521530705758
20.07524327002389	19.32690084440852
20.10745770189646	19.9266916517985
20.13967213376902	20.54515277770394
20.17188656564159	21.18286693887569
20.20410099751415	21.84043508788551
20.23631542938671	22.51847697672217
20.26852986125928	23.21763175627867
20.30074429313184	23.93855857153471
20.33295872500441	24.68193719020588
20.36517315687697	25.448468659472
20.39738758874953	26.23887596849174
20.4296020206221	27.05390473051412
20.46181645249466	27.89432389050556
20.49403088436723	28.76092648929587
20.52624531623979	29.65453037332545
20.55845974811236	30.57597899643567
20.59067417998492	31.52614222393956
20.62288861185748	32.50591715070009
20.65510304373005	33.51622897237377
20.68731747560261	34.5580318473502
20.71953190747518	35.63230981474823
20.75174633934774	36.74007774948836
20.7839607712203	37.88238229342711
20.81617520309287	39.06030288558873
20.84838963496543	40.27495277097552
20.880604066838	41.52748006729026
20.91281849871056	42.81906886715078
20.94503293058312	44.1509403533416
20.97724736245569	45.52435397012653
21.00946179432825	46.94060864607612
21.04167622620082	48.40104398756141
21.07389065807338	49.9070415969767
21.10610508994595	51.46002637673577
21.13831952181851	53.06146786197058
21.17053395369107	54.71288167876709
21.20274838556364	56.41583094587111
21.2349628174362	58.17192778015273
21.26717724930877	59.98283485989652
21.29939168118133	61.85026696115741
21.33160611305389	63.77599263423011
21.36382054492646	65.7618358894036
21.39603497679902	67.80967791423296
21.42824940867159	69.92145892052162
21.46046384054415	72.09917989534618
21.49267827241671	74.34490464430215
21.52489270428928	76.66076168167105
21.55710713616184	79.04894629812526
21.58932156803441	81.51172262392595
21.62153599990697	84.0514258207939
21.65375043177954	86.67046432109028
21.6859648636521	89.37132210171437
21.71817929552466	92.15656104801957
21.75039372739723	95.02882346219506
21.78260815926979	97.99083456840425
21.81482259114236	101.0454050717822
21.84703702301492	104.1954339191367
21.87925145488748	107.4439110091403
21.91146588676005	110.793920093034
21.94368031863261	114.2486416888273
21.97589475050518	117.8113562026725
22.00810918237774	121.4854469237399
22.0403236142503	125.2744034171136
22.07253804612287	129.1818246247714
22.10475247799543	133.2114229878576
22.136966909868	137.3670270083956
22.16918134174056	141.6525855459849
22.20139577361313	146.072171470962
22.23361020548569	150.6299855306338
22.26582463735825	155.3303604430209
22.29803906923082	160.1777648998352
22.33025350110338	165.1768080530556
22.36246793297595	170.3322436622523
22.39468236484851	175.6489757628893
22.42689679672107	181.1320602213714
22.45911122859364	186.7867137073755
22.4913256604662	192.6183161876014
22.52354009233877	198.6324166331539
22.55575452421133	204.8347383947007
22.58796895608389	211.2311846019279
22.62018338795646	217.8278439578412
22.65239781982902	224.6309962715465
22.68461225170159	231.6471196572691
22.71682668357415	238.8828930378507
22.74904111544672	246.345209772489
22.78125554731928	254.0411764028822
22.81346997919184	261.9781238474841
22.84568441106441	270.1636134665276
22.87789884293697	278.6054442482842
22.91011327480954	287.3116604668982
22.9423277066821	296.2905590622454
22.97454213855466	305.5506990323469
23.00675657042723	315.1009053191657
23.03897100229979	324.9502875723193
23.07118543417236	335.1082298332679
23.10339986604492	345.5844212354099
23.13561429791748	356.388852614382
23.16782872979005	367.5318290694693
23.20004316166261	379.0239797228888
23.23225759353518	390.8762680222035
23.26447202540774	403.1000032304525
23.29668645728031	415.706846984518
23.32890088915287	428.7088350346559
23.36111532102543	442.1183707485453
23.393329752898	455.948258428742
23.42554418477056	470.2116996507318
23.45775861664313	484.9223125538446
23.48997304851569	500.0941437552888
23.52218748038825	515.7416819744042
23.55440191226082	531.879871648012
23.58661634413338	548.5241285212024
23.61883077600595	565.690350621679
23.65104520787851	583.3949442314505
23.68325963975107	601.6548177314052
23.71547407162364	620.4874226583453
23.7476885034962	639.9107620081746
23.77990293536877	659.9433984802486
23.81211736724133	680.6044816502111
23.8443317991139	701.913763886324
23.87654623098646	723.8916206305458
23.90876066285902	746.55906559086
23.94097509473159	769.9377816440364
23.97318952660415	794.0501205130603
24.00540395847672	818.9191506331482
24.03761839034928	844.5686902591804
24.06983282222184	871.0232236602494
24.10204725409441	898.3080899272691
24.13426168596697	926.4493991819693
24.16647611783954	955.4740837965193
24.1986905497121	985.4099256836612
24.23090498158466	1016.285578376063
24.26311941345723	1048.130605678145
24.29533384532979	1080.975488544234
24.32754827720236	1114.85170407676
24.35976270907492	1149.791650157777
24.39197714094749	1185.828819190046
24.42419157282005	1222.997723864083
24.45640600469261	1261.333970370524
24.48862043656518	1300.874286882194
24.52083486843774	1341.65655939115
24.55304930031031	1383.719866034384
24.58526373218287	1427.104523102162
24.61747816405543	1471.852103655687
24.649692595928	1518.005530538387
24.68190702780056	1565.609469788224
24.71412145967313	1614.708511067589
24.74633589154569	1665.350353166399
24.77855032341825	1717.583543586765
24.81076475529082	1771.458169167523
24.84297918716338	1827.025898964793
24.87519361903595	1884.340033422085
24.90740805090851	1943.455555802147
24.93962248278108	2004.429203080837
24.97183691465364	2067.319789234235
25.0040513465262	2132.186514314706
25.03626577839877	2199.092981949581
25.06848021027133	2268.102811073096
25.1006946421439	2339.282277701861
25.13290907401646	2412.699723101056
25.16512350588902	2488.425637826225
25.19733793776159	2566.532733555173
25.22955236963415	2647.096017045254
25.26176680150672	2730.19285131795
25.29398123337928	2815.903635581083
25.32619566525184	2904.309134000242
25.35841009712441	2995.495632072502
25.39062452899697	3089.550341001308
25.42283896086954	3186.563640278713
25.4550533927421	3286.628753858135
25.48726782461467	3389.841845835319
25.51948225648723	3496.302114568448
25.55169668835979	3606.111888875278
25.58391112023236	3719.37672869283
25.61612555210492	3836.206139384132
25.64833998397749	3956.710697599141
25.68055441585005	4081.007936230942
25.71276884772261	4209.216816016317
25.74498327959518	4341.460658368114
25.77719771146774	4477.866663102447
25.80941214334031	4618.566041576893
25.84162657521287	4763.694145924665
25.87384100708543	4913.390600626013
25.906055438958	5067.799437731259
25.93826987083056	5227.069236426687
25.97048430270313	5391.324381332652
26.00269873457569	5560.819924794807
26.03491316644826	5735.605195596391
26.06712759832082	5915.898620464629
26.09934203019338	6101.87014660278
26.13155646206595	6293.698267709085
26.16377089393851	6491.567521575416
26.19598532581108	6695.668379420392
26.22819975768364	6906.19736570456
26.2604141895562	7123.357228220113
26.29262862142877	7347.345800094953
26.32484305330133	7578.421873121561
26.3570574851739	7816.750285136603
26.38927191704646	8062.590713374738
26.42148634891903	8316.176667082053
26.45370078079159	8577.752084158139
26.48591521266415	8847.568936961925
26.51812964453672	9125.88723974413
26.55034407640928	9412.975250931449
26.58255850828185	9709.109718067319
26.61477294015441	10014.5671303789
26.64698737202697	10329.71073221204
26.67920180389954	10654.69955993044
26.7114162357721	10989.96278651987
26.74363066764467	11335.7949071917
26.77584509951723	11692.52811794931
26.80805953138979	12060.50622059098
26.84027396326236	12440.08410485142
26.87248839513492	12831.62795425946
26.90470282700749	13235.51556915661
26.93691725888005	13652.13849635303
26.96913169075262	14081.87833686948
27.00134612262518	14525.21889678135
27.03356055449774	14982.49533946406
27.06577498637031	15454.19975147885
27.09798941824287	15940.78225931463
27.13020385011544	16442.71438605575
27.162418281988	16960.48941535879
27.19463271386056	17494.67352277457
27.22684714573313	18045.15503932202
27.25906157760569	18613.75205293757
27.29127600947826	19199.9773378247
27.32349044135082	19804.67902342811
27.35570487322338	20428.49037296061
27.38791930509595	21071.94907756695
27.42013373696851	21735.7060148025
27.45234816884108	22420.38890985732
27.48456260071364	23126.5914091126
27.51677703258621	23856.11850530607
27.54899146445877	24607.3817193178
27.58120589633133	25382.13519359118
27.6134203282039	26182.01500648224
27.64563476007646	27007.03248179624
27.67784919194903	27858.07541762821
27.71006362382159	28736.03358986162
27.74227805569415	29641.65321383504
27.77449248756672	30575.89653039425
27.80670691943928	31539.72346358225
27.83892135131185	32496.69842442173
27.87113578318441	33559.02013299462
27.90335021505697	34617.92604659478
27.93556464692954	35708.05803768946
27.9677790788021	36833.90321316605
27.99999351067467	37995.13536130992
28.03220794254723	39193.02764966765
28.0644223744198	40428.68080968483
28.09663680629236	41703.46494482052
28.12885123816492	43018.41675438153
28.16106567003749	44374.90986917449
28.19328010191005	45772.12948600664
28.22549453378262	47218.20236991472
28.25770896565518	48707.66903042733
28.28992339752774	50243.16915502459
28.32213782940031	51828.09771090557
28.35435226127287	53462.92075468955
28.38656669314544	55149.42670521313
28.418781125018	56889.31367659027
28.45099555689056	58683.99534546317
28.48320998876313	60555.43116028135
28.51542442063569	62442.96614842662
28.54763885250826	64376.85510409009
28.57985328438082	66447.99440997066
28.61206771625339	68544.37449217738
28.64428214812595	70706.61073983424
28.67649657999851	72938.05031611578
28.70871101187108	75239.34575987821
28.74092544374364	77616.18716787545
28.77313987561621	80064.6204053197
28.80535430748877	82591.68873155022
28.83756873936133	85202.50350070064
28.8697831712339	87885.62327656578
28.90199760310646	90659.59797245078
28.93421203497903	93519.67438975691
28.96642646685159	96474.29751503738
28.99864089872415	99520.32637478644
29.03085533059672	102662.2834114303
29.06306976246928	105902.485091974
29.09528419434185	109249.5914319493
29.12749862621441	112696.7553753741
29.15971305808698	116255.4842716394
29.19192748995954	119928.0569575573
29.2241419218321	123712.6637030656
29.25635635370467	127635.3723779721
29.28857078557723	131647.8403266802
29.3207852174498	135806.1502517927
29.35299964932236	140097.2979715917
29.38521408119492	144522.9188238544
29.41742851306749	149086.705992228
29.44964294494005	153795.8366201356
29.48185737681262	158656.7358316949
29.51407180868518	163668.5232872524
29.54628624055774	168839.231872028
29.57850067243031	174179.7055093181
29.61071510430287	179675.9759805534
29.64292953617544	185346.0068853883
29.675143968048	191209.1361818478
29.70735839992057	197249.4931691722
29.73957283179313	203483.9794367419
29.77178726366569	209915.3879507965
29.80400169553826	216555.38441677
29.83621612741082	223388.515692201
29.86843055928339	230452.9316629836
29.90064499115595	237736.1828994578
29.93285942302851	245250.6222009723
29.96507385490108	253008.9805861241
29.99728828677364	261008.0288719222
30.02950271864621	269243.9686600667
30.06171715051877	277759.2309169229
30.09393158239133	286539.980549766
30.1261460142639	295595.05183875
30.15836044613646	304947.3143485858
30.19057487800903	314586.2600343622
30.22278930988159	324530.8631817154
30.25500374175416	334794.4991365262
30.28721817362672	345379.8597261094
30.31943260549928	356301.0826322873
30.35164703737185	367572.88557557
30.38386146924441	379196.585537143
30.41607590111698	391174.9279278376
30.44829033298954	403549.9073658389
30.4805047648621	416312.7884416502
30.51271919673467	429481.7883740362
30.54493362860723	443068.2805507327
30.5771480604798	457078.166968585
30.60936249235236	471533.0713382318
30.64157692422492	486444.5140294371
30.67379135609749	501812.9398147344
30.70600578797005	518621.0656993377
30.73822021984262	534143.180059841
30.77043465171518	551031.3408878214
30.80264908358775	568437.9328751805
30.83486351546031	586406.3325318312
30.86707794733287	604965.8040079357
30.89929237920544	624113.7098083588
30.931506811078	643864.4490719889
30.96372124295057	664236.6142577631
30.99593567482313	685262.8308803134
31.02815010669569	706946.7200428949
31.06036453856826	729312.0556714047
31.09257897044082	752807.7843751918
31.12479340231339	776256.3346561176
31.15700783418595	800812.6704533603
31.18922226605851	826167.8101469604
31.22143669793108	852277.8437068487
31.25365112980364	879259.6263222953
31.28586556167621	907096.6104347871
31.31807999354877	935810.7729997111
31.35029442542134	965432.8089165257
31.3825088572939	995991.5106197121
31.41472328916646	1027518.343892897
31.44693772103903	1060031.318248994
31.47915215291159	1093354.172300013
31.51136658478416	1128185.50371791
31.54358101665672	1163864.285159365
31.57579544852928	1200704.726767283
31.60800988040185	1238704.157973455
31.64022431227441	1277901.004595648
31.67243874414698	1318376.280363765
31.70465317601954	1360130.216496498
31.7368676078921	1403206.334216383
31.76908203976467	1447647.609975201
31.80129647163723	1493502.06002173
31.8335109035098	1540800.612329627
31.86572533538236	1589526.263355815
31.89793976725493	1640064.066066804
31.93015419912749	1691914.121001736
31.96236863100005	1745496.007557987
31.99458306287262	1800797.53682335
32.02679749474518	1857840.288493068
32.05901192661774	1916712.277363864
32.0912263584903	1977458.822744982
32.12344079036286	2040140.03157106
32.15565522223542	2104811.950361516
32.18786965410798	2171535.913237391
32.22008408598055	2240378.446857292
0
1000	1.0219978922	100000000000000.1
5	0	0	1
5	0	0	0
0.03786664528905326	-9.603137768876244e-07
0.07008107716161713	-9.355209557112018e-07
0.102295509034181	-9.115969489284818e-07
0.1345099409067449	-8.885082738584297e-07
0.1667243727793087	-8.662227019102872e-07
0.1989388046518726	-8.447092242045415e-07
0.2311532365244365	-8.23938016481333e-07
0.2633676683970003	-8.038804035488066e-07
0.2955821002695642	-7.845088234931315e-07
0.3277965321421281	-7.657967918440349e-07
0.360010964014692	-7.47718865864379e-07
0.3922253958872559	-7.302506091094657e-07
0.4244398277598198	-7.13368556381083e-07
0.4566542596323837	-6.970501791828249e-07
0.4888686915049476	-6.812738517665454e-07
0.5210831233775115	-6.660188178449152e-07
0.5532975552500754	-6.512651580318145e-07
0.5855119871226393	-6.369937580604476e-07
0.6177264189952032	-6.231862778186111e-07
0.6499408508677671	-6.098251212312507e-07
0.682155282740331	-5.96893407012369e-07
0.7143697146128949	-5.843749403010615e-07
0.7465841464854588	-5.722541851902893e-07
0.7787985783580227	-5.605162381515633e-07
0.8110130102305866	-5.491468023538886e-07
0.8432274421031505	-5.381321628713844e-07
0.8754418739757144	-5.274591627704369e-07
0.9076563058482783	-5.171151800643464e-07
0.9398707377208422	-5.070881055209067e-07
0.9720851695934061	-4.973663213063274e-07
1.00429960146597	-4.879366840836468e-07
1.036514033338534	-4.787927444991525e-07
1.068728465211098	-4.699221257513155e-07
1.100942897083662	-4.613149449555976e-07
1.133157328956226	-4.529617126796612e-07
1.165371760828789	-4.448533172077322e-07
1.197586192701353	-4.369810093286167e-07
1.229800624573917	-4.293363876461307e-07
1.262015056446481	-4.219113844081424e-07
1.294229488319045	-4.146982518482856e-07
1.326443920191609	-4.076881587988373e-07
1.358658352064173	-4.008769187494471e-07
1.390872783936737	-3.942561909173109e-07
1.423087215809301	-3.878193572919333e-07
1.455301647681865	-3.815600570895235e-07
1.487516079554428	-3.754721766783118e-07
1.519730511426992	-3.695498398161837e-07
1.551944943299556	-3.637873982045789e-07
1.58415937517212	-3.581794223601953e-07
1.616373807044684	-3.527206928039462e-07
1.648588238917248	-3.474050598817025e-07
1.680802670789812	-3.422301128803237e-07
1.713017102662376	-3.371900048405096e-07
1.74523153453494	-3.322802546312398e-07
1.777445966407504	-3.274965505829397e-07
1.809660398280067	-3.228347440601392e-07
1.841874830152631	-3.182908432018766e-07
1.874089262025195	-3.138610068394995e-07
1.906303693897759	-3.095415385986105e-07
1.938518125770323	-3.053288811895092e-07
1.970732557642887	-3.012184611127363e-07
2.002946989515451	-2.972094462316833e-07
2.035161421388014	-2.932974209166237e-07
2.067375853260578	-2.894793094745575e-07
2.099590285133142	-2.857521494515364e-07
2.131804717005705	-2.821130875525445e-07
2.164019148878269	-2.785593756104371e-07
2.196233580750833	-2.750883666264117e-07
2.228448012623396	-2.716975108987813e-07
2.26066244449596	-2.683843522523892e-07
2.292876876368524	-2.651436556843422e-07
2.325091308241087	-2.619794921307899e-07
2.357305740113651	-2.588862319811289e-07
2.389520171986215	-2.558617102748445e-07
2.421734603858778	-2.529038499993731e-07
2.453949035731342	-2.500106557474822e-07
2.486163467603906	-2.471802086737648e-07
2.518377899476469	-2.444106622498597e-07
2.550592331349033	-2.41700238549596e-07
2.582806763221597	-2.390472249111843e-07
2.61502119509416	-2.364495679691808e-07
2.647235626966724	-2.339065333991215e-07
2.679450058839288	-2.314161599511893e-07
2.711664490711851	-2.289769619802539e-07
2.743878922584415	-2.265875053620661e-07
2.776093354456979	-2.242464052703623e-07
2.808307786329542	-2.219523240418447e-07
2.840522218202106	-2.197039691195297e-07
2.87273665007467	-2.175000910640055e-07
2.904951081947234	-2.153394816207131e-07
2.937165513819797	-2.132216859275526e-07
2.969379945692361	-2.111441038227646e-07
3.001594377564925	-2.091063265422937e-07
3.033808809437488	-2.071072903832108e-07
3.066023241310052	-2.051459662986954e-07
3.098237673182616	-2.032213585104988e-07
3.130452105055179	-2.013325031825433e-07
3.162666536927743	-1.994784671523874e-07
3.194880968800307	-1.976583467174824e-07
3.22709540067287	-1.958712664732874e-07
3.259309832545434	-1.941165714467531e-07
3.291524264417998	-1.923930356096768e-07
3.323738696290561	-1.90700056409935e-07
3.355953128163125	-1.890368626434929e-07
3.388167560035689	-1.87402707078514e-07
3.420381991908252	-1.857968655548464e-07
3.452596423780816	-1.842186361222822e-07
3.48481085565338	-1.826673382156912e-07
3.517025287525943	-1.811423118652327e-07
3.549239719398507	-1.796429169399473e-07
3.581454151271071	-1.781686183051516e-07
3.613668583143634	-1.767186332276837e-07
3.645883015016198	-1.75292464140299e-07
3.678097446888762	-1.73889544225049e-07
3.710311878761325	-1.725093234902079e-07
3.742526310633889	-1.711512681695736e-07
3.774740742506453	-1.698148601465994e-07
3.806955174379016	-1.684995964021968e-07
3.83916960625158	-1.672049884850993e-07
3.871384038124144	-1.659305620037442e-07
3.903598469996707	-1.646759006571743e-07
3.935812901869271	-1.634404632182368e-07
3.968027333741835	-1.622238600546853e-07
4.000241765614398	-1.610256688329184e-07
4.032456197486963	-1.598454791870547e-07
4.064670629359527	-1.586828923108213e-07
4.096885061232091	-1.575375205656328e-07
4.129099493104655	-1.564089871041147e-07
4.161313924977219	-1.552969255083932e-07
4.193528356849783	-1.542009794424881e-07
4.225742788722347	-1.531208272463517e-07
4.257957220594911	-1.520560793586914e-07
4.290171652467476	-1.510064332254136e-07
4.32238608434004	-1.499715699137116e-07
4.354600516212604	-1.489511791118955e-07
4.386814948085168	-1.479449588479674e-07
4.419029379957732	-1.469526152189116e-07
4.451243811830296	-1.459738621302335e-07
4.48345824370286	-1.4500842104531e-07
4.515672675575424	-1.440560207441239e-07
4.547887107447989	-1.431164116564894e-07
4.580101539320553	-1.421893058790753e-07
4.612315971193117	-1.41274467691629e-07
4.644530403065681	-1.403716530746446e-07
4.676744834938245	-1.394806242961869e-07
4.708959266810809	-1.38601149715249e-07
4.741173698683373	-1.377330035923059e-07
4.773388130555937	-1.368759659067586e-07
4.805602562428501	-1.360298221809918e-07
4.837816994301066	-1.351943633107615e-07
4.87003142617363	-1.34369394092764e-07
4.902245858046194	-1.335546974059312e-07
4.934460289918758	-1.327500882087718e-07
4.966674721791322	-1.319553774159923e-07
4.998889153663886	-1.311703805834752e-07
5.03110358553645	-1.303949177692006e-07
5.063318017409014	-1.296288133990567e-07
5.095532449281579	-1.288718961373484e-07
5.127746881154143	-1.281239987618097e-07
5.159961313026707	-1.273849580429489e-07
5.192175744899271	-1.266546198357941e-07
5.224390176771835	-1.25932817596557e-07
5.256604608644399	-1.252194047255141e-07
5.288819040516963	-1.245142329007018e-07
5.321033472389527	-1.238171572664835e-07
5.353247904262092	-1.231280363340538e-07
5.385462336134656	-1.22446731885308e-07
5.41767676800722	-1.217731088799379e-07
5.449891199879784	-1.211070353656452e-07
5.482105631752348	-1.204483823913383e-07
5.514320063624912	-1.197970270089115e-07
5.546534495497476	-1.191528395308378e-07
5.57874892737004	-1.185157026773322e-07
5.610963359242604	-1.178854987268929e-07
5.643177791115169	-1.172621125767223e-07
5.675392222987733	-1.166454316707676e-07
5.707606654860297	-1.160353459300959e-07
5.739821086732861	-1.154317476855193e-07
5.772035518605425	-1.148345316123926e-07
5.804249950477989	-1.142435946674895e-07
5.836464382350553	-1.136588378022768e-07
5.868678814223117	-1.130801586234378e-07
5.900893246095682	-1.125074623897981e-07
5.933107677968246	-1.119406546128509e-07
5.96532210984081	-1.113796428046851e-07
5.997536541713374	-1.108243364253869e-07
6.029750973585938	-1.102746468320791e-07
6.061965405458502	-1.09730487229547e-07
6.094179837331066	-1.091917726223839e-07
6.12639426920363	-1.086584197686087e-07
6.158608701076195	-1.081303480977395e-07
6.190823132948759	-1.076074757161315e-07
6.223037564821323	-1.070897253633856e-07
6.255251996693887	-1.065770203864469e-07
6.287466428566451	-1.060692856773895e-07
6.319680860439015	-1.055664476345699e-07
6.351895292311579	-1.050684341249434e-07
6.384109724184143	-1.045751744475012e-07
6.416324156056707	-1.040865992977923e-07
6.448538587929272	-1.036026407334879e-07
6.480753019801836	-1.031232326072227e-07
6.5129674516744	-1.026483086213699e-07
6.545181883546964	-1.021778052002922e-07
6.577396315419528	-1.017116595310177e-07
6.609610747292092	-1.012498100066359e-07
6.641825179164656	-1.00792196197316e-07
6.67403961103722	-1.00338758822153e-07
6.706254042909785	-9.988943972181902e-08
6.738468474782349	-9.94441818319903e-08
6.770682906654913	-9.900292915752549e-08
6.802897338527477	-9.856562691672402e-08
6.835111770400041	-9.813222082224882e-08
6.867326202272605	-9.770265811187745e-08
6.899540634145169	-9.727688682514204e-08
6.931755066017733	-9.68548559526777e-08
6.963969497890298	-9.643651541437811e-08
6.996183929762862	-9.602181603815185e-08
7.028398361635426	-9.561070953925648e-08
7.06061279350799	-9.520314850019787e-08
7.092827225380554	-9.479908635117158e-08
7.125041657253118	-9.439847735043024e-08
7.157256089125682	-9.400127656823545e-08
7.189470520998246	-9.360743986508173e-08
7.22168495287081	-9.321692387664295e-08
7.253899384743375	-9.282968599608113e-08
7.286113816615939	-9.244568435741701e-08
7.318328248488503	-9.206487781933803e-08
7.350542680361067	-9.168722594942908e-08
7.382757112233631	-9.131268900881409e-08
7.414971544106195	-9.094122793719649e-08
7.447185975978759	-9.057280424754762e-08
7.479400407851323	-9.020738038403278e-08
7.511614839723888	-8.984491914347829e-08
7.543829271596452	-8.94853840368185e-08
7.576043703469016	-8.912873918401497e-08
7.60825813534158	-8.877494930127149e-08
7.640472567214144	-8.842397968857005e-08
7.672686999086708	-8.807579621751858e-08
7.704901430959272	-8.773036531950249e-08
7.737115862831836	-8.738765397413051e-08
7.769330294704401	-8.704762956622877e-08
7.801544726576965	-8.671026041505262e-08
7.833759158449529	-8.637551494392437e-08
7.865973590322093	-8.604336221389154e-08
7.898188022194657	-8.571377178010656e-08
7.930402454067221	-8.538671368190049e-08
7.962616885939785	-8.506215843309584e-08
7.994831317812349	-8.474007701255135e-08
8.027045749684913	-8.442044085493283e-08
8.059260181557477	-8.410322184170285e-08
8.091474613430041	-8.37883921487768e-08
8.123689045302605	-8.347592482650803e-08
8.155903477175169	-8.316579289838964e-08
8.188117909047733	-8.285796994553652e-08
8.220332340920297	-8.255242995338002e-08
8.252546772792861	-8.224914730388787e-08
8.284761204665426	-8.194809676796356e-08
8.31697563653799	-8.164925349801933e-08
8.349190068410554	-8.13525930207198e-08
8.381404500283118	-8.105809122989145e-08
8.413618932155682	-8.076572424060936e-08
8.445833364028246	-8.047546895221358e-08
8.47804779590081	-8.018730217739439e-08
8.510262227773374	-7.990120120931404e-08
8.542476659645938	-7.961714367466675e-08
8.574691091518503	-7.933510752752331e-08
8.606905523391067	-7.905507104331195e-08
8.639119955263631	-7.877701281293178e-08
8.671334387136195	-7.850091173699525e-08
8.703548819008759	-7.822674702019661e-08
8.735763250881323	-7.795449803967287e-08
8.767977682753887	-7.768414485665969e-08
8.800192114626451	-7.741566742703235e-08
8.832406546499016	-7.714904611650522e-08
8.86462097837158	-7.688426156803192e-08
8.896835410244144	-7.662129469689399e-08
8.929049842116708	-7.636012668588989e-08
8.961264273989272	-7.610073898062926e-08
8.993478705861836	-7.584311328492412e-08
9.0256931377344	-7.55872315562773e-08
9.057907569606964	-7.533307589155145e-08
9.090122001479529	-7.508062897316923e-08
9.122336433352093	-7.482987338166694e-08
9.154550865224657	-7.458079204484164e-08
9.186765297097221	-7.433336812258768e-08
9.218979728969785	-7.408758500294189e-08
9.251194160842349	-7.384342629820836e-08
9.283408592714913	-7.360087584116243e-08
9.315623024587477	-7.3359917681331e-08
9.347837456460041	-7.312053608134899e-08
9.380051888332606	-7.288271542018077e-08
9.41226632020517	-7.26464405716282e-08
9.444480752077734	-7.241169632166579e-08
9.476695183950298	-7.217846774933977e-08
9.508909615822862	-7.194674012930123e-08
9.541124047695426	-7.17164989285958e-08
9.57333847956799	-7.148772980351574e-08
9.605552911440554	-7.126041859651428e-08
9.637767343313119	-7.103455133317932e-08
9.669981775185683	-7.08101142192668e-08
9.702196207058247	-7.058709356021816e-08
9.734410638930811	-7.036547607620872e-08
9.766625070803375	-7.014524841737023e-08
9.798839502675939	-6.992639748074903e-08
9.831053934548503	-6.97089103292698e-08
9.863268366421067	-6.949277418910895e-08
9.895482798293632	-6.927797644711869e-08
9.927697230166196	-6.906450464829873e-08
9.95991166203876	-6.885234649331625e-08
9.992126093911324	-6.864148983607229e-08
10.02434052578389	-6.843192261761349e-08
10.05655495765645	-6.822363312481353e-08
10.08876938952902	-6.801660959236756e-08
10.12098382140158	-6.781084046298184e-08
10.15319825327414	-6.760631432084903e-08
10.18541268514671	-6.740301988948451e-08
10.21762711701927	-6.720094602960206e-08
10.24984154889184	-6.700008173702912e-08
10.2820559807644	-6.680041614065843e-08
10.31427041263697	-6.660193850043791e-08
10.34648484450953	-6.640463815355117e-08
10.37869927638209	-6.620850472491158e-08
10.41091370825466	-6.601352780324851e-08
10.44312814012722	-6.581969715278507e-08
10.47534257199979	-6.5627002659079e-08
10.50755700387235	-6.543543432722778e-08
10.53977143574491	-6.524498228010563e-08
10.57198586761748	-6.505563675663166e-08
10.60420029949004	-6.486738811006799e-08
10.63641473136261	-6.468022680634794e-08
10.66862916323517	-6.449414338045296e-08
10.70084359510773	-6.4309128606799e-08
10.7330580269803	-6.412517323695199e-08
10.76527245885286	-6.394226817094085e-08
10.79748689072543	-6.37604044133718e-08
10.82970132259799	-6.357957307193047e-08
10.86191575447056	-6.339976535590904e-08
10.89413018634312	-6.322097257475881e-08
10.92634461821568	-6.304318613666738e-08
10.95855905008825	-6.286639754715942e-08
10.99077348196081	-6.269059837387811e-08
11.02298791383338	-6.251578038388671e-08
11.05520234570594	-6.234193533220151e-08
11.0874167775785	-6.216905509981695e-08
11.11963120945107	-6.199713165828589e-08
11.15184564132363	-6.182615706846158e-08
11.1840600731962	-6.165612347926046e-08
11.21627450506876	-6.148702312644498e-08
11.24848893694132	-6.131884833142708e-08
11.28070336881389	-6.115159150009057e-08
11.31291780068645	-6.098524509430534e-08
11.34513223255902	-6.081980174274194e-08
11.37734666443158	-6.065525407009198e-08
11.40956109630415	-6.049159480844944e-08
11.44177552817671	-6.032881676867126e-08
11.47398996004927	-6.016691283931421e-08
11.50620439192184	-6.000587598559071e-08
11.5384188237944	-5.984569924833894e-08
11.57063325566697	-5.96863757430118e-08
11.60284768753953	-5.95278986586802e-08
11.63506211941209	-5.937026123502007e-08
11.66727655128466	-5.921345685160318e-08
11.69949098315722	-5.905747889018123e-08
11.73170541502979	-5.890232082442009e-08
11.76391984690235	-5.874797619677022e-08
11.79613427877491	-5.859443861756505e-08
11.82834871064748	-5.844170176413255e-08
11.86056314252004	-5.828975937992247e-08
11.89277757439261	-5.81386052736449e-08
11.92499200626517	-5.798823331842387e-08
11.95720643813774	-5.7838637433143e-08
11.9894208700103	-5.768981165461927e-08
12.02163530188286	-5.754175002619063e-08
12.05384973375543	-5.739444667023946e-08
12.08606416562799	-5.724789576944953e-08
12.11827859750056	-5.71020915660363e-08
12.15049302937312	-5.695702836099e-08
12.18270746124568	-5.681270051332947e-08
12.21492189311825	-5.666910243936702e-08
12.24713632499081	-5.652622861198526e-08
12.27935075686338	-5.638407354540489e-08
12.31156518873594	-5.62426318539522e-08
12.3437796206085	-5.61018981612632e-08
12.37599405248107	-5.596186715932858e-08
12.40820848435363	-5.582253359319361e-08
12.4404229162262	-5.568389226029867e-08
12.47263734809876	-5.554593800983074e-08
12.50485177997133	-5.540866574208288e-08
12.53706621184389	-5.527207040782468e-08
12.56928064371645	-5.513614700768067e-08
12.60149507558902	-5.500089057974149e-08
12.63370950746158	-5.486629624719655e-08
12.66592393933415	-5.473235914466098e-08
12.69813837120671	-5.459907446602759e-08
12.73035280307927	-5.446643745202628e-08
12.76256723495184	-5.43344433896571e-08
12.7947816668244	-5.420308761163115e-08
12.82699609869697	-5.407236549582006e-08
12.85921053056953	-5.394227246471274e-08
12.89142496244209	-5.381280398488012e-08
12.92363939431466	-5.368395555660266e-08
12.95585382618722	-5.355572275367233e-08
12.98806825805979	-5.342810116179322e-08
13.02028268993235	-5.330108641856312e-08
13.05249712180492	-5.31746742030593e-08
13.08471155367748	-5.304886023534905e-08
13.11692598555004	-5.292364027600638e-08
13.14914041742261	-5.279901012563601e-08
13.18135484929517	-5.267496562440372e-08
13.21356928116774	-5.255150265157347e-08
13.2457837130403	-5.24286171172111e-08
13.27799814491286	-5.230630499384117e-08
13.31021257678543	-5.218456226736432e-08
13.34242700865799	-5.206338496885467e-08
13.37464144053056	-5.194276916623311e-08
13.40685587240312	-5.182271096384299e-08
13.43907030427568	-5.170320650203083e-08
13.47128473614825	-5.158425195673322e-08
13.50349916802081	-5.146584353906929e-08
13.53571359989338	-5.134797749493872e-08
13.56792803176594	-5.123065009774338e-08
13.60014246363851	-5.111385767617852e-08
13.63235689551107	-5.099759657115616e-08
13.66457132738363	-5.088186316371549e-08
13.6967857592562	-5.07666538677195e-08
13.72900019112876	-5.065196512948495e-08
13.76121462300133	-5.05377934274181e-08
13.79342905487389	-5.042413527165436e-08
13.82564348674645	-5.031098720370406e-08
13.85785791861902	-5.019834579610166e-08
13.89007235049158	-5.008620764665677e-08
13.92228678236415	-4.997456940024119e-08
13.95450121423671	-4.986342771493436e-08
13.98671564610927	-4.975277928390257e-08
14.01893007798184	-4.964262082963217e-08
14.0511445098544	-4.953294910360706e-08
14.08335894172697	-4.942376088598983e-08
14.11557337359953	-4.931505298530775e-08
14.1477878054721	-4.92068222381423e-08
14.18000223734466	-4.909906550882319e-08
14.21221666921722	-4.899177968414314e-08
14.24443110108979	-4.888496169346464e-08
14.27664553296235	-4.877860847751822e-08
14.30885996483492	-4.867271700859269e-08
14.34107439670748	-4.856728428523266e-08
14.37328882858004	-4.846230733195607e-08
14.40550326045261	-4.835778319897532e-08
14.43771769232517	-4.825370896192161e-08
14.46993212419774	-4.815008172157337e-08
14.5021465560703	-4.804689860358738e-08
14.53436098794286	-4.794415675464905e-08
14.56657541981543	-4.784185335689129e-08
14.59878985168799	-4.773998560540016e-08
14.63100428356056	-4.763855072269397e-08
14.66321871543312	-4.753754595486328e-08
14.69543314730569	-4.743696857132263e-08
14.72764757917825	-4.733681586456539e-08
14.75986201105081	-4.723708514992165e-08
14.79207644292338	-4.713777376531895e-08
14.82429087479594	-4.703887907104658e-08
14.85650530666851	-4.694039844557426e-08
14.88871973854107	-4.684232930148655e-08
14.92093417041363	-4.674466906077358e-08
14.9531486022862	-4.664741517082747e-08
14.98536303415876	-4.655056510024884e-08
15.01757746603133	-4.645411633862799e-08
15.04979189790389	-4.63580663963289e-08
15.08200632977645	-4.626241280427592e-08
15.11422076164902	-4.616715311374308e-08
15.14643519352158	-4.607228489614585e-08
15.17864962539415	-4.597780574008156e-08
15.21086405726671	-4.588371326240241e-08
15.24307848913928	-4.579000509093748e-08
15.27529292101184	-4.56966788756088e-08
15.3075073528844	-4.56037322854656e-08
15.33972178475697	-4.551116300849067e-08
15.37193621662953	-4.541896875141005e-08
15.4041506485021	-4.532714723950371e-08
15.43636508037466	-4.523569621641997e-08
15.46857951224722	-4.514461344399091e-08
15.50079394411979	-4.505389669964654e-08
15.53300837599235	-4.49635437860789e-08
15.56522280786492	-4.487355251615631e-08
15.59743723973748	-4.478392072262536e-08
15.62965167161004	-4.469464625551852e-08
15.66186610348261	-4.460572698198372e-08
15.69408053535517	-4.451716078611463e-08
15.72629496722774	-4.442894556878393e-08
15.7585093991003	-4.43410792474784e-08
15.79072383097287	-4.425355975613499e-08
15.82293826284543	-4.416638504259478e-08
15.85515269471799	-4.407955307821009e-08
15.88736712659056	-4.399306184289598e-08
15.91958155846312	-4.390690933477401e-08
15.95179599033569	-4.382109356761878e-08
15.98401042220825	-4.373561257070605e-08
16.01622485408081	-4.365046438866296e-08
16.04843928595338	-4.356564708131915e-08
16.08065371782594	-4.348115872356042e-08
16.11286814969851	-4.339699740518365e-08
16.14508258157107	-4.33131612293548e-08
16.17729701344363	-4.322964831819309e-08
16.2095114453162	-4.314645680396027e-08
16.24172587718876	-4.306358483466623e-08
16.27394030906133	-4.298103057252565e-08
16.30615474093389	-4.289879219382305e-08
16.33836917280646	-4.281686788877875e-08
16.37058360467902	-4.273525586141701e-08
16.40279803655158	-4.265395432943528e-08
16.43501246842415	-4.257296152407459e-08
16.46722690029671	-4.249227568688287e-08
16.49944133216928	-4.241189508231924e-08
16.53165576404184	-4.233181797835047e-08
16.5638701959144	-4.225204265909933e-08
16.59608462778697	-4.217256742159533e-08
16.62829905965953	-4.209339057565429e-08
16.6605134915321	-4.201451044375924e-08
16.69272792340466	-4.193592536094274e-08
16.72494235527722	-4.185763367467041e-08
16.75715678714979	-4.177963374472561e-08
16.78937121902235	-4.170192394319106e-08
16.82158565089492	-4.162450265394533e-08
16.85380008276748	-4.15473682731433e-08
16.88601451464005	-4.147051920871361e-08
16.91822894651261	-4.139395388034603e-08
16.95044337838517	-4.131767071938332e-08
16.98265781025774	-4.124166816871479e-08
17.0148722421303	-4.116594468267053e-08
17.04708667400287	-4.109049872691738e-08
17.07930110587543	-4.101532877835542e-08
17.11151553774799	-4.094043332071076e-08
17.14372996962056	-4.086581086206019e-08
17.17594440149312	-4.079145990804215e-08
17.20815883336569	-4.071737897943773e-08
17.24037326523825	-4.064356660774454e-08
17.27258769711081	-4.057002133508023e-08
17.30480212898338	-4.049674171408757e-08
17.33701656085594	-4.042372630783991e-08
17.36923099272851	-4.03509736897482e-08
17.40144542460107	-4.027848244346877e-08
17.43365985647364	-4.020625116864992e-08
17.4658742883462	-4.013427845694156e-08
17.49808872021876	-4.006256292809521e-08
17.53030315209133	-3.999110320590308e-08
17.56251758396389	-3.991989792397927e-08
17.59473201583646	-3.984894572567293e-08
17.62694644770902	-3.977824526398192e-08
17.65916087958158	-3.970779520146733e-08
17.69137531145415	-3.963759421016911e-08
17.72358974332671	-3.956764097152269e-08
17.75580417519928	-3.949793416552654e-08
17.78801860707184	-3.942847251466655e-08
17.82023303894441	-3.935925471720396e-08
17.85244747081697	-3.929027949123192e-08
17.88466190268953	-3.922154556379043e-08
17.9168763345621	-3.915305167078947e-08
17.94909076643466	-3.908479655693244e-08
17.98130519830723	-3.901677897564016e-08
18.01351963017979	-3.894899768897622e-08
18.04573406205235	-3.888145146757257e-08
18.07794849392492	-3.881413909703995e-08
18.11016292579748	-3.874705935135282e-08
18.14237735767005	-3.868021103296477e-08
18.17459178954261	-3.86135929461181e-08
18.20680622141517	-3.854720390328988e-08
18.23902065328774	-3.848104272512147e-08
18.2712350851603	-3.841510824034895e-08
18.30344951703287	-3.834939928573371e-08
18.33566394890543	-3.828391470599457e-08
18.367878380778	-3.821865335373968e-08
18.40009281265056	-3.815361408868744e-08
18.43230724452312	-3.808879578051659e-08
18.46452167639569	-3.802419730438467e-08
18.49673610826825	-3.795981754378812e-08
18.52895054014082	-3.789565538978181e-08
18.56116497201338	-3.783170974091553e-08
18.59337940388594	-3.776797950317114e-08
18.62559383575851	-3.770446358989987e-08
18.65780826763107	-3.764116092176097e-08
18.69002269950364	-3.757807042666067e-08
18.7222371313762	-3.751519102585745e-08
18.75445156324876	-3.745252169053065e-08
18.78666599512133	-3.739006135598709e-08
18.81888042699389	-3.732780897838668e-08
18.85109485886646	-3.726576352078376e-08
18.88330929073902	-3.720392395307057e-08
18.91552372261159	-3.71422892519222e-08
18.94773815448415	-3.708085840074094e-08
18.97995258635671	-3.701963038960211e-08
19.01216701822928	-3.695860421519985e-08
19.04438145010184	-3.689777890715835e-08
19.07659588197441	-3.683715342005338e-08
19.10881031384697	-3.677672679676207e-08
19.14102474571953	-3.671649806018116e-08
19.1732391775921	-3.665646623967019e-08
19.20545360946466	-3.659663037099786e-08
19.23766804133723	-3.653698949628914e-08
19.26988247320979	-3.647754266397226e-08
19.30209690508235	-3.641828892872671e-08
19.33431133695492	-3.635922735143178e-08
19.36652576882748	-3.630035696484784e-08
19.39874020070005	-3.624167691383472e-08
19.43095463257261	-3.618318624294275e-08
19.46316906444518	-3.612488403701125e-08
19.49538349631774	-3.606676938668979e-08
19.5275979281903	-3.600884138839274e-08
19.55981236006287	-3.595109914425484e-08
19.59202679193543	-3.589354176208638e-08
19.624241223808	-3.583616835532933e-08
19.65645565568056	-3.577897804301382e-08
19.68867008755312	-3.572196997033054e-08
19.72088451942569	-3.566514322420422e-08
19.75309895129825	-3.560849696099553e-08
19.78531338317082	-3.555203032185752e-08
19.81752781504338	-3.549574245340312e-08
19.84974224691594	-3.543963250766172e-08
19.88195667878851	-3.538369964203632e-08
19.91417111066107	-3.532794301926129e-08
19.94638554253364	-3.527236180736021e-08
19.9785999744062	-3.521695517960428e-08
20.01081440627877	-3.516172233266426e-08
20.04302883815133	-3.510666241209309e-08
20.07524327002389	-3.505177462504815e-08
20.10745770189646	-3.499705816556038e-08
20.13967213376902	-3.49425122327795e-08
20.17188656564159	-3.488813603093249e-08
20.20410099751415	-3.483392876928324e-08
20.23631542938671	-3.477988966209169e-08
20.26852986125928	-3.472601792857373e-08
20.30074429313184	-3.467231279286203e-08
20.33295872500441	-3.461877344317951e-08
20.36517315687697	-3.456539919874937e-08
20.39738758874953	-3.451218925701778e-08
20.4296020206221	-3.445914286099988e-08
20.46181645249466	-3.440625925826862e-08
20.49403088436723	-3.435353770092148e-08
20.52624531623979	-3.430097744554727e-08
20.55845974811236	-3.424857775319295e-08
20.59067417998492	-3.419633788933102e-08
20.62288861185748	-3.414425712382741e-08
20.65510304373005	-3.409233473061711e-08
20.68731747560261	-3.404056998886649e-08
20.71953190747518	-3.398896218113492e-08
20.75174633934774	-3.393751059453963e-08
20.7839607712203	-3.388621452043193e-08
20.81617520309287	-3.383507325436663e-08
20.84838963496543	-3.378408609607135e-08
20.880604066838	-3.373325234941644e-08
20.91281849871056	-3.368257132238483e-08
20.94503293058312	-3.363204232704264e-08
20.97724736245569	-3.358166469842154e-08
21.00946179432825	-3.353143771708606e-08
21.04167622620082	-3.348136072626938e-08
21.07389065807338	-3.343143305425849e-08
21.10610508994595	-3.33816540333559e-08
21.13831952181851	-3.33320229998499e-08
21.17053395369107	-3.328253929398464e-08
21.20274838556364	-3.323320225993119e-08
21.2349628174362	-3.318401124575827e-08
21.26717724930877	-3.313496560340338e-08
21.29939168118133	-3.308606473380873e-08
21.33160611305389	-3.303730790199403e-08
21.36382054492646	-3.29886945169999e-08
21.39603497679902	-3.294022394640009e-08
21.42824940867159	-3.289189556167828e-08
21.46046384054415	-3.284370873819615e-08
21.49267827241671	-3.279566285516106e-08
21.52489270428928	-3.274775729559464e-08
21.55710713616184	-3.269999144630143e-08
21.58932156803441	-3.265236469783799e-08
21.62153599990697	-3.26048764290033e-08
21.65375043177954	-3.255752607018362e-08
21.6859648636521	-3.251031300734844e-08
21.71817929552466	-3.246323664560498e-08
21.75039372739723	-3.241629639360031e-08
21.78260815926979	-3.236949166349435e-08
21.81482259114236	-3.232282187093255e-08
21.84703702301492	-3.227628643501947e-08
21.87925145488748	-3.222988477829211e-08
21.91146588676005	-3.218361632669372e-08
21.94368031863261	-3.213748034363554e-08
21.97589475050518	-3.209147660861123e-08
22.00810918237774	-3.204560439068427e-08
22.0403236142503	-3.199986312767864e-08
22.07253804612287	-3.195425225999508e-08
22.10475247799543	-3.190877123059108e-08
22.136966909868	-3.186341948496104e-08
22.16918134174056	-3.181819647111701e-08
22.20139577361313	-3.177310163956839e-08
22.23361020548569	-3.172813444330303e-08
22.26582463735825	-3.168329475721357e-08
22.29803906923082	-3.163858116045991e-08
22.33025350110338	-3.1593993538097e-08
22.36246793297595	-3.154953135704788e-08
22.39468236484851	-3.150519408827022e-08
22.42689679672107	-3.146098120668465e-08
22.45911122859364	-3.141689219110582e-08
22.4913256604662	-3.137292652417539e-08
22.52354009233877	-3.132908369229779e-08
22.55575452421133	-3.128536318557709e-08
22.58796895608389	-3.124176400549591e-08
22.62018338795646	-3.119828667796388e-08
22.65239781982902	-3.115493020904489e-08
22.68461225170159	-3.111169409878134e-08
22.71682668357415	-3.10685778485418e-08
22.74904111544672	-3.102558096096558e-08
22.78125554731928	-3.098270293990577e-08
22.81346997919184	-3.093994329036965e-08
22.84568441106441	-3.08973015184569e-08
22.87789884293697	-3.085477713129526e-08
22.91011327480954	-3.081237071086513e-08
22.9423277066821	-3.077007951559743e-08
22.97454213855466	-3.072790414401847e-08
23.00675657042723	-3.068584411747481e-08
23.03897100229979	-3.064389896208118e-08
23.07118543417236	-3.060206820852952e-08
23.10339986604492	-3.056035139191182e-08
23.13561429791748	-3.051874805155575e-08
23.16782872979005	-3.047725773087148e-08
23.20004316166261	-3.043587997720937e-08
23.23225759353518	-3.039461404251941e-08
23.26447202540774	-3.035346011094837e-08
23.29668645728031	-3.031241743443112e-08
23.32890088915287	-3.027148557127526e-08
23.36111532102543	-3.023066408213628e-08
23.393329752898	-3.0189952530002e-08
23.42554418477056	-3.014935048017682e-08
23.45775861664313	-3.010885750026623e-08
23.48997304851569	-3.006847316016146e-08
23.52218748038825	-3.002819703202431e-08
23.55440191226082	-2.998802824536268e-08
23.58661634413338	-2.994796730088525e-08
23.61883077600595	-2.99080133378921e-08
23.65104520787851	-2.986816593513201e-08
23.68325963975107	-2.982842467141946e-08
23.71547407162364	-2.978878912546296e-08
23.7476885034962	-2.974925887567601e-08
23.77990293536877	-2.97098334999678e-08
23.81211736724133	-2.967051257551063e-08
23.8443317991139	-2.963129567848174e-08
23.87654623098646	-2.959218568377431e-08
23.90876066285902	-2.955317519737403e-08
23.94097509473159	-2.951426721298608e-08
23.97318952660415	-2.947546133952701e-08
24.00540395847672	-2.943675719093817e-08
24.03761839034928	-2.939815438557903e-08
24.06983282222184	-2.935965254574315e-08
24.10204725409441	-2.932125129726942e-08
24.13426168596697	-2.92829502692263e-08
24.16647611783954	-2.924474909365374e-08
24.1986905497121	-2.920664687941281e-08
24.23090498158466	-2.916864436119413e-08
24.26311941345723	-2.913074065164929e-08
24.29533384532979	-2.909293538953794e-08
24.32754827720236	-2.905522821395869e-08
24.35976270907492	-2.901761876407993e-08
24.39197714094749	-2.898010667880196e-08
24.42419157282005	-2.894269159632944e-08
24.45640600469261	-2.890537315362295e-08
24.48862043656518	-2.886815098568852e-08
24.52083486843774	-2.883105801267075e-08
24.55304930031031	-2.879401740391943e-08
24.58526373218287	-2.875707422313143e-08
24.61747816405543	-2.87202267767536e-08
24.649692595928	-2.868347417952706e-08
24.68190702780056	-2.86468158334944e-08
24.71412145967313	-2.861025126453026e-08
24.74633589154569	-2.85737800595327e-08
24.77855032341825	-2.853740183868873e-08
24.81076475529082	-2.850111624190627e-08
24.84297918716338	-2.846490404087423e-08
24.87519361903595	-2.842881157825825e-08
24.90740805090851	-2.839280630439626e-08
24.93962248278108	-2.835689060856088e-08
24.97183691465364	-2.832106497312125e-08
25.0040513465262	-2.828532940305626e-08
25.03626577839877	-2.824968373786683e-08
25.06848021027133	-2.821412774774147e-08
25.1006946421439	-2.81786611700769e-08
25.13290907401646	-2.814328372546742e-08
25.16512350588902	-2.81079931742728e-08
25.19733793776159	-2.807279341284116e-08
25.22955236963415	-2.803768201422885e-08
25.26176680150672	-2.800265865213576e-08
25.29398123337928	-2.796772300010024e-08
25.32619566525184	-2.793287473133961e-08
25.35841009712441	-2.789811351857228e-08
25.39062452899697	-2.786343903381768e-08
25.42283896086954	-2.782885094817145e-08
25.4550533927421	-2.779434893155193e-08
25.48726782461467	-2.775993262517291e-08
25.51948225648723	-2.77256017514886e-08
25.55169668835979	-2.769135594911512e-08
25.58391112023236	-2.765719488007256e-08
25.61612555210492	-2.762311820317168e-08
25.64833998397749	-2.758912557341853e-08
25.68055441585005	-2.755521664132407e-08
25.71276884772261	-2.752139105209987e-08
25.74498327959518	-2.74876484447172e-08
25.77719771146774	-2.745398845080187e-08
25.80941214334031	-2.741996951426632e-08
25.84162657521287	-2.73870887998218e-08
25.87384100708543	-2.735356023164501e-08
25.906055438958	-2.73201926377477e-08
25.93826987083056	-2.728692103903509e-08
25.97048430270313	-2.725373548478625e-08
26.00269873457569	-2.722063281515493e-08
26.03491316644826	-2.718761159704455e-08
26.06712759832082	-2.715467100411211e-08
26.09934203019338	-2.712181046884407e-08
26.13155646206595	-2.708903825686802e-08
26.16377089393851	-2.705633505122021e-08
26.19598532581108	-2.702371040789459e-08
26.22819975768364	-2.699116415818892e-08
26.2604141895562	-2.695869613382122e-08
26.29262862142877	-2.692630616692832e-08
26.32484305330133	-2.689399409006532e-08
26.3570574851739	-2.686175973620454e-08
26.38927191704646	-2.682960293873456e-08
26.42148634891903	-2.679752353145933e-08
26.45370078079159	-2.676552627205531e-08
26.48591521266415	-2.673360098384663e-08
26.51812964453672	-2.670175209826281e-08
26.55034407640928	-2.666997939869505e-08
26.58255850828185	-2.663828268001044e-08
26.61477294015441	-2.660666175293984e-08
26.64698737202697	-2.657511645088572e-08
26.67920180389954	-2.654364664086476e-08
26.7114162357721	-2.651225224183965e-08
26.74363066764467	-2.648093325699796e-08
26.77584509951723	-2.644969898414915e-08
26.80805953138979	-2.641853342925541e-08
26.84027396326236	-2.638744428567877e-08
26.87248839513492	-2.635643266569259e-08
26.90470282700749	-2.632550091126222e-08
26.93691725888005	-2.629465439718604e-08
26.96913169075262	-2.626390782879407e-08
27.00134612262518	-2.623331839350976e-08
27.03356055449774	-2.62035075064911e-08
27.06577498637031	-2.617090257048411e-08
27.09798941824287	-2.614128713811679e-08
27.13020385011544	-2.611082350137858e-08
27.162418281988	-2.608042566131209e-08
27.19463271386056	-2.605009060003958e-08
27.22684714573313	-2.60198120998121e-08
27.25906157760569	-2.598957433107193e-08
27.29127600947826	-2.595931972292613e-08
27.32349044135082	-2.5928528111775e-08
27.35570487322338	-2.590080528630676e-08
27.38791930509595	-2.587016707165246e-08
27.42013373696851	-2.583983355865343e-08
27.45234816884108	-2.581009726121824e-08
27.48456260071364	-2.578043656280185e-08
27.51677703258621	-2.575085470407358e-08
27.54899146445877	-2.572135871706996e-08
27.58120589633133	-2.569196654702255e-08
27.6134203282039	-2.566273989817773e-08
27.64563476007646	-2.563411516590803e-08
27.67784919194903	-2.560137484912158e-08
27.71006362382159	-2.55738947972911e-08
27.74227805569415	-2.554549066245677e-08
27.77449248756672	-2.551639202886127e-08
27.80670691943928	-2.548735312754779e-08
27.83892135131185	-2.545837186777782e-08
27.87113578318441	-2.542944487872268e-08
27.90335021505697	-2.540056620951929e-08
27.93556464692954	-2.537172404288443e-08
27.9677790788021	-2.534289067075771e-08
27.99999351067467	-2.531398124861088e-08
28.03220794254723	-2.528454542693363e-08
28.0644223744198	-2.525756085036923e-08
28.09663680629236	-2.522917021314487e-08
28.12885123816492	-2.520085837084628e-08
28.16106567003749	-2.517263321470779e-08
28.19328010191005	-2.514451161009161e-08
28.22549453378262	-2.511653656639075e-08
28.25770896565518	-2.508885827210934e-08
28.28992339752774	-2.506260819600996e-08
28.32213782940031	-2.502721853821067e-08
28.35435226127287	-2.500259929711442e-08
28.38656669314544	-2.497655188469832e-08
28.418781125018	-2.494873927796544e-08
28.45099555689056	-2.492097070981846e-08
28.48320998876313	-2.489322566590089e-08
28.51542442063569	-2.486541406127157e-08
28.54763885250826	-2.483532708029546e-08
28.57985328438082	-2.481139685766499e-08
28.61206771625339	-2.478362673104328e-08
28.64428214812595	-2.475614814005574e-08
28.67649657999851	-2.472877780764773e-08
28.70871101187108	-2.470058409325807e-08
28.74092544374364	-2.467339653670871e-08
28.77313987561621	-2.464628020465135e-08
28.80535430748877	-2.461924691153677e-08
28.83756873936133	-2.459237616872345e-08
28.8697831712339	-2.456464556219463e-08
28.90199760310646	-2.453820379624203e-08
28.93421203497903	-2.45114450195494e-08
28.96642646685159	-2.448471589156634e-08
28.99864089872415	-2.445803960773808e-08
29.03085533059672	-2.443318118533222e-08
29.06306976246928	-2.440851744233779e-08
29.09528419434185	-2.437481304602795e-08
29.12749862621441	-2.435132436107508e-08
29.15971305808698	-2.432544370846946e-08
29.19192748995954	-2.429932052892505e-08
29.2241419218321	-2.427315774505322e-08
29.25635635370467	-2.424700832557176e-08
29.28857078557723	-2.422089212076449e-08
29.3207852174498	-2.419481818790507e-08
29.35299964932236	-2.41686418777822e-08
29.38521408119492	-2.414269520699707e-08
29.41742851306749	-2.411680283317929e-08
29.44964294494005	-2.409096339859478e-08
29.48185737681262	-2.406517565793885e-08
29.51407180868518	-2.403943846647426e-08
29.54628624055774	-2.401375076964147e-08
29.57850067243031	-2.398811159393202e-08
29.61071510430287	-2.396252003884956e-08
29.64292953617544	-2.393697526981023e-08
29.675143968048	-2.391145623039507e-08
29.70735839992057	-2.388600469221931e-08
29.73957283179313	-2.386059943327332e-08
29.77178726366569	-2.383523962927885e-08
29.80400169553826	-2.380992442033975e-08
29.83621612741082	-2.37846529082023e-08
29.86843055928339	-2.375942415326586e-08
29.90064499115595	-2.373423717131705e-08
29.93285942302851	-2.370909092995697e-08
29.96507385490108	-2.368398434468724e-08
29.99728828677364	-2.365887710396077e-08
30.02950271864621	-2.363384737658016e-08
30.06171715051877	-2.360885770588234e-08
30.09393158239133	-2.358390724442617e-08
30.1261460142639	-2.355899495442263e-08
30.15836044613646	-2.353411954251773e-08
30.19057487800903	-2.350927936583834e-08
30.22278930988159	-2.348447229335562e-08
30.25500374175416	-2.345969549564154e-08
30.28721817362672	-2.343494511580261e-08
30.31943260549928	-2.341069495535768e-08
30.35164703737185	-2.338608148385773e-08
30.38386146924441	-2.33614465766082e-08
30.41607590111698	-2.333671774062414e-08
30.44829033298954	-2.331168337123173e-08
30.4805047648621	-2.328534866105444e-08
30.51271919673467	-2.320693132157353e-08
30.54493362860723	-2.32464197615861e-08
30.5771480604798	-2.321967583141515e-08
30.60936249235236	-2.319479758440178e-08
30.64157692422492	-2.316818141694446e-08
30.67379135609749	-2.314462663023768e-08
30.70600578797005	-2.312110975460741e-08
30.73822021984262	-2.30976222292191e-08
30.77043465171518	-2.307415590793578e-08
30.80264908358775	-2.305070302755092e-08
30.83486351546031	-2.302725617872912e-08
30.86707794733287	-2.300380827938537e-08
30.89929237920544	-2.298035255026433e-08
30.931506811078	-2.295688249250593e-08
30.96372124295057	-2.293295596886217e-08
30.99593567482313	-2.290945394177034e-08
31.02815010669569	-2.288596248227341e-08
31.06036453856826	-2.28624807456878e-08
31.09257897044082	-2.28390075855373e-08
31.12479340231339	-2.281554140551528e-08
31.15700783418595	-2.279207991482615e-08
31.18922226605851	-2.276861970435431e-08
31.22143669793108	-2.274515546929485e-08
31.25365112980364	-2.272167847863428e-08
31.28586556167621	-2.269250870645014e-08
31.31807999354877	-2.266881987355611e-08
31.35029442542134	-2.264529782537624e-08
31.3825088572939	-2.262193052676848e-08
31.41472328916646	-2.25987091527145e-08
31.44693772103903	-2.25756270158078e-08
31.47915215291159	-2.255267889776165e-08
31.51136658478416	-2.252986061785033e-08
31.54358101665672	-2.2507168745763e-08
31.57579544852928	-2.248460040545897e-08
31.60800988040185	-2.246215313805548e-08
31.64022431227441	-2.243982480400192e-08
31.67243874414698	-2.241761351199853e-08
31.70465317601954	-2.239551756649369e-08
31.7368676078921	-2.237353542832528e-08
31.76908203976467	-2.235166568481473e-08
31.80129647163723	-2.232990702676201e-08
31.8335109035098	-2.230825823054819e-08
31.86572533538236	-2.228671814406503e-08
31.89793976725493	-2.226528567554596e-08
31.93015419912749	-2.224395978462051e-08
31.96236863100005	-2.222273947508822e-08
31.99458306287262	-2.220162378903649e-08
32.02679749474518	-2.218061180201567e-08
32.05901192661774	-2.215970261905435e-08
32.0912263584903	-2.213889537134619e-08
32.12344079036286	-2.211818921347779e-08
32.15565522223542	-2.209758332109563e-08
32.18786965410798	-2.207707688893009e-08
32.22008408598055	-2.205666912911398e-08
