0
1000	1.0219978922	100000000000000.1
5	0	0	1
5	0	0	0
0.03786664528905326	2.212967295629566e-09
0.07008107716161713	6.745432510407921e-09
0.102295509034181	1.142380878801706e-08
0.1345099409067449	1.625287343758849e-08
0.1667243727793087	2.12375602680549e-08
0.1989388046518726	2.638296469789698e-08
0.2311532365244365	3.169434903322634e-08
0.2633676683970003	3.717714791966858e-08
0.2955821002695642	4.283697397368987e-08
0.3277965321421281	4.867962359919841e-08
0.360010964014692	5.471108299544395e-08
0.3922253958872559	6.093753436243738e-08
0.4244398277598198	6.736536231031852e-08
0.4566542596323837	7.400116047931256e-08
0.4888686915049476	8.085173837713298e-08
0.5210831233775115	8.79241284409193e-08
0.5532975552500754	9.522559333102614e-08
0.5855119871226393	1.027636334642267e-07
0.6177264189952032	1.105459947941398e-07
0.6499408508677671	1.185806768469478e-07
0.682155282740331	1.268759410207392e-07
0.7143697146128949	1.354403191570833e-07
0.7465841464854588	1.442826223937274e-07
0.7787985783580227	1.534119503076008e-07
0.8110130102305866	1.628377003576112e-07
0.8432274421031505	1.725695776370296e-07
0.8754418739757144	1.826176049455861e-07
0.9076563058482783	1.929921331917245e-07
0.9398707377208422	2.037038521358177e-07
0.9720851695934061	2.147638014854856e-07
1.00429960146597	2.261833819244397e-07
1.036514033338534	2.379743675300804e-07
1.068728465211098	2.501489193377566e-07
1.100942897083662	2.627195949113706e-07
1.133157328956226	2.756993628502651e-07
1.165371760828789	2.891016175946458e-07
1.197586192701353	3.029401916887169e-07
1.229800624573917	3.172293687065754e-07
1.262015056446481	3.31983902154723e-07
1.294229488319045	3.472190277696868e-07
1.326443920191609	3.629504786496537e-07
1.358658352064173	3.791945051964533e-07
1.390872783936737	3.959678885483111e-07
1.423087215809301	4.132879601757383e-07
1.455301647681865	4.311726193216524e-07
1.487516079554428	4.496403474074729e-07
1.519730511426992	4.687102373317671e-07
1.551944943299556	4.884020005115604e-07
1.58415937517212	5.087359987552311e-07
1.616373807044684	5.297332567453556e-07
1.648588238917248	5.514154898115451e-07
1.680802670789812	5.738051235343985e-07
1.713017102662376	5.969253169786096e-07
1.74523153453494	6.207999899134092e-07
1.777445966407504	6.454538410545511e-07
1.809660398280067	6.70912382789906e-07
1.841874830152631	6.972019583760593e-07
1.874089262025195	7.243497746307162e-07
1.906303693897759	7.523839320765736e-07
1.938518125770323	7.813334459152335e-07
1.970732557642887	8.112282858584236e-07
2.002946989515451	8.420994001259132e-07
2.035161421388014	8.739787505132776e-07
2.067375853260578	9.068993466741557e-07
2.099590285133142	9.408952780488308e-07
2.131804717005705	9.760017504859528e-07
2.164019148878269	1.01225512361371e-06
2.196233580750833	1.049692941317905e-06
2.228448012623396	1.088353983812369e-06
2.26066244449596	1.128278300980801e-06
2.292876876368524	1.16950724548186e-06
2.325091308241087	1.212083534186747e-06
2.357305740113651	1.256051276204551e-06
2.389520171986215	1.301456024317981e-06
2.421734603858778	1.34834482823283e-06
2.453949035731342	1.396766273702853e-06
2.486163467603906	1.44677053679006e-06
2.518377899476469	1.498409437883902e-06
2.550592331349033	1.551736493108462e-06
2.582806763221597	1.606806971447472e-06
2.61502119509416	1.663677947337722e-06
2.647235626966724	1.722408376348107e-06
2.679450058839288	1.783059122837508e-06
2.711664490711851	1.845693065373473e-06
2.743878922584415	1.910375127461853e-06
2.776093354456979	1.977172362884793e-06
2.808307786329542	2.046154023004318e-06
2.840522218202106	2.117391621612208e-06
2.87273665007467	2.190959015455861e-06
2.904951081947234	2.266932477178523e-06
2.937165513819797	2.345390788053414e-06
2.969379945692361	2.426415285231626e-06
3.001594377564925	2.510089994979754e-06
3.033808809437488	2.596501677852667e-06
3.066023241310052	2.685739939505373e-06
3.098237673182616	2.777897318845022e-06
3.130452105055179	2.873069389181992e-06
3.162666536927743	2.971354841933317e-06
3.194880968800307	3.072855610135564e-06
3.22709540067287	3.177676957020108e-06
3.259309832545434	3.285927595291172e-06
3.291524264417998	3.397719800533991e-06
3.323738696290561	3.51316951337827e-06
3.355953128163125	3.632396480086882e-06
3.388167560035689	3.755524367355691e-06
3.420381991908252	3.882680880474968e-06
3.452596423780816	4.013997916712448e-06
3.48481085565338	4.14961168722063e-06
3.517025287525943	4.289662862264307e-06
3.549239719398507	4.434296716266319e-06
3.581454151271071	4.583663281021293e-06
3.613668583143634	4.737917501439866e-06
3.645883015016198	4.897219394867811e-06
3.678097446888762	5.061734215552714e-06
3.710311878761325	5.231632629847301e-06
3.742526310633889	5.407090889865652e-06
3.774740742506453	5.588291026111291e-06
3.806955174379016	5.77542100772409e-06
3.83916960625158	5.968674983100217e-06
3.871384038124144	6.168253440388915e-06
3.903598469996707	6.37436343804093e-06
3.935812901869271	6.58721881054303e-06
3.968027333741835	6.80704039559818e-06
4.000241765614398	7.034056258301378e-06
4.032456197486963	7.268501935197148e-06
4.064670629359527	7.510620661833895e-06
4.096885061232091	7.7606636551951e-06
4.129099493104655	8.018890343619008e-06
4.161313924977219	8.28556865305132e-06
4.193528356849783	8.560975280723929e-06
4.225742788722347	8.845395978836525e-06
4.257957220594911	9.139125863325045e-06
4.290171652467476	9.442469704740048e-06
4.32238608434004	9.755742255200136e-06
4.354600516212604	1.00792685633588e-05
4.386814948085168	1.041338434377775e-05
4.419029379957732	1.07584362611169e-05
4.451243811830296	1.111478237060025e-05
4.48345824370286	1.14827924250265e-05
4.515672675575424	1.186284829104355e-05
4.547887107447989	1.225534433626531e-05
4.580101539320553	1.26606878357193e-05
4.612315971193117	1.307929940347039e-05
4.644530403065681	1.351161342273336e-05
4.676744834938245	1.395807849428551e-05
4.708959266810809	1.441915791402634e-05
4.741173698683373	1.489533013462178e-05
4.773388130555937	1.53870892769748e-05
4.805602562428501	1.589494565139665e-05
4.837816994301066	1.641942625502513e-05
4.87003142617363	1.696107534492873e-05
4.902245858046194	1.752045500231271e-05
4.934460289918758	1.809814570900472e-05
4.966674721791322	1.869474694794214e-05
4.998889153663886	1.931087783139063e-05
5.03110358553645	1.994717773719726e-05
5.063318017409014	2.060430697650029e-05
5.095532449281579	2.128294748093389e-05
5.127746881154143	2.198380350635716e-05
5.159961313026707	2.270760236603618e-05
5.192175744899271	2.345509518215489e-05
5.224390176771835	2.422705766676928e-05
5.256604608644399	2.50242909467598e-05
5.288819040516963	2.584762233636965e-05
5.321033472389527	2.669790627702395e-05
5.353247904262092	2.75760251609452e-05
5.385462336134656	2.84828902762139e-05
5.41767676800722	2.941944274354784e-05
5.449891199879784	3.038665448915937e-05
5.482105631752348	3.138552927690876e-05
5.514320063624912	3.241710371699279e-05
5.546534495497476	3.34824483523132e-05
5.57874892737004	3.458266878871026e-05
5.610963359242604	3.571890682704505e-05
5.643177791115169	3.689234164083812e-05
5.675392222987733	3.810419101380928e-05
5.707606654860297	3.935571259862027e-05
5.739821086732861	4.064820522081393e-05
5.772035518605425	4.198301022530413e-05
5.804249950477989	4.33615128820674e-05
5.836464382350553	4.478514379243567e-05
5.868678814223117	4.625538042079748e-05
5.900893246095682	4.777374858318486e-05
5.933107677968246	4.934182405055795e-05
5.96532210984081	5.096123419761301e-05
5.997536541713374	5.263365965441891e-05
6.029750973585938	5.436083609205617e-05
6.061965405458502	5.614455600724096e-05
6.094179837331066	5.798667055796562e-05
6.12639426920363	5.98890915328286e-05
6.158608701076195	6.185379330006056e-05
6.190823132948759	6.388281485277012e-05
6.223037564821323	6.597826196772843e-05
6.255251996693887	6.814230933942028e-05
6.287466428566451	7.037720286953192e-05
6.319680860439015	7.268526198888398e-05
6.351895292311579	7.506888205272137e-05
6.384109724184143	7.75305368568239e-05
6.416324156056707	8.007278115969314e-05
6.448538587929272	8.269825339239337e-05
6.480753019801836	8.540967833802214e-05
6.5129674516744	8.82098699903551e-05
6.545181883546964	9.110173450631601e-05
6.577396315419528	9.408827313731079e-05
6.609610747292092	9.717258539273798e-05
6.641825179164656	0.0001003578723070072
6.67403961103722	0.0001036474396758776
6.706254042909785	0.0001070447015213846
6.738468474782349	0.0001105531836588771
6.770682906654913	0.0001141765273089968
6.802897338527477	0.0001179184929219401
6.835111770400041	0.0001217829640527528
6.867326202272605	0.0001257739514040947
6.899540634145169	0.0001298955969844598
6.931755066017733	0.0001341521783965002
6.963969497890298	0.000138548113298568
6.996183929762862	0.0001430879639810056
7.028398361635426	0.0001477764420837905
7.06061279350799	0.0001526184135160282
7.092827225380554	0.000157618903484393
7.125041657253118	0.0001627831017146819
7.157256089125682	0.0001681163678499438
7.189470520998246	0.0001736242369798954
7.22168495287081	0.0001793124254242823
7.253899384743375	0.000185186836654992
7.286113816615939	0.0001912535673941776
7.318328248488503	0.0001975189139855738
7.350542680361067	0.0002039893788966709
7.382757112233631	0.0002106716774837529
7.414971544106195	0.0002175727449587175
7.447185975978759	0.0002246997435783187
7.479400407851323	0.0002320600700646784
7.511614839723888	0.0002396613633777464
7.543829271596452	0.000247511512473795
7.576043703469016	0.0002556186646325889
7.60825813534158	0.0002639912338623432
7.640472567214144	0.0002726379096324899
7.672686999086708	0.0002815676659025999
7.704901430959272	0.0002907897704284715
7.737115862831836	0.000300313794369979
7.769330294704401	0.0003101496222594529
7.801544726576965	0.00032030746221386
7.833759158449529	0.0003307978565721117
7.865973590322093	0.0003416316928240481
7.898188022194657	0.0003528202148611945
7.930402454067221	0.0003643750347308226
7.962616885939785	0.0003763081446420957
7.994831317812349	0.0003886319293985695
8.027045749684913	0.0004013591792803257
8.059260181557477	0.000414503103303005
8.091474613430041	0.0004280773429451462
8.123689045302605	0.0004420959862645164
8.155903477175169	0.0004565735825685876
8.188117909047733	0.0004715251574982046
8.220332340920297	0.0004869662285932507
8.252546772792861	0.0005029128214494338
8.284761204665426	0.0005193814862966929
8.31697563653799	0.0005363893152225378
8.349190068410554	0.0005539539598913365
8.381404500283118	0.0005720936498455157
8.413618932155682	0.0005908272114616398
8.445833364028246	0.0006101740874511305
8.47804779590081	0.0006301543570936153
8.510262227773374	0.0006507887570079341
8.542476659645938	0.0006720987027175168
8.574691091518503	0.0006941063108857588
8.606905523391067	0.0007168344222258837
8.639119955263631	0.0007403066252380966
8.671334387136195	0.0007645472806827485
8.703548819008759	0.0007895815469235043
8.735763250881323	0.0008154354058959177
8.767977682753887	0.000842135690191158
8.800192114626451	0.0008697101108366297
8.832406546499016	0.00089818728617602
8.86462097837158	0.000927596771427039
8.896835410244144	0.0009579690894122891
8.929049842116708	0.000989335762248342
8.961264273989272	0.0010217293440557
8.993478705861836	0.00105518345473827
9.0256931377344	0.00108973281486552
9.057907569606964	0.001125413281758494
9.090122001479529	0.001162261886635521
9.122336433352093	0.001200316873075931
9.154550865224657	0.001239617736745615
9.186765297097221	0.001280205266327974
9.218979728969785	0.00132212158589621
9.251194160842349	0.001365410198606027
9.283408592714913	0.001410116031881787
9.315623024587477	0.001456285484008288
9.347837456460041	0.001503966472307791
9.380051888332606	0.001553208482851036
9.41226632020517	0.001604062621854826
9.444480752077734	0.001656581668677662
9.476695183950298	0.001710820130626914
9.508909615822862	0.001766834299530247
9.541124047695426	0.001824682310107089
9.57333847956799	0.001884424200409078
9.605552911440554	0.001946121974027431
9.637767343313119	0.00200983966449271
9.669981775185683	0.002075643401722274
9.702196207058247	0.0021436014806745
9.734410638930811	0.002213784432188121
9.766625070803375	0.002286265096219816
9.798839502675939	0.002361118697421386
9.831053934548503	0.002438422923243696
9.863268366421067	0.00251825800449158
9.895482798293632	0.002600706798681047
9.927697230166196	0.002685854876000324
9.95991166203876	0.002773790608089553
9.992126093911324	0.002864605259776965
10.02434052578389	0.002958393083832929
10.05655495765645	0.003055251418743735
10.08876938952902	0.003155280789757832
10.12098382140158	0.003258585013217544
10.15319825327414	0.003365271304285074
10.18541268514671	0.003475450388252609
10.21762711701927	0.003589236615434065
10.24984154889184	0.003706748079843098
10.2820559807644	0.003828106741775313
10.31427041263697	0.003953438554362763
10.34648484450953	0.004082873594325431
10.37869927638209	0.004216546196947133
10.41091370825466	0.004354595095498516
10.44312814012722	0.004497163565258332
10.47534257199979	0.004644399572085653
10.50755700387235	0.004796455926284512
10.53977143574491	0.004953490440807478
10.57198586761748	0.005115666095318648
10.60420029949004	0.005283151205258649
10.63641473136261	0.005456119596519323
10.66862916323517	0.005634750785890488
10.70084359510773	0.005819230167329335
10.7330580269803	0.006009749204396884
10.76527245885286	0.006206505628977861
10.79748689072543	0.006409703646476702
10.82970132259799	0.006619554147767746
10.86191575447056	0.006836274928070518
10.89413018634312	0.007060090912974958
10.92634461821568	0.007291234391913688
10.95855905008825	0.007529945259207475
10.99077348196081	0.007776471263080354
11.02298791383338	0.008031068262742696
11.05520234570594	0.008294000493988974
11.0874167775785	0.008565540843404185
11.11963120945107	0.008845971131576431
11.15184564132363	0.009135582405605617
11.1840600731962	0.009434675241153866
11.21627450506876	0.009743560054458951
11.24848893694132	0.01006255742436288
11.28070336881389	0.01039199842519379
11.31291780068645	0.01073222497026614
11.34513223255902	0.01108359016677714
11.37734666443158	0.01144645868227748
11.40956109630415	0.01182120712314702
11.44177552817671	0.01220822442545305
11.47398996004927	0.01260791225860197
11.50620439192184	0.01302068544224427
11.5384188237944	0.01344697237677105
11.57063325566697	0.01388721548794805
11.60284768753953	0.01434187168609995
11.63506211941209	0.01481141284026741
11.66727655128466	0.01529632626803292
11.69949098315722	0.01579711524119704
11.73170541502979	0.01631429950814687
11.76391984690235	0.01684841583328992
11.79613427877491	0.01740001855411095
11.82834871064748	0.01796968015651863
11.86056314252004	0.01855799186899285
11.89277757439261	0.01916556427622211
11.92499200626517	0.01979302795273812
11.95720643813774	0.02044103411745441
11.9894208700103	0.02111025530947352
12.02163530188286	0.02180138608610892
12.05384973375543	0.02251514374375603
12.08606416562799	0.02325226906228142
12.11827859750056	0.02401352707394714
12.15049302937312	0.02479970785731948
12.18270746124568	0.02561162735729199
12.21492189311825	0.02645012823194349
12.24713632499081	0.02731608072703586
12.27935075686338	0.02821038357928996
12.31156518873594	0.02913396494906079
12.3437796206085	0.03008778338372666
12.37599405248107	0.03107282881244807
12.40820848435363	0.03209012357361974
12.4404229162262	0.03314072347588792
12.47263734809876	0.03422571889394581
12.50485177997133	0.0353462359002037
12.53706621184389	0.03650343743346565
12.56928064371645	0.03769852450589558
12.60149507558902	0.03893273744951718
12.63370950746158	0.04020735720350044
12.66592393933415	0.04152370664358768
12.69813837120671	0.04288315195507139
12.73035280307927	0.0442871040506497
12.76256723495184	0.04573702003482093
12.7947816668244	0.04723440471611474
12.82699609869697	0.04878081216886185
12.85921053056953	0.05037784734618137
12.89142496244209	0.05202716774556049
12.92363939431466	0.053730485129211
12.95585382618722	0.05548956730060044
12.98806825805979	0.05730623993916984
13.02028268993235	0.05918238849526041
13.05249712180492	0.06111996014668423
13.08471155367748	0.06312096581982314
13.11692598555004	0.06518748227663633
13.14914041742261	0.06732165427003999
13.18135484929517	0.0695256967698062
13.21356928116774	0.0718018972615752
13.2457837130403	0.07415261812073372
13.27799814491286	0.07658029906429004
13.31021257678543	0.07908745968298407
13.34242700865799	0.08167670205623404
13.37464144053056	0.08435071345278389
13.40685587240312	0.08711226911966942
13.43907030427568	0.08996423516251616
13.47128473614825	0.09290957152016438
13.50349916802081	0.09595133503667672
13.53571359989338	0.09909268263394515
13.56792803176594	0.1023368745880574
13.60014246363851	0.1056872779130603
13.63235689551107	0.1091473698554159
13.66457132738363	0.1127207415028753
13.6967857592562	0.1164111015116058
13.72900019112876	0.120222279955147
13.76121462300133	0.1241582322995473
13.79342905487389	0.1282230435085855
13.82564348674645	0.1324209322833093
13.85785791861902	0.1367562554405595
13.89007235049158	0.1412335124346552
13.92228678236415	0.145857350027228
13.95450121423671	0.1506325671098724
13.98671564610927	0.155564119684746
14.01893007798184	0.1606571260081958
14.0511445098544	0.1659168719027667
14.08335894172697	0.1713488162431765
14.11557337359953	0.1769585966217899
14.1477878054721	0.1827520351996999
14.18000223734466	0.1887351447493218
14.21221666921722	0.1949141348947399
14.24443110108979	0.2012954185564646
14.27664553296235	0.2078856186070866
14.30885996483492	0.2146915747449974
14.34107439670748	0.2217203505928926
14.37328882858004	0.2289792410288962
14.40550326045261	0.236475779757581
14.43771769232517	0.2442177471289062
14.46993212419774	0.2522131782131073
14.5021465560703	0.2604703711399585
14.53436098794286	0.2689978957111311
14.56657541981543	0.2778046022942557
14.59878985168799	0.2868996310085943
14.63100428356056	0.2962924212109898
14.66321871543312	0.3059927212926746
14.69543314730569	0.316010598796729
14.72764757917825	0.326356450866741
14.75986201105081	0.3370410150375475
14.79207644292338	0.3480753803793358
14.82429087479594	0.3594709990064908
14.85650530666851	0.3712396979632756
14.88871973854107	0.3833936914986265
14.92093417041363	0.3959455937428479
14.9531486022862	0.4089084317991676
14.98536303415876	0.4222956592643117
15.01757746603133	0.4361211701910848
15.04979189790389	0.4503993135086434
15.08200632977645	0.4651449079146338
15.11422076164902	0.4803732572548183
15.14643519352158	0.496100166406413
15.17864962539415	0.5123419576812143
15.21086405726671	0.5291154877659141
15.24307848913928	0.5464381652169007
15.27529292101184	0.5643279685279253
15.3075073528844	0.5828034647892045
15.33972178475697	0.6018838289574171
15.37193621662953	0.6215888637566304
15.4041506485021	0.6419390202307309
15.43636508037466	0.6629554189686278
15.46857951224722	0.6846598720245287
15.50079394411979	0.7070749055556855
15.53300837599235	0.7302237832014432
15.56522280786492	0.7541305302275039
15.59743723973748	0.7788199584608012
15.62965167161004	0.8043176920406476
15.66186610348261	0.8306501940130072
15.69408053535517	0.8578447937953042
15.72629496722774	0.8859297155404938
15.7585093991003	0.9149341074298154
15.79072383097287	0.9448880719243729
15.82293826284543	0.9758226970073197
15.85515269471799	1.007770088448683
15.88736712659056	1.040763403126632
15.91958155846312	1.074836883439629
15.95179599033569	1.11002589284523
15.98401042220825	1.146366952562185
16.01622485408081	1.183897779474491
16.04843928595338	1.22265732527598
16.08065371782594	1.262685816896715
16.11286814969851	1.304024798252963
16.14508258157107	1.346717173363639
16.17729701344363	1.390807250878771
16.2095114453162	1.436340790065519
16.24172587718876	1.48336504829989
16.27394030906133	1.531928830113034
16.30615474093389	1.582082537843502
16.33836917280646	1.633878223947815
16.37058360467902	1.687369645023261
16.40279803655158	1.742612317599922
16.43501246842415	1.79966357575871
16.46722690029671	1.858582630636083
16.49944133216928	1.919430631876813
16.53165576404184	1.982270731098654
16.5638701959144	2.04716814743465
16.59608462778697	2.114190235221382
16.62829905965953	2.183406553903284
16.6605134915321	2.254888940225265
16.69272792340466	2.328711582789271
16.72494235527722	2.404951099051301
16.75715678714979	2.483686614839547
16.78937121902235	2.564999846475701
16.82158565089492	2.64897518558505
16.85380008276748	2.735699786682667
16.88601451464005	2.825263657627586
16.91822894651261	2.917759753038357
16.95044337838517	3.013284070766226
16.98265781025774	3.111935751527759
17.0148722421303	3.213817181798458
17.04708667400287	3.319034100075464
17.07930110587543	3.427695706619013
17.11151553774799	3.539914776787076
17.14372996962056	3.655807778079609
17.17594440149312	3.775494991015554
17.20815883336569	3.899100633967012
17.24037326523825	4.026752992079844
17.27258769711081	4.158584550415794
17.30480212898338	4.294732131452779
17.33701656085594	4.435337037087345
17.36923099272851	4.580545195285715
17.40144542460107	4.73050731153663
17.43365985647364	4.885379025261471
17.4658742883462	5.045321071346638
17.49808872021876	5.210499446962944
17.53030315209133	5.381085583846825
17.56251758396389	5.557256526222687
17.59473201583646	5.739195114549086
17.62694644770902	5.927090175281129
17.65916087958158	6.121136716845386
17.69137531145415	6.321536132031297
17.72358974332671	6.528496407007348
17.75580417519928	6.742232337181552
17.78801860707184	6.962965750128603
17.82023303894441	7.190925735814594
17.85244747081697	7.426348884360499
17.88466190268953	7.669479531588323
17.9168763345621	7.920570012607087
17.94909076643466	8.179880923700463
17.98130519830723	8.447681392789153
18.01351963017979	8.724249358746183
18.04573406205235	9.009871859858389
18.07794849392492	9.304845331731601
18.11016292579748	9.609475914947213
18.14237735767005	9.924079772793677
18.17459178954261	10.24898341939799
18.20680622141517	10.58452405860092
18.23902065328774	10.93104993392621
18.2712350851603	11.28892069000849
18.30344951703287	11.65850774585156
18.33566394890543	12.0401946803091
18.367878380778	12.43437763018492
18.40009281265056	12.84146570136506
18.43230724452312	13.26188139341298
18.46452167639569	13.69606103806198
18.49673610826825	14.14445525206602
18.52895054014082	14.60752940487482
18.56116497201338	15.08576410162212
18.59337940388594	15.57965568192315
18.62559383575851	16.08971673500469
18.65780826763107	16.61647663170085
18.69002269950364	17.16048207386141
18.7222371313762	17.72229766175262
18.75445156324876	18.30250648002978
18.78666599512133	18.90171070289602
18.81888042699389	19.5205322190726
18.85109485886646	20.15961327723176
18.88330929073902	20.81961715255628
18.91552372261159	21.50122883512556
18.94773815448415	22.2051557408378
18.97995258635671	22.93212844560388
19.01216701822928	23.68290144358306
19.04438145010184	24.45825393023791
19.07659588197441	25.25899061102795
19.10881031384697	26.08594253657768
19.14102474571953	26.93996796519043
19.1732391775921	27.8219532535938
19.20545360946466	28.73281377685233
19.23766804133723	29.67349487839713
19.26988247320979	30.64497285115217
19.30209690508235	31.64825595079131
19.33431133695492	32.68438544215898
19.36652576882748	33.75443667995489
19.39874020070005	34.85952022479687
19.43095463257261	36.00078299582626
19.46316906444518	37.17940946104012
19.49538349631774	38.39662286660221
19.5275979281903	39.65368650639659
19.55981236006287	40.951905033142
19.59202679193543	42.29262581243807
19.624241223808	43.67724032113327
19.65645565568056	45.10718559147926
19.68867008755312	46.583945702562
19.72088451942569	48.10905332056664
19.75309895129825	49.68409128945849
19.78531338317082	51.31069427374916
19.81752781504338	52.99055045504726
19.84974224691594	54.72540328413909
19.88195667878851	56.51705329044811
19.91417111066107	58.3673599507194
19.94638554253364	60.27824361889049
19.9785999744062	62.2516875191391
20.01081440627877	64.28973980419184
20.04302883815133	66.39451568100105
20.07524327002389	68.56819960603055
20.10745770189646	70.81304755240693
20.13967213376902	73.13138935128792
20.17188656564159	75.52563110990054
20.20410099751415	77.99825770872415
20.23631542938671	80.55183538044226
20.26852986125928	83.18901437331776
20.30074429313184	85.9125317017762
20.33295872500441	88.72521398702031
20.36517315687697	91.62998039065971
20.39738758874953	94.62984564438388
20.4296020206221	97.72792317880469
20.46181645249466	100.927428354762
20.49403088436723	104.2316818003934
20.52624531623979	107.6441128574695
20.55845974811236	111.1682631405495
20.59067417998492	114.8077902126785
20.62288861185748	118.5664713813904
20.65510304373005	122.4482076190191
20.68731747560261	126.4570276113391
20.71953190747518	130.5970919387526
20.75174633934774	134.8726973943822
20.7839607712203	139.2882814435065
20.81617520309287	143.8484268290136
20.84838963496543	148.5578663276157
20.880604066838	153.4214876618019
20.91281849871056	158.4443385725676
20.94503293058312	163.6316320582401
20.97724736245569	168.9887517848333
21.00946179432825	174.5212576734793
21.04167622620082	180.2348916708542
21.07389065807338	186.1355837084607
21.10610508994595	192.2294578570467
21.13831952181851	198.5228386824901
21.17053395369107	205.0222578098059
21.20274838556364	211.7344607019899
21.2349628174362	218.6664136608544
21.26717724930877	225.8253110570257
21.29939168118133	233.2185827966501
21.33160611305389	240.8539020325736
21.36382054492646	248.7391931279424
21.39603497679902	256.8826398805464
21.42824940867159	265.2926940163961
21.46046384054415	273.978083961416
21.49267827241671	282.9478239002488
21.52489270428928	292.2112231316642
21.55710713616184	301.7778957303001
21.58932156803441	311.6577705246029
21.62153599990697	321.8611014015687
21.65375043177954	332.3984779487431
21.6859648636521	343.280836444685
21.71817929552466	354.519471209208
21.75039372739723	366.1260463252872
21.78260815926979	378.1126077446108
21.81482259114236	390.4915957895722
21.84703702301492	403.275858064478
21.87925145488748	416.4786627894812
21.91146588676005	430.113712571097
21.94368031863261	444.1951586234634
21.97589475050518	458.737615455253
22.00810918237774	473.7561760373734
22.0403236142503	489.2664274673193
22.07253804612287	505.2844671462439
22.10475247799543	521.8269194857089
22.136966909868	538.9109531614597
22.16918134174056	556.5542989318837
22.20139577361313	574.7752680400649
22.23361020548569	593.5927712180817
22.26582463735825	613.026338313624
22.29803906923082	633.0961385590625
22.33025350110338	653.8230015042534
22.36246793297595	675.22843863445
22.39468236484851	697.3346656961367
22.42689679672107	720.1646257536972
22.45911122859364	743.7420130009173
22.4913256604662	768.0912973521571
22.52354009233877	793.2377498384692
22.55575452421133	819.2074688352305
22.58796895608389	846.0274071483977
22.62018338795646	873.7253999876532
22.65239781982902	902.330193855158
22.68461225170159	931.8714763802141
22.71682668357415	962.3799071307573
22.74904111544672	993.8871494332943
22.78125554731928	1026.425903234991
22.81346997919184	1060.029939041247
22.84568441106441	1094.734132964585
22.87789884293697	1130.574502920833
22.91011327480954	1167.588246010596
22.9423277066821	1205.81377712416
22.97454213855466	1245.290768810631
23.00675657042723	1286.060192452124
23.03897100229979	1328.164360785978
23.07118543417236	1371.646971819293
23.10339986604492	1416.553154180865
23.13561429791748	1462.9295139581
23.16782872979005	1510.82418306717
23.20004316166261	1560.286869207034
23.23225759353518	1611.368907448507
23.26447202540774	1664.123313512438
23.29668645728031	1718.604838792477
23.32890088915287	1774.870027178524
23.36111532102543	1832.977273741301
23.393329752898	1892.986885337565
23.42554418477056	1954.961143199789
23.45775861664313	2018.964367574727
23.48997304851569	2085.062984478622
23.52218748038825	2153.325594637193
23.55440191226082	2223.823044683312
23.58661634413338	2296.628500685142
23.61883077600595	2371.817524081633
23.65104520787851	2449.46815010435
23.68325963975107	2529.660968766218
23.71547407162364	2612.47920850208
23.7476885034962	2698.008822547318
23.77990293536877	2786.338578144906
23.81211736724133	2877.560148672288
23.8443317991139	2971.768208784664
23.87654623098646	3069.060532673726
23.90876066285902	3169.538095541981
23.94097509473159	3273.305178400679
23.97318952660415	3380.469476297595
24.00540395847672	3491.142210088598
24.03761839034928	3605.438241868068
24.06983282222184	3723.47619417927
24.10204725409441	3845.378573126178
24.13426168596697	3971.271895517016
24.16647611783954	4101.286820169643
24.1986905497121	4235.558283515773
24.23090498158466	4374.225639645384
24.26311941345723	4517.432804934961
24.29533384532979	4665.328407411432
24.32754827720236	4818.065941005547
24.35976270907492	4975.803924856331
24.39197714094749	5138.70606782966
24.42419157282005	5306.941438423481
24.45640600469261	5480.68464023652
24.48862043656518	5660.115993179359
24.52083486843774	5845.421720620871
24.55304930031031	6036.794142659277
24.58526373218287	6234.431875722063
24.61747816405543	6438.54003869945
24.649692595928	6649.330465828201
24.68190702780056	6867.021926542645
24.71412145967313	7091.840352525272
24.74633589154569	7324.019072189538
24.77855032341825	7563.799052839599
24.81076475529082	7811.429150758946
24.84297918716338	8067.166369485193
24.87519361903595	8331.276126541341
24.90740805090851	8604.032528898695
24.93962248278108	8885.718657460089
24.97183691465364	9176.626860854047
25.0040513465262	9477.059058848419
25.03626577839877	9787.327055699534
25.06848021027133	10107.75286375539
25.1006946421439	10438.66903765846
25.13290907401646	10780.4190194857
25.16512350588902	11133.35749519043
25.19733793776159	11497.85076271171
25.22955236963415	11874.27711213848
25.26176680150672	12263.02721831535
25.29398123337928	12664.50454630565
25.32619566525184	13079.12577012611
25.35841009712441	13507.32120519187
25.39062452899697	13949.53525491965
25.42283896086954	14406.22687195038
25.4550533927421	14877.87003447293
25.48726782461467	15364.95423814065
25.51948225648723	15867.98500409637
25.55169668835979	16387.4844036244
25.58391112023236	16923.99159998128
25.61612555210492	17478.06340796837
25.64833998397749	18050.2748718168
25.68055441585005	18641.21986200064
25.71276884772261	19251.51169158115
25.74498327959518	19881.78375273425
25.77719771146774	20532.69017411323
25.80941214334031	21204.90649973881
25.84162657521287	21899.1303901071
25.87384100708543	22616.08234625799
25.906055438958	23356.50645754343
25.93826987083056	24121.17117387926
25.97048430270313	24910.87010328157
26.00269873457569	25726.42283550866
26.03491316644826	26568.67579267089
26.06712759832082	27438.50310768582
26.09934203019338	28336.80753149965
26.13155646206595	29264.52137000111
26.16377089393851	30222.60745161124
26.19598532581108	31212.06012655892
26.22819975768364	32233.90629885556
26.2604141895562	33289.20649207244
26.29262862142877	34379.05594999733
26.32484305330133	35504.58577333226
26.3570574851739	36666.96409359881
26.38927191704646	37867.3972854872
26.42148634891903	39107.13121888135
26.45370078079159	40387.45255188528
26.48591521266415	41709.69006617409
26.51812964453672	43075.21604606554
26.55034407640928	44485.44770274474
26.58255850828185	45941.84864510779
26.61477294015441	47445.93039876431
26.64698737202697	48999.2539747652
26.67920180389954	50603.43148970062
26.7114162357721	52260.12783882192
26.74363066764467	53971.06242394496
26.77584509951723	55738.01093793553
26.80805953138979	57562.80720758984
26.84027396326236	59447.34509687802
26.87248839513492	61393.58047247499
26.90470282700749	63403.53323365175
26.93691725888005	65479.28940861273
26.96913169075262	67623.00331948396
27.00134612262518	69836.89981815351
27.03356055449774	72123.2765953335
27.06577498637031	74484.50656520069
27.09798941824287	76923.0403281154
27.13020385011544	79441.408713974
27.162418281988	82042.22540880914
27.19463271386056	84728.18966739612
27.22684714573313	87502.08911465218
27.25906157760569	90366.80263877577
27.29127600947826	93325.30337907307
27.32349044135082	96380.66181161115
27.35570487322338	99536.04893591696
27.38791930509595	102794.7395659526
27.42013373696851	106160.1157288908
27.45234816884108	109635.6701751173
27.48456260071364	113225.0100031688
27.51677703258621	116931.8604033291
27.54899146445877	120760.0685238173
27.58120589633133	124713.6074635087
27.6134203282039	128796.5803954065
27.64563476007646	133013.2248250819
27.67784919194903	137367.9169885485
27.71006362382159	141865.1763941257
27.74227805569415	146509.6705129662
27.77449248756672	151306.2196231693
27.80670691943928	156259.8018124631
27.83892135131185	161375.5581447081
27.87113578318441	166658.7979954961
27.90335021505697	172115.0045624429
27.93556464692954	177749.8405559251
27.9677790788021	183569.1540760357
27.99999351067467	189578.9846820438
28.03220794254723	195785.569660478
28.0644223744198	202195.3504984681
28.09663680629236	208814.9795689695
28.12885123816492	215651.3270349286
28.16106567003749	222711.4879793866
28.19328010191005	230002.7897690906
28.22549453378262	237532.7996591261
28.25770896565518	245309.3326465364
28.28992339752774	253340.4595810879
28.32213782940031	261634.5155415107
28.35435226127287	270200.1084860086
28.38656669314544	279046.1281859378
28.418781125018	288181.7554520359
28.45099555689056	297616.4716626155
28.48320998876313	307360.0686037194
28.51542442063569	317422.6586315195
28.54763885250826	327814.6851672445
28.57985328438082	338546.9335358888
28.61206771625339	349630.5421596156
28.64428214812595	361077.0141177031
28.67649657999851	372898.2290848721
28.70871101187108	385106.455660581
28.74092544374364	397714.3641018145
28.77313987561621	410735.0394728391
28.80535430748877	424181.9952253975
28.83756873936133	438069.1872235176
28.8697831712339	452411.0282275276
28.90199760310646	467222.4028521618
28.93421203497903	482518.6830144406
28.96642646685159	498315.7438872248
28.99864089872415	514629.9803752109
29.03085533059672	531478.3241301536
29.06306976246928	548878.2611231932
29.09528419434185	566847.8497926195
29.12749862621441	585405.7397854849
29.15971305808698	604571.1913131115
29.19192748995954	624364.0951400104
29.2241419218321	644804.9932273638
29.25635635370467	665915.100052207
29.28857078557723	687716.3246248026
29.3207852174498	710231.2932265463
29.35299964932236	733483.3728924991
29.38521408119492	757496.6956625661
29.41742851306749	782296.183626677
29.44964294494005	807907.5747899943
29.48185737681262	834357.4497847462
29.51407180868518	861673.2594566806
29.54628624055774	889883.3533545347
29.57850067243031	919017.009152478
29.61071510430287	949104.4630355007
29.64292953617544	980176.9410796203
29.675143968048	1012266.691659766
29.70735839992057	1045407.018918062
29.73957283179313	1079632.317328443
29.77178726366569	1114978.107392367
29.80400169553826	1151481.072503467
29.83621612741082	1189179.097018796
29.86843055928339	1228111.305576944
29.90064499115595	1268318.103702814
29.93285942302851	1309841.219742179
29.96507385490108	1352723.748168795
29.99728828677364	1397010.194309511
30.02950271864621	1442746.520533701
30.06171715051877	1489980.193954595
30.09393158239133	1538760.235692488
30.1261460142639	1589137.27175052
30.15836044613646	1641163.585556551
30.19057487800903	1694893.172224617
30.22278930988159	1750381.794592938
30.25500374175416	1807687.041097077
30.28721817362672	1866868.385536784
30.31943260549928	1927987.248800602
30.35164703737185	1991107.062610381
30.38386146924441	2056293.335353218
30.41607590111698	2123613.720068153
30.44829033298954	2193138.084659433
30.4805047648621	2264938.584407511
30.51271919673467	2339089.736854668
30.54493362860723	2415668.499141819
30.5771480604798	2494754.347877393
30.60936249235236	2576429.361621263
30.64157692422492	2660778.306068572
30.67379135609749	2747888.722022668
30.70600578797005	2837851.016247776
30.73822021984262	2930758.555296905
30.77043465171518	3026707.762410558
30.80264908358775	3125798.217587919
30.83486351546031	3228132.760935273
30.86707794733287	3333817.599396036
30.89929237920544	3442962.41697694
30.931506811078	3555680.48858134
30.96372124295057	3672088.797570113
30.99593567482313	3792308.157170538
31.02815010669569	3916463.335861274
31.06036453856826	4044683.186860573
31.09257897044082	4177100.781855071
31.12479340231339	4313853.54910569
31.15700783418595	4455083.416075476
31.18922226605851	4600936.956727142
31.22143669793108	4751565.543642018
31.25365112980364	4907125.505119818
31.28586556167621	5067778.287420849
31.31807999354877	5233690.622321381
31.35029442542134	5405034.700152703
31.3825088572939	5581988.348505595
31.41472328916646	5764735.216787048
31.44693772103903	5953464.966815869
31.47915215291159	6148373.469661612
31.51136658478416	6349663.008924983
31.54358101665672	6557542.490674878
31.57579544852928	6772227.660256908
31.60800988040185	6993941.326202552
31.64022431227441	7222913.591465637
31.67243874414698	7459382.092231426
31.70465317601954	7703592.244542352
31.7368676078921	7955797.498998763
31.76908203976467	8216259.603798941
31.80129647163723	8485248.876388714
31.8335109035098	8763044.484005863
31.86572533538236	9049934.733407689
31.89793976725493	9346217.370086707
31.93015419912749	9652199.887278896
31.96236863100005	9968199.845089016
31.99458306287262	10294545.20006694
32.02679749474518	10631574.6455677
32.05901192661774	10979637.96326087
32.0912263584903	11339096.38614297
32.12344079036286	11710322.97343729
32.15565522223542	12093702.99776351
32.18786965410798	12489634.34498898
32.22008408598055	12898527.92716408
0
1000	1.0219978922	100000000000000.1
5	0	0	1
5	0	0	0
0.03786664528905326	-1.333345504785653e-07
0.07008107716161713	-1.332628593109679e-07
0.102295509034181	-1.33193448781235e-07
0.1345099409067449	-1.331262491362981e-07
0.1667243727793087	-1.330611922858005e-07
0.1989388046518726	-1.329982118209162e-07
0.2311532365244365	-1.329372430252887e-07
0.2633676683970003	-1.328782228789813e-07
0.2955821002695642	-1.328210900562321e-07
0.3277965321421281	-1.32765784917771e-07
0.360010964014692	-1.32712249498362e-07
0.3922253958872559	-1.326604274901918e-07
0.4244398277598198	-1.326102642226544e-07
0.4566542596323837	-1.325617066390465e-07
0.4888686915049476	-1.325147032706233e-07
0.5210831233775115	-1.32469204208427e-07
0.5532975552500754	-1.324251610732667e-07
0.5855119871226393	-1.323825269841715e-07
0.6177264189952032	-1.323412565256244e-07
0.6499408508677671	-1.323013057138403e-07
0.682155282740331	-1.32262631962327e-07
0.7143697146128949	-1.322251940469374e-07
0.7465841464854588	-1.321889520706061e-07
0.7787985783580227	-1.321538674279299e-07
0.8110130102305866	-1.321199027697429e-07
0.8432274421031505	-1.320870219678105e-07
0.8754418739757144	-1.320551900797528e-07
0.9076563058482783	-1.320243733142982e-07
0.9398707377208422	-1.319945389969465e-07
0.9720851695934061	-1.319656555361154e-07
1.00429960146597	-1.319376810826224e-07
1.036514033338534	-1.319106100586023e-07
1.068728465211098	-1.318844021068622e-07
1.100942897083662	-1.318590294713685e-07
1.133157328956226	-1.318344652928897e-07
1.165371760828789	-1.318106835842382e-07
1.197586192701353	-1.317876592056329e-07
1.229800624573917	-1.317653678402526e-07
1.262015056446481	-1.317437859700436e-07
1.294229488319045	-1.317228908518344e-07
1.326443920191609	-1.317026523076433e-07
1.358658352064173	-1.31683066410758e-07
1.390872783936737	-1.316641040484301e-07
1.423087215809301	-1.31645745223414e-07
1.455301647681865	-1.316279705811589e-07
1.487516079554428	-1.31610761392311e-07
1.519730511426992	-1.315940995352704e-07
1.551944943299556	-1.315779674788687e-07
1.58415937517212	-1.315623482651984e-07
1.616373807044684	-1.315472254926535e-07
1.648588238917248	-1.315325773720821e-07
1.680802670789812	-1.315184011169862e-07
1.713017102662376	-1.315046757017357e-07
1.74523153453494	-1.314913866968287e-07
1.777445966407504	-1.314785201346986e-07
1.809660398280067	-1.314660624972668e-07
1.841874830152631	-1.314540007035207e-07
1.874089262025195	-1.314423220971662e-07
1.906303693897759	-1.31431014434382e-07
1.938518125770323	-1.314200658717073e-07
1.970732557642887	-1.31409460662035e-07
2.002946989515451	-1.313991968165613e-07
2.035161421388014	-1.313892591370361e-07
2.067375853260578	-1.313796371997108e-07
2.099590285133142	-1.313703209135716e-07
2.131804717005705	-1.313613005114427e-07
2.164019148878269	-1.31352566541101e-07
2.196233580750833	-1.31344109856437e-07
2.228448012623396	-1.313359216086818e-07
2.26066244449596	-1.313279932377291e-07
2.292876876368524	-1.31320313355098e-07
2.325091308241087	-1.313128805353935e-07
2.357305740113651	-1.313056837855289e-07
2.389520171986215	-1.312987155692343e-07
2.421734603858778	-1.312919685902961e-07
2.453949035731342	-1.312854357861725e-07
2.486163467603906	-1.312791103216176e-07
2.518377899476469	-1.312729855823338e-07
2.550592331349033	-1.312670551686664e-07
2.582806763221597	-1.312613128893672e-07
2.61502119509416	-1.312557505039061e-07
2.647235626966724	-1.312503669876027e-07
2.679450058839288	-1.312451543852146e-07
2.711664490711851	-1.312401072447951e-07
2.743878922584415	-1.312352202877905e-07
2.776093354456979	-1.312304884044513e-07
2.808307786329542	-1.312259066492422e-07
2.840522218202106	-1.312214702362722e-07
2.87273665007467	-1.31217174534757e-07
2.904951081947234	-1.312130150645226e-07
2.937165513819797	-1.312089858605878e-07
2.969379945692361	-1.312050861847249e-07
3.001594377564925	-1.312013102780353e-07
3.033808809437488	-1.311976541946891e-07
3.066023241310052	-1.311941141142089e-07
3.098237673182616	-1.311906863381608e-07
3.130452105055179	-1.311873672868453e-07
3.162666536927743	-1.311841534960041e-07
3.194880968800307	-1.311810416135426e-07
3.22709540067287	-1.311780283962902e-07
3.259309832545434	-1.311751095252465e-07
3.291524264417998	-1.31172284467717e-07
3.323738696290561	-1.311695490536926e-07
3.355953128163125	-1.311669004264758e-07
3.388167560035689	-1.311643358200468e-07
3.420381991908252	-1.311618525566757e-07
3.452596423780816	-1.311594480445352e-07
3.48481085565338	-1.311571197753181e-07
3.517025287525943	-1.311548653218744e-07
3.549239719398507	-1.311526823358706e-07
3.581454151271071	-1.311505676894624e-07
3.613668583143634	-1.311485209978239e-07
3.645883015016198	-1.311465392408946e-07
3.678097446888762	-1.311446203500034e-07
3.710311878761325	-1.311427623221044e-07
3.742526310633889	-1.31140963218052e-07
3.774740742506453	-1.311392211608738e-07
3.806955174379016	-1.311375343340502e-07
3.83916960625158	-1.311359009798076e-07
3.871384038124144	-1.311343193974221e-07
3.903598469996707	-1.311327873213597e-07
3.935812901869271	-1.311313044733858e-07
3.968027333741835	-1.311298686659728e-07
4.000241765614398	-1.31128478400845e-07
4.032456197486963	-1.311271322272346e-07
4.064670629359527	-1.311258287406371e-07
4.096885061232091	-1.311245665815617e-07
4.129099493104655	-1.311233444342876e-07
4.161313924977219	-1.311221610256265e-07
4.193528356849783	-1.311210151236996e-07
4.225742788722347	-1.311199050873783e-07
4.257957220594911	-1.311188307153751e-07
4.290171652467476	-1.311177904230348e-07
4.32238608434004	-1.311167831250685e-07
4.354600516212604	-1.311158077705889e-07
4.386814948085168	-1.311148633422097e-07
4.419029379957732	-1.311139488551422e-07
4.451243811830296	-1.311130633562941e-07
4.48345824370286	-1.311122059233763e-07
4.515672675575424	-1.311113756640161e-07
4.547887107447989	-1.311105713893052e-07
4.580101539320553	-1.311097929535589e-07
4.612315971193117	-1.311090392087646e-07
4.644530403065681	-1.311083093687131e-07
4.676744834938245	-1.311076026721109e-07
4.708959266810809	-1.311069183819291e-07
4.741173698683373	-1.311062557847478e-07
4.773388130555937	-1.31105614190105e-07
4.805602562428501	-1.311049929298498e-07
4.837816994301066	-1.311043913574993e-07
4.87003142617363	-1.311038086117064e-07
4.902245858046194	-1.311032445869965e-07
4.934460289918758	-1.311026984516415e-07
4.966674721791322	-1.311021696360561e-07
4.998889153663886	-1.311016575887027e-07
5.03110358553645	-1.311011617756195e-07
5.063318017409014	-1.311006816799476e-07
5.095532449281579	-1.311002168014577e-07
5.127746881154143	-1.31099766656081e-07
5.159961313026707	-1.310993307754468e-07
5.192175744899271	-1.310989085354951e-07
5.224390176771835	-1.310984998598459e-07
5.256604608644399	-1.310981041458946e-07
5.288819040516963	-1.310977209809742e-07
5.321033472389527	-1.310973499654911e-07
5.353247904262092	-1.31096990712586e-07
5.385462336134656	-1.310966428477871e-07
5.41767676800722	-1.310963060086706e-07
5.449891199879784	-1.310959798445214e-07
5.482105631752348	-1.310956640159943e-07
5.514320063624912	-1.310953580709355e-07
5.546534495497476	-1.310950619540241e-07
5.57874892737004	-1.310947752286487e-07
5.610963359242604	-1.310944975958198e-07
5.643177791115169	-1.3109422876602e-07
5.675392222987733	-1.310939684589561e-07
5.707606654860297	-1.310937164033112e-07
5.739821086732861	-1.310934723364956e-07
5.772035518605425	-1.310932360044023e-07
5.804249950477989	-1.310930071611628e-07
5.836464382350553	-1.310927854791672e-07
5.868678814223117	-1.310925709183435e-07
5.900893246095682	-1.31092363162342e-07
5.933107677968246	-1.310921619945312e-07
5.96532210984081	-1.310919672051416e-07
5.997536541713374	-1.31091778591087e-07
6.029750973585938	-1.310915959557845e-07
6.061965405458502	-1.310914191089737e-07
6.094179837331066	-1.310912478665412e-07
6.12639426920363	-1.310910820503405e-07
6.158608701076195	-1.310909214229991e-07
6.190823132948759	-1.310907659554862e-07
6.223037564821323	-1.310906154185863e-07
6.255251996693887	-1.310904696553367e-07
6.287466428566451	-1.310903285137469e-07
6.319680860439015	-1.31090191846668e-07
6.351895292311579	-1.310900595116633e-07
6.384109724184143	-1.310899313708778e-07
6.416324156056707	-1.310898072909087e-07
6.448538587929272	-1.31089687142678e-07
6.480753019801836	-1.310895707541907e-07
6.5129674516744	-1.310894581044164e-07
6.545181883546964	-1.310893490272705e-07
6.577396315419528	-1.310892434090233e-07
6.609610747292092	-1.310891411395465e-07
6.641825179164656	-1.310890421122209e-07
6.67403961103722	-1.310889462238409e-07
6.706254042909785	-1.310888533745202e-07
6.738468474782349	-1.31088763467599e-07
6.770682906654913	-1.310886764095509e-07
6.802897338527477	-1.310885920757528e-07
6.835111770400041	-1.310885104509669e-07
6.867326202272605	-1.310884314148522e-07
6.899540634145169	-1.310883548850028e-07
6.931755066017733	-1.310882807816226e-07
6.963969497890298	-1.310882090274578e-07
6.996183929762862	-1.310881395477277e-07
7.028398361635426	-1.310880722700574e-07
7.06061279350799	-1.310880071244084e-07
7.092827225380554	-1.310879440430144e-07
7.125041657253118	-1.310878829355743e-07
7.157256089125682	-1.310878237910497e-07
7.189470520998246	-1.310877665222422e-07
7.22168495287081	-1.310877110694429e-07
7.253899384743375	-1.310876573748324e-07
7.286113816615939	-1.310876053824342e-07
7.318328248488503	-1.310875550380637e-07
7.350542680361067	-1.310875062892794e-07
7.382757112233631	-1.310874590853329e-07
7.414971544106195	-1.31087413377121e-07
7.447185975978759	-1.310873690992138e-07
7.479400407851323	-1.310873262436127e-07
7.511614839723888	-1.310872847471353e-07
7.543829271596452	-1.310872445665169e-07
7.576043703469016	-1.310872056598639e-07
7.60825813534158	-1.310871679866156e-07
7.640472567214144	-1.310871315075106e-07
7.672686999086708	-1.310870961845504e-07
7.704901430959272	-1.310870619809634e-07
7.737115862831836	-1.310870288611708e-07
7.769330294704401	-1.310869967777627e-07
7.801544726576965	-1.310869657249434e-07
7.833759158449529	-1.310869356569317e-07
7.865973590322093	-1.310869065423789e-07
7.898188022194657	-1.310868783509284e-07
7.930402454067221	-1.310868510531921e-07
7.962616885939785	-1.3108682462072e-07
7.994831317812349	-1.3108679902598e-07
8.027045749684913	-1.310867742423277e-07
8.059260181557477	-1.310867502439827e-07
8.091474613430041	-1.310867269965925e-07
8.123689045302605	-1.310867044959572e-07
8.155903477175169	-1.310866827089052e-07
8.188117909047733	-1.310866616127212e-07
8.220332340920297	-1.31086641185409e-07
8.252546772792861	-1.310866214056737e-07
8.284761204665426	-1.310866022529021e-07
8.31697563653799	-1.310865837071439e-07
8.349190068410554	-1.310865657490932e-07
8.381404500283118	-1.310865483600693e-07
8.413618932155682	-1.310865315151809e-07
8.445833364028246	-1.310865152113853e-07
8.47804779590081	-1.310864994246463e-07
8.510262227773374	-1.31086484138504e-07
8.542476659645938	-1.310864693370216e-07
8.574691091518503	-1.310864550047679e-07
8.606905523391067	-1.310864411268071e-07
8.639119955263631	-1.310864276886831e-07
8.671334387136195	-1.310864146764077e-07
8.703548819008759	-1.310864020764444e-07
8.735763250881323	-1.310863898707574e-07
8.767977682753887	-1.310863780571424e-07
8.800192114626451	-1.310863666181825e-07
8.832406546499016	-1.310863555419513e-07
8.86462097837158	-1.310863448169004e-07
8.896835410244144	-1.310863344318492e-07
8.929049842116708	-1.310863243759756e-07
8.961264273989272	-1.310863146388045e-07
8.993478705861836	-1.310863052101994e-07
9.0256931377344	-1.310862960803532e-07
9.057907569606964	-1.310862872361966e-07
9.090122001479529	-1.310862786761324e-07
9.122336433352093	-1.310862703875402e-07
9.154550865224657	-1.310862623617791e-07
9.186765297097221	-1.310862545904804e-07
9.218979728969785	-1.310862470655434e-07
9.251194160842349	-1.310862397791255e-07
9.283408592714913	-1.310862327236374e-07
9.315623024587477	-1.310862258917338e-07
9.347837456460041	-1.310862192763091e-07
9.380051888332606	-1.310862128678929e-07
9.41226632020517	-1.310862066653282e-07
9.444480752077734	-1.310862006594701e-07
9.476695183950298	-1.310861948440575e-07
9.508909615822862	-1.310861892130266e-07
9.541124047695426	-1.310861837605075e-07
9.57333847956799	-1.310861784808179e-07
9.605552911440554	-1.310861733684585e-07
9.637767343313119	-1.31086168418107e-07
9.669981775185683	-1.31086163624614e-07
9.702196207058247	-1.310861589811185e-07
9.734410638930811	-1.310861544867814e-07
9.766625070803375	-1.310861501349762e-07
9.798839502675939	-1.310861459211666e-07
9.831053934548503	-1.310861418409591e-07
9.863268366421067	-1.310861378901001e-07
9.895482798293632	-1.310861340644716e-07
9.927697230166196	-1.310861303600895e-07
9.95991166203876	-1.310861267730975e-07
9.992126093911324	-1.310861232997643e-07
10.02434052578389	-1.310861199351178e-07
10.05655495765645	-1.310861166785506e-07
10.08876938952902	-1.310861135252613e-07
10.12098382140158	-1.310861104719629e-07
10.15319825327414	-1.310861075154709e-07
10.18541268514671	-1.310861046527043e-07
10.21762711701927	-1.310861018806792e-07
10.24984154889184	-1.310860991965083e-07
10.2820559807644	-1.310860965973971e-07
10.31427041263697	-1.310860940806424e-07
10.34648484450953	-1.310860916426416e-07
10.37869927638209	-1.310860892829542e-07
10.41091370825466	-1.310860869981014e-07
10.44312814012722	-1.310860847857011e-07
10.47534257199979	-1.310860826434463e-07
10.50755700387235	-1.31086080569104e-07
10.53977143574491	-1.31086078560513e-07
10.57198586761748	-1.310860766155799e-07
10.60420029949004	-1.310860747322807e-07
10.63641473136261	-1.310860729086571e-07
10.66862916323517	-1.310860711420975e-07
10.70084359510773	-1.310860694322833e-07
10.7330580269803	-1.310860677766939e-07
10.76527245885286	-1.310860661736028e-07
10.79748689072543	-1.31086064621339e-07
10.82970132259799	-1.310860631182841e-07
10.86191575447056	-1.310860616628717e-07
10.89413018634312	-1.310860602535859e-07
10.92634461821568	-1.310860588889596e-07
10.95855905008825	-1.310860575675736e-07
10.99077348196081	-1.31086056287536e-07
11.02298791383338	-1.310860550486154e-07
11.05520234570594	-1.310860538489861e-07
11.0874167775785	-1.310860526873966e-07
11.11963120945107	-1.310860515626365e-07
11.15184564132363	-1.310860504735327e-07
11.1840600731962	-1.310860494189499e-07
11.21627450506876	-1.310860483977908e-07
11.24848893694132	-1.310860474089914e-07
11.28070336881389	-1.310860464515234e-07
11.31291780068645	-1.310860455240166e-07
11.34513223255902	-1.310860446263028e-07
11.37734666443158	-1.310860437570587e-07
11.40956109630415	-1.310860429153786e-07
11.44177552817671	-1.310860421003848e-07
11.47398996004927	-1.310860413112269e-07
11.50620439192184	-1.310860405470834e-07
11.5384188237944	-1.31086039807158e-07
11.57063325566697	-1.3108603909068e-07
11.60284768753953	-1.310860383969052e-07
11.63506211941209	-1.310860377248395e-07
11.66727655128466	-1.310860370743621e-07
11.69949098315722	-1.310860364445136e-07
11.73170541502979	-1.310860358346376e-07
11.76391984690235	-1.310860352440982e-07
11.79613427877491	-1.310860346722794e-07
11.82834871064748	-1.310860341185859e-07
11.86056314252004	-1.310860335824406e-07
11.89277757439261	-1.310860330632856e-07
11.92499200626517	-1.310860325605802e-07
11.95720643813774	-1.310860320736061e-07
11.9894208700103	-1.310860316022743e-07
12.02163530188286	-1.3108603114589e-07
12.05384973375543	-1.310860307039776e-07
12.08606416562799	-1.310860302760764e-07
12.11827859750056	-1.310860298617404e-07
12.15049302937312	-1.310860294605375e-07
12.18270746124568	-1.310860290720499e-07
12.21492189311825	-1.310860286958736e-07
12.24713632499081	-1.31086028331617e-07
12.27935075686338	-1.310860279787583e-07
12.31156518873594	-1.310860276372342e-07
12.3437796206085	-1.310860273065409e-07
12.37599405248107	-1.310860269863342e-07
12.40820848435363	-1.310860266762798e-07
12.4404229162262	-1.310860263760545e-07
12.47263734809876	-1.310860260853455e-07
12.50485177997133	-1.310860258038501e-07
12.53706621184389	-1.310860255312752e-07
12.56928064371645	-1.310860252673369e-07
12.60149507558902	-1.310860250116583e-07
12.63370950746158	-1.310860247641918e-07
12.66592393933415	-1.310860245245738e-07
12.69813837120671	-1.310860242925538e-07
12.73035280307927	-1.310860240678905e-07
12.76256723495184	-1.310860238503494e-07
12.7947816668244	-1.310860236397032e-07
12.82699609869697	-1.310860234357336e-07
12.85921053056953	-1.310860232382273e-07
12.89142496244209	-1.310860230469793e-07
12.92363939431466	-1.31086022861716e-07
12.95585382618722	-1.310860226824037e-07
12.98806825805979	-1.310860225087777e-07
13.02028268993235	-1.310860223406579e-07
13.05249712180492	-1.310860221778681e-07
13.08471155367748	-1.310860220202389e-07
13.11692598555004	-1.310860218676068e-07
13.14914041742261	-1.310860217198114e-07
13.18135484929517	-1.310860215766996e-07
13.21356928116774	-1.310860214381226e-07
13.2457837130403	-1.310860213038819e-07
13.27799814491286	-1.310860211739531e-07
13.31021257678543	-1.310860210481452e-07
13.34242700865799	-1.310860209263264e-07
13.37464144053056	-1.310860208083701e-07
13.40685587240312	-1.310860206941531e-07
13.43907030427568	-1.310860205835565e-07
13.47128473614825	-1.310860204764648e-07
13.50349916802081	-1.31086020372767e-07
13.53571359989338	-1.31086020272355e-07
13.56792803176594	-1.31086020175085e-07
13.60014246363851	-1.310860200809396e-07
13.63235689551107	-1.310860199897802e-07
13.66457132738363	-1.31086019901511e-07
13.6967857592562	-1.310860198160406e-07
13.72900019112876	-1.310860197332798e-07
13.76121462300133	-1.310860196531421e-07
13.79342905487389	-1.310860195755441e-07
13.82564348674645	-1.310860195004054e-07
13.85785791861902	-1.310860194276476e-07
13.89007235049158	-1.310860193571666e-07
13.92228678236415	-1.310860192889495e-07
13.95450121423671	-1.310860192228954e-07
13.98671564610927	-1.310860191589362e-07
14.01893007798184	-1.310860190970048e-07
14.0511445098544	-1.310860190370368e-07
14.08335894172697	-1.310860189789698e-07
14.11557337359953	-1.310860189227427e-07
14.1477878054721	-1.310860188682981e-07
14.18000223734466	-1.310860188155779e-07
14.21221666921722	-1.310860187645078e-07
14.24443110108979	-1.310860187150777e-07
14.27664553296235	-1.310860186672159e-07
14.30885996483492	-1.310860186208715e-07
14.34107439670748	-1.310860185759961e-07
14.37328882858004	-1.310860185325436e-07
14.40550326045261	-1.310860184904687e-07
14.43771769232517	-1.310860184497272e-07
14.46993212419774	-1.310860184102763e-07
14.5021465560703	-1.310860183720759e-07
14.53436098794286	-1.310860183350711e-07
14.56657541981543	-1.310860182992545e-07
14.59878985168799	-1.310860182645739e-07
14.63100428356056	-1.310860182309931e-07
14.66321871543312	-1.310860181984769e-07
14.69543314730569	-1.310860181669916e-07
14.72764757917825	-1.310860181365041e-07
14.75986201105081	-1.310860181069829e-07
14.79207644292338	-1.310860180783973e-07
14.82429087479594	-1.310860180507173e-07
14.85650530666851	-1.31086018023904e-07
14.88871973854107	-1.310860179979511e-07
14.92093417041363	-1.31086017972822e-07
14.9531486022862	-1.310860179484895e-07
14.98536303415876	-1.310860179249285e-07
15.01757746603133	-1.310860179021145e-07
15.04979189790389	-1.310860178800235e-07
15.08200632977645	-1.310860178586324e-07
15.11422076164902	-1.310860178379197e-07
15.14643519352158	-1.310860178178629e-07
15.17864962539415	-1.310860177984339e-07
15.21086405726671	-1.310860177796289e-07
15.24307848913928	-1.310860177614206e-07
15.27529292101184	-1.310860177437894e-07
15.3075073528844	-1.310860177267172e-07
15.33972178475697	-1.310860177101864e-07
15.37193621662953	-1.310860176941794e-07
15.4041506485021	-1.310860176786796e-07
15.43636508037466	-1.310860176636711e-07
15.46857951224722	-1.310860176491384e-07
15.50079394411979	-1.310860176350599e-07
15.53300837599235	-1.310860176214341e-07
15.56522280786492	-1.310860176082403e-07
15.59743723973748	-1.31086017595465e-07
15.62965167161004	-1.310860175830947e-07
15.66186610348261	-1.310860175711164e-07
15.69408053535517	-1.310860175595178e-07
15.72629496722774	-1.310860175482868e-07
15.7585093991003	-1.310860175374117e-07
15.79072383097287	-1.310860175268812e-07
15.82293826284543	-1.310860175166803e-07
15.85515269471799	-1.310860175068073e-07
15.88736712659056	-1.310860174972469e-07
15.91958155846312	-1.3108601748799e-07
15.95179599033569	-1.310860174790264e-07
15.98401042220825	-1.310860174703472e-07
16.01622485408081	-1.310860174619432e-07
16.04843928595338	-1.310860174538051e-07
16.08065371782594	-1.310860174459251e-07
16.11286814969851	-1.310860174382949e-07
16.14508258157107	-1.310860174309033e-07
16.17729701344363	-1.310860174237493e-07
16.2095114453162	-1.310860174168221e-07
16.24172587718876	-1.310860174101145e-07
16.27394030906133	-1.310860174036194e-07
16.30615474093389	-1.310860173973305e-07
16.33836917280646	-1.31086017391241e-07
16.37058360467902	-1.310860173853442e-07
16.40279803655158	-1.310860173796346e-07
16.43501246842415	-1.310860173741057e-07
16.46722690029671	-1.310860173687495e-07
16.49944133216928	-1.310860173635659e-07
16.53165576404184	-1.310860173585465e-07
16.5638701959144	-1.310860173536861e-07
16.59608462778697	-1.310860173489799e-07
16.62829905965953	-1.310860173444231e-07
16.6605134915321	-1.310860173400105e-07
16.69272792340466	-1.310860173357381e-07
16.72494235527722	-1.310860173316007e-07
16.75715678714979	-1.310860173275944e-07
16.78937121902235	-1.310860173237137e-07
16.82158565089492	-1.310860173199574e-07
16.85380008276748	-1.310860173163202e-07
16.88601451464005	-1.310860173127988e-07
16.91822894651261	-1.310860173093886e-07
16.95044337838517	-1.310860173060864e-07
16.98265781025774	-1.310860173028894e-07
17.0148722421303	-1.310860172997934e-07
17.04708667400287	-1.310860172967955e-07
17.07930110587543	-1.310860172938928e-07
17.11151553774799	-1.310860172910805e-07
17.14372996962056	-1.310860172883592e-07
17.17594440149312	-1.310860172857237e-07
17.20815883336569	-1.310860172831719e-07
17.24037326523825	-1.31086017280701e-07
17.27258769711081	-1.310860172783084e-07
17.30480212898338	-1.310860172759918e-07
17.33701656085594	-1.310860172737484e-07
17.36923099272851	-1.310860172715761e-07
17.40144542460107	-1.31086017269473e-07
17.43365985647364	-1.31086017267435e-07
17.4658742883462	-1.310860172654632e-07
17.49808872021876	-1.310860172635536e-07
17.53030315209133	-1.310860172617044e-07
17.56251758396389	-1.31086017259914e-07
17.59473201583646	-1.310860172581804e-07
17.62694644770902	-1.310860172565017e-07
17.65916087958158	-1.310860172548762e-07
17.69137531145415	-1.310860172533023e-07
17.72358974332671	-1.310860172517783e-07
17.75580417519928	-1.310860172503017e-07
17.78801860707184	-1.310860172488729e-07
17.82023303894441	-1.310860172474893e-07
17.85244747081697	-1.310860172461493e-07
17.88466190268953	-1.31086017244852e-07
17.9168763345621	-1.31086017243596e-07
17.94909076643466	-1.310860172423795e-07
17.98130519830723	-1.310860172412015e-07
18.01351963017979	-1.310860172400612e-07
18.04573406205235	-1.310860172389568e-07
18.07794849392492	-1.310860172378868e-07
18.11016292579748	-1.310860172368515e-07
18.14237735767005	-1.310860172358489e-07
18.17459178954261	-1.310860172348781e-07
18.20680622141517	-1.310860172339381e-07
18.23902065328774	-1.310860172330278e-07
18.2712350851603	-1.310860172321465e-07
18.30344951703287	-1.310860172312931e-07
18.33566394890543	-1.310860172304666e-07
18.367878380778	-1.310860172296663e-07
18.40009281265056	-1.310860172288914e-07
18.43230724452312	-1.310860172281411e-07
18.46452167639569	-1.310860172274148e-07
18.49673610826825	-1.310860172267112e-07
18.52895054014082	-1.310860172260301e-07
18.56116497201338	-1.310860172253704e-07
18.59337940388594	-1.310860172247316e-07
18.62559383575851	-1.310860172241134e-07
18.65780826763107	-1.310860172235147e-07
18.69002269950364	-1.310860172229347e-07
18.7222371313762	-1.31086017222373e-07
18.75445156324876	-1.310860172218293e-07
18.78666599512133	-1.310860172213031e-07
18.81888042699389	-1.310860172207934e-07
18.85109485886646	-1.310860172203e-07
18.88330929073902	-1.310860172198219e-07
18.91552372261159	-1.310860172193592e-07
18.94773815448415	-1.310860172189109e-07
18.97995258635671	-1.310860172184772e-07
19.01216701822928	-1.310860172180571e-07
19.04438145010184	-1.3108601721765e-07
19.07659588197441	-1.310860172172563e-07
19.10881031384697	-1.310860172168747e-07
19.14102474571953	-1.310860172165056e-07
19.1732391775921	-1.310860172161476e-07
19.20545360946466	-1.310860172158012e-07
19.23766804133723	-1.310860172154661e-07
19.26988247320979	-1.310860172151415e-07
19.30209690508235	-1.310860172148271e-07
19.33431133695492	-1.310860172145228e-07
19.36652576882748	-1.310860172142275e-07
19.39874020070005	-1.310860172139425e-07
19.43095463257261	-1.310860172136659e-07
19.46316906444518	-1.310860172133984e-07
19.49538349631774	-1.310860172131391e-07
19.5275979281903	-1.310860172128884e-07
19.55981236006287	-1.310860172126453e-07
19.59202679193543	-1.310860172124101e-07
19.624241223808	-1.310860172121824e-07
19.65645565568056	-1.310860172119618e-07
19.68867008755312	-1.310860172117479e-07
19.72088451942569	-1.310860172115413e-07
19.75309895129825	-1.310860172113411e-07
19.78531338317082	-1.310860172111471e-07
19.81752781504338	-1.310860172109596e-07
19.84974224691594	-1.310860172107776e-07
19.88195667878851	-1.310860172106015e-07
19.91417111066107	-1.310860172104311e-07
19.94638554253364	-1.31086017210266e-07
19.9785999744062	-1.31086017210106e-07
20.01081440627877	-1.310860172099514e-07
20.04302883815133	-1.310860172098012e-07
20.07524327002389	-1.310860172096564e-07
20.10745770189646	-1.310860172095157e-07
20.13967213376902	-1.310860172093799e-07
20.17188656564159	-1.310860172092482e-07
20.20410099751415	-1.310860172091203e-07
20.23631542938671	-1.310860172089969e-07
20.26852986125928	-1.310860172088774e-07
20.30074429313184	-1.310860172087615e-07
20.33295872500441	-1.310860172086495e-07
20.36517315687697	-1.310860172085407e-07
20.39738758874953	-1.310860172084355e-07
20.4296020206221	-1.310860172083337e-07
20.46181645249466	-1.310860172082352e-07
20.49403088436723	-1.310860172081398e-07
20.52624531623979	-1.310860172080473e-07
20.55845974811236	-1.310860172079576e-07
20.59067417998492	-1.310860172078708e-07
20.62288861185748	-1.310860172077872e-07
20.65510304373005	-1.31086017207706e-07
20.68731747560261	-1.310860172076273e-07
20.71953190747518	-1.310860172075509e-07
20.75174633934774	-1.310860172074773e-07
20.7839607712203	-1.310860172074056e-07
20.81617520309287	-1.310860172073366e-07
20.84838963496543	-1.310860172072696e-07
20.880604066838	-1.310860172072048e-07
20.91281849871056	-1.31086017207142e-07
20.94503293058312	-1.310860172070809e-07
20.97724736245569	-1.310860172070223e-07
21.00946179432825	-1.310860172069652e-07
21.04167622620082	-1.310860172069103e-07
21.07389065807338	-1.310860172068567e-07
21.10610508994595	-1.31086017206805e-07
21.13831952181851	-1.310860172067547e-07
21.17053395369107	-1.310860172067063e-07
21.20274838556364	-1.310860172066593e-07
21.2349628174362	-1.310860172066139e-07
21.26717724930877	-1.310860172065699e-07
21.29939168118133	-1.310860172065272e-07
21.33160611305389	-1.310860172064858e-07
21.36382054492646	-1.31086017206446e-07
21.39603497679902	-1.310860172064071e-07
21.42824940867159	-1.310860172063696e-07
21.46046384054415	-1.31086017206333e-07
21.49267827241671	-1.310860172062981e-07
21.52489270428928	-1.310860172062639e-07
21.55710713616184	-1.310860172062311e-07
21.58932156803441	-1.310860172061992e-07
21.62153599990697	-1.310860172061679e-07
21.65375043177954	-1.310860172061384e-07
21.6859648636521	-1.31086017206109e-07
21.71817929552466	-1.310860172060811e-07
21.75039372739723	-1.310860172060541e-07
21.78260815926979	-1.310860172060278e-07
21.81482259114236	-1.310860172060021e-07
21.84703702301492	-1.310860172059772e-07
21.87925145488748	-1.310860172059537e-07
21.91146588676005	-1.310860172059302e-07
21.94368031863261	-1.310860172059081e-07
21.97589475050518	-1.310860172058864e-07
22.00810918237774	-1.310860172058652e-07
22.0403236142503	-1.31086017205845e-07
22.07253804612287	-1.310860172058252e-07
22.10475247799543	-1.310860172058063e-07
22.136966909868	-1.310860172057877e-07
22.16918134174056	-1.3108601720577e-07
22.20139577361313	-1.310860172057526e-07
22.23361020548569	-1.310860172057357e-07
22.26582463735825	-1.310860172057195e-07
22.29803906923082	-1.310860172057039e-07
22.33025350110338	-1.310860172056885e-07
22.36246793297595	-1.310860172056738e-07
22.39468236484851	-1.310860172056596e-07
22.42689679672107	-1.310860172056459e-07
22.45911122859364	-1.310860172056324e-07
22.4913256604662	-1.310860172056193e-07
22.52354009233877	-1.310860172056072e-07
22.55575452421133	-1.310860172055949e-07
22.58796895608389	-1.310860172055832e-07
22.62018338795646	-1.310860172055716e-07
22.65239781982902	-1.310860172055607e-07
22.68461225170159	-1.310860172055499e-07
22.71682668357415	-1.310860172055394e-07
22.74904111544672	-1.310860172055297e-07
22.78125554731928	-1.310860172055201e-07
22.81346997919184	-1.310860172055104e-07
22.84568441106441	-1.310860172055013e-07
22.87789884293697	-1.310860172054924e-07
22.91011327480954	-1.310860172054841e-07
22.9423277066821	-1.310860172054759e-07
22.97454213855466	-1.310860172054677e-07
23.00675657042723	-1.310860172054598e-07
23.03897100229979	-1.310860172054524e-07
23.07118543417236	-1.310860172054453e-07
23.10339986604492	-1.310860172054384e-07
23.13561429791748	-1.310860172054314e-07
23.16782872979005	-1.310860172054249e-07
23.20004316166261	-1.310860172054184e-07
23.23225759353518	-1.310860172054126e-07
23.26447202540774	-1.310860172054065e-07
23.29668645728031	-1.310860172054004e-07
23.32890088915287	-1.310860172053948e-07
23.36111532102543	-1.310860172053895e-07
23.393329752898	-1.310860172053844e-07
23.42554418477056	-1.310860172053792e-07
23.45775861664313	-1.310860172053743e-07
23.48997304851569	-1.310860172053695e-07
23.52218748038825	-1.310860172053648e-07
23.55440191226082	-1.310860172053606e-07
23.58661634413338	-1.310860172053564e-07
23.61883077600595	-1.310860172053518e-07
23.65104520787851	-1.310860172053478e-07
23.68325963975107	-1.310860172053441e-07
23.71547407162364	-1.310860172053402e-07
23.7476885034962	-1.310860172053364e-07
23.77990293536877	-1.310860172053329e-07
23.81211736724133	-1.310860172053294e-07
23.8443317991139	-1.310860172053262e-07
23.87654623098646	-1.310860172053229e-07
23.90876066285902	-1.310860172053196e-07
23.94097509473159	-1.310860172053166e-07
23.97318952660415	-1.310860172053136e-07
24.00540395847672	-1.310860172053108e-07
24.03761839034928	-1.31086017205308e-07
24.06983282222184	-1.310860172053054e-07
24.10204725409441	-1.310860172053029e-07
24.13426168596697	-1.310860172053003e-07
24.16647611783954	-1.31086017205298e-07
24.1986905497121	-1.310860172052954e-07
24.23090498158466	-1.310860172052931e-07
24.26311941345723	-1.31086017205291e-07
24.29533384532979	-1.310860172052889e-07
24.32754827720236	-1.310860172052868e-07
24.35976270907492	-1.310860172052847e-07
24.39197714094749	-1.310860172052831e-07
24.42419157282005	-1.31086017205281e-07
24.45640600469261	-1.310860172052793e-07
24.48862043656518	-1.310860172052775e-07
24.52083486843774	-1.310860172052757e-07
24.55304930031031	-1.31086017205274e-07
24.58526373218287	-1.310860172052724e-07
24.61747816405543	-1.310860172052707e-07
24.649692595928	-1.310860172052694e-07
24.68190702780056	-1.310860172052679e-07
24.71412145967313	-1.310860172052666e-07
24.74633589154569	-1.310860172052652e-07
24.77855032341825	-1.310860172052638e-07
24.81076475529082	-1.310860172052626e-07
24.84297918716338	-1.310860172052614e-07
24.87519361903595	-1.310860172052603e-07
24.90740805090851	-1.310860172052589e-07
24.93962248278108	-1.310860172052579e-07
24.97183691465364	-1.31086017205257e-07
25.0040513465262	-1.310860172052559e-07
25.03626577839877	-1.310860172052547e-07
25.06848021027133	-1.310860172052537e-07
25.1006946421439	-1.310860172052528e-07
25.13290907401646	-1.310860172052519e-07
25.16512350588902	-1.310860172052498e-07
25.19733793776159	-1.310860172052496e-07
25.22955236963415	-1.310860172052491e-07
25.26176680150672	-1.310860172052484e-07
25.29398123337928	-1.310860172052477e-07
25.32619566525184	-1.31086017205247e-07
25.35841009712441	-1.310860172052461e-07
25.39062452899697	-1.310860172052454e-07
25.42283896086954	-1.310860172052449e-07
25.4550533927421	-1.310860172052442e-07
25.48726782461467	-1.310860172052435e-07
25.51948225648723	-1.310860172052428e-07
25.55169668835979	-1.310860172052424e-07
25.58391112023236	-1.310860172052418e-07
25.61612555210492	-1.310860172052412e-07
25.64833998397749	-1.310860172052407e-07
25.68055441585005	-1.310860172052402e-07
25.71276884772261	-1.310860172052398e-07
25.74498327959518	-1.310860172052391e-07
25.77719771146774	-1.310860172052388e-07
25.80941214334031	-1.310860172052372e-07
25.84162657521287	-1.310860172052372e-07
25.87384100708543	-1.310860172052367e-07
25.906055438958	-1.310860172052365e-07
25.93826987083056	-1.310860172052363e-07
25.97048430270313	-1.310860172052358e-07
26.00269873457569	-1.310860172052356e-07
26.03491316644826	-1.310860172052349e-07
26.06712759832082	-1.310860172052346e-07
26.09934203019338	-1.310860172052344e-07
26.13155646206595	-1.310860172052342e-07
26.16377089393851	-1.310860172052339e-07
26.19598532581108	-1.310860172052335e-07
26.22819975768364	-1.310860172052333e-07
26.2604141895562	-1.31086017205233e-07
26.29262862142877	-1.310860172052325e-07
26.32484305330133	-1.310860172052323e-07
26.3570574851739	-1.310860172052321e-07
26.38927191704646	-1.310860172052318e-07
26.42148634891903	-1.310860172052318e-07
26.45370078079159	-1.310860172052314e-07
26.48591521266415	-1.310860172052312e-07
26.51812964453672	-1.310860172052312e-07
26.55034407640928	-1.310860172052311e-07
26.58255850828185	-1.310860172052302e-07
26.61477294015441	-1.310860172052303e-07
26.64698737202697	-1.3108601720523e-07
26.67920180389954	-1.310860172052297e-07
26.7114162357721	-1.310860172052297e-07
26.74363066764467	-1.310860172052295e-07
26.77584509951723	-1.310860172052293e-07
26.80805953138979	-1.310860172052291e-07
26.84027396326236	-1.310860172052291e-07
26.87248839513492	-1.310860172052288e-07
26.90470282700749	-1.310860172052286e-07
26.93691725888005	-1.310860172052286e-07
26.96913169075262	-1.310860172052297e-07
27.00134612262518	-1.310860172052279e-07
27.03356055449774	-1.310860172052279e-07
27.06577498637031	-1.310860172052277e-07
27.09798941824287	-1.310860172052279e-07
27.13020385011544	-1.310860172052276e-07
27.162418281988	-1.310860172052274e-07
27.19463271386056	-1.310860172052274e-07
27.22684714573313	-1.310860172052272e-07
27.25906157760569	-1.310860172052272e-07
27.29127600947826	-1.310860172052269e-07
27.32349044135082	-1.31086017205227e-07
27.35570487322338	-1.310860172052269e-07
27.38791930509595	-1.310860172052268e-07
27.42013373696851	-1.310860172052268e-07
27.45234816884108	-1.310860172052265e-07
27.48456260071364	-1.310860172052265e-07
27.51677703258621	-1.310860172052265e-07
27.54899146445877	-1.310860172052263e-07
27.58120589633133	-1.310860172052263e-07
27.6134203282039	-1.310860172052263e-07
27.64563476007646	-1.31086017205226e-07
27.67784919194903	-1.310860172052261e-07
27.71006362382159	-1.31086017205226e-07
27.74227805569415	-1.310860172052258e-07
27.77449248756672	-1.310860172052258e-07
27.80670691943928	-1.310860172052258e-07
27.83892135131185	-1.310860172052255e-07
27.87113578318441	-1.310860172052256e-07
27.90335021505697	-1.310860172052256e-07
27.93556464692954	-1.310860172052255e-07
27.9677790788021	-1.310860172052253e-07
27.99999351067467	-1.310860172052253e-07
28.03220794254723	-1.310860172052254e-07
28.0644223744198	-1.310860172052253e-07
28.09663680629236	-1.310860172052254e-07
28.12885123816492	-1.310860172052251e-07
28.16106567003749	-1.310860172052251e-07
28.19328010191005	-1.310860172052251e-07
28.22549453378262	-1.310860172052251e-07
28.25770896565518	-1.310860172052251e-07
28.28992339752774	-1.310860172052249e-07
28.32213782940031	-1.310860172052249e-07
28.35435226127287	-1.310860172052251e-07
28.38656669314544	-1.310860172052249e-07
28.418781125018	-1.310860172052251e-07
28.45099555689056	-1.310860172052255e-07
28.48320998876313	-1.310860172052244e-07
28.51542442063569	-1.310860172052246e-07
28.54763885250826	-1.310860172052246e-07
28.57985328438082	-1.310860172052246e-07
28.61206771625339	-1.310860172052246e-07
28.64428214812595	-1.310860172052246e-07
28.67649657999851	-1.310860172052246e-07
28.70871101187108	-1.310860172052244e-07
28.74092544374364	-1.310860172052244e-07
28.77313987561621	-1.310860172052244e-07
28.80535430748877	-1.310860172052244e-07
28.83756873936133	-1.310860172052244e-07
28.8697831712339	-1.310860172052244e-07
28.90199760310646	-1.310860172052244e-07
28.93421203497903	-1.310860172052244e-07
28.96642646685159	-1.310860172052244e-07
28.99864089872415	-1.310860172052244e-07
29.03085533059672	-1.310860172052242e-07
29.06306976246928	-1.310860172052242e-07
29.09528419434185	-1.310860172052242e-07
29.12749862621441	-1.310860172052242e-07
29.15971305808698	-1.310860172052242e-07
29.19192748995954	-1.310860172052242e-07
29.2241419218321	-1.310860172052242e-07
29.25635635370467	-1.310860172052242e-07
29.28857078557723	-1.310860172052242e-07
29.3207852174498	-1.310860172052242e-07
29.35299964932236	-1.310860172052242e-07
29.38521408119492	-1.310860172052242e-07
29.41742851306749	-1.310860172052242e-07
29.44964294494005	-1.310860172052242e-07
29.48185737681262	-1.310860172052242e-07
29.51407180868518	-1.310860172052242e-07
29.54628624055774	-1.310860172052242e-07
29.57850067243031	-1.310860172052242e-07
29.61071510430287	-1.310860172052242e-07
29.64292953617544	-1.310860172052242e-07
29.675143968048	-1.31086017205224e-07
29.70735839992057	-1.310860172052239e-07
29.73957283179313	-1.310860172052239e-07
29.77178726366569	-1.310860172052239e-07
29.80400169553826	-1.310860172052239e-07
29.83621612741082	-1.31086017205224e-07
29.86843055928339	-1.310860172052239e-07
29.90064499115595	-1.31086017205224e-07
29.93285942302851	-1.310860172052239e-07
29.96507385490108	-1.310860172052239e-07
29.99728828677364	-1.310860172052239e-07
30.02950271864621	-1.310860172052239e-07
30.06171715051877	-1.310860172052239e-07
30.09393158239133	-1.310860172052239e-07
30.1261460142639	-1.310860172052239e-07
30.15836044613646	-1.310860172052239e-07
30.19057487800903	-1.31086017205224e-07
30.22278930988159	-1.310860172052239e-07
30.25500374175416	-1.31086017205224e-07
30.28721817362672	-1.310860172052239e-07
30.31943260549928	-1.31086017205224e-07
30.35164703737185	-1.310860172052239e-07
30.38386146924441	-1.310860172052239e-07
30.41607590111698	-1.310860172052239e-07
30.44829033298954	-1.310860172052239e-07
30.4805047648621	-1.310860172052239e-07
30.51271919673467	-1.310860172052239e-07
30.54493362860723	-1.31086017205224e-07
30.5771480604798	-1.31086017205224e-07
30.60936249235236	-1.31086017205224e-07
30.64157692422492	-1.310860172052239e-07
30.67379135609749	-1.310860172052239e-07
30.70600578797005	-1.310860172052239e-07
30.73822021984262	-1.310860172052239e-07
30.77043465171518	-1.31086017205224e-07
30.80264908358775	-1.31086017205224e-07
30.83486351546031	-1.31086017205224e-07
30.86707794733287	-1.31086017205224e-07
30.89929237920544	-1.310860172052239e-07
30.931506811078	-1.31086017205224e-07
30.96372124295057	-1.310860172052237e-07
30.99593567482313	-1.310860172052237e-07
31.02815010669569	-1.310860172052237e-07
31.06036453856826	-1.310860172052237e-07
31.09257897044082	-1.310860172052237e-07
31.12479340231339	-1.310860172052237e-07
31.15700783418595	-1.310860172052237e-07
31.18922226605851	-1.310860172052237e-07
31.22143669793108	-1.310860172052237e-07
31.25365112980364	-1.310860172052237e-07
31.28586556167621	-1.310860172052237e-07
31.31807999354877	-1.310860172052237e-07
31.35029442542134	-1.310860172052237e-07
31.3825088572939	-1.310860172052237e-07
31.41472328916646	-1.310860172052237e-07
31.44693772103903	-1.310860172052237e-07
31.47915215291159	-1.310860172052237e-07
31.51136658478416	-1.310860172052237e-07
31.54358101665672	-1.310860172052237e-07
31.57579544852928	-1.310860172052237e-07
31.60800988040185	-1.310860172052237e-07
31.64022431227441	-1.310860172052237e-07
31.67243874414698	-1.310860172052237e-07
31.70465317601954	-1.310860172052237e-07
31.7368676078921	-1.310860172052237e-07
31.76908203976467	-1.310860172052237e-07
31.80129647163723	-1.310860172052237e-07
31.8335109035098	-1.310860172052237e-07
31.86572533538236	-1.310860172052237e-07
31.89793976725493	-1.310860172052237e-07
31.93015419912749	-1.310860172052237e-07
31.96236863100005	-1.310860172052237e-07
31.99458306287262	-1.310860172052237e-07
32.02679749474518	-1.310860172052237e-07
32.05901192661774	-1.310860172052237e-07
32.0912263584903	-1.310860172052237e-07
32.12344079036286	-1.310860172052237e-07
32.15565522223542	-1.310860172052237e-07
32.18786965410798	-1.310860172052237e-07
32.22008408598055	-1.310860172052237e-07
