0
1000	1.0219978922	100000000000000.1
5	0	0	1
5	0	0	0
0.03786664528905326	4.874391782711775e-06
0.07008107716161713	1.485782499565373e-05
0.102295509034181	2.516264916953473e-05
0.1345099409067449	3.579938704295114e-05
0.1667243727793087	4.677890606874167e-05
0.1989388046518726	5.811242966896987e-05
0.2311532365244365	6.981154886069211e-05
0.2633676683970003	8.188823426454589e-05
0.2955821002695642	9.435484850858994e-05
0.3277965321421281	0.0001072241590402401
0.360010964014692	0.0001205093513595667
0.3922253958872559	0.0001342240426876609
0.4244398277598198	0.0001483822960842271
0.4566542596323837	0.0001629986350290266
0.4888686915049476	0.0001780880584822834
0.5210831233775115	0.0001936660564396571
0.5532975552500754	0.0002097486259979073
0.5855119871226393	0.0002263522879479009
0.6177264189952032	0.0002434941039121672
0.6499408508677671	0.0002611916940447711
0.682155282740331	0.0002794632553118565
0.7143697146128949	0.0002983275803718235
0.7465841464854588	0.0003178040770747184
0.7787985783580227	0.0003379127886010702
0.8110130102305866	0.0003586744142610621
0.8432274421031505	0.0003801103309756205
0.8754418739757144	0.0004022426154617125
0.9076563058482783	0.0004250940671448708
0.9398707377208422	0.0004486882318227322
0.9720851695934061	0.0004730494261041377
1.00429960146597	0.0004982027617018152
1.036514033338534	0.0005241741727839913
1.068728465211098	0.0005509904458517107
1.100942897083662	0.0005786792408195228
1.133157328956226	0.0006072691229690705
1.165371760828789	0.0006367895955602543
1.197586192701353	0.0006672711268426215
1.229800624573917	0.000698745178526584
1.262015056446481	0.0007312442474190306
1.294229488319045	0.0007648018925106788
1.326443920191609	0.0007994527683057627
1.358658352064173	0.0008352326687472406
1.390872783936737	0.0008721785568044384
1.423087215809301	0.0009103286076359373
1.455301647681865	0.0009497222470040426
1.487516079554428	0.000990400183006377
1.519730511426992	0.001032404470610525
1.551944943299556	0.001075778527163577
1.58415937517212	0.001120567202596951
1.616373807044684	0.001166816806921729
1.648588238917248	0.001214575171402487
1.680802670789812	0.001263891691737938
1.713017102662376	0.001314817379235325
1.74523153453494	0.001367404920767524
1.777445966407504	0.001421708718953747
1.809660398280067	0.001477784968647865
1.841874830152631	0.001535691694816481
1.874089262025195	0.001595488824548858
1.906303693897759	0.001657238253453302
1.938518125770323	0.001721003891855346
1.970732557642887	0.001786851752531982
2.002946989515451	0.001854850003570662
2.035161421388014	0.001925069045611294
2.067375853260578	0.001997581587358057
2.099590285133142	0.002072462715906868
2.131804717005705	0.002149789977410214
2.164019148878269	0.002229643459392762
2.196233580750833	0.002312105857883869
2.228448012623396	0.002397262592110469
2.26066244449596	0.002485201877937476
2.292876876368524	0.002576014800786689
2.325091308241087	0.002669795450962281
2.357305740113651	0.002766640985380813
2.389520171986215	0.002866651740866123
2.421734603858778	0.002969931351439266
2.453949035731342	0.003076586834496897
2.486163467603906	0.003186728710327687
2.518377899476469	0.003300471121097696
2.550592331349033	0.003417931944082366
2.582806763221597	0.003539232917492962
2.61502119509416	0.003664499756321398
2.647235626966724	0.003793862319034697
2.679450058839288	0.003927454668495589
2.711664490711851	0.004065415304162954
2.743878922584415	0.004207887229778447
2.776093354456979	0.004355018141336187
2.808307786329542	0.004506960575328988
2.840522218202106	0.004663872051589931
2.87273665007467	0.004825915250662606
2.904951081947234	0.004993258174462913
2.937165513819797	0.005166074350539846
2.969379945692361	0.005344542936146069
3.001594377564925	0.005528849011713728
3.033808809437488	0.005719183680354274
3.066023241310052	0.005915744311938162
3.098237673182616	0.006118734737262837
3.130452105055179	0.006328365470853145
3.162666536927743	0.006544853895330685
3.194880968800307	0.00676842453346938
3.22709540067287	0.006999309243295802
3.259309832545434	0.007237747480816914
3.291524264417998	0.007483986549818523
3.323738696290561	0.007738281826895578
3.355953128163125	0.00800089707111986
3.388167560035689	0.008272104676903754
3.420381991908252	0.008552185934268456
3.452596423780816	0.008841431366693119
3.48481085565338	0.009140140999633988
3.517025287525943	0.009448624680409669
3.549239719398507	0.00976720239768623
3.581454151271071	0.0100962046189533
3.613668583143634	0.01043597263357415
3.645883015016198	0.01078685890370978
3.678097446888762	0.01114922742658153
3.710311878761325	0.01152345412038258
3.742526310633889	0.01190992720678174
3.774740742506453	0.01230904763521569
3.806955174379016	0.01272122943585678
3.83916960625158	0.01314690024961445
3.871384038124144	0.01358650168165351
3.903598469996707	0.0140404898092114
3.935812901869271	0.01450933563475945
3.968027333741835	0.01499352558640113
4.000241765614398	0.0154935620116529
4.032456197486963	0.01600996371501741
4.064670629359527	0.01654326645920596
4.096885061232091	0.01709402358723563
4.129099493104655	0.01766280652886165
4.161313924977219	0.01825020543109194
4.193528356849783	0.01885682976100542
4.225742788722347	0.01948330893060325
4.257957220594911	0.0201302929769176
4.290171652467476	0.02079845320271471
4.32238608434004	0.02148848289665892
4.354600516212604	0.02220109802707412
4.386814948085168	0.02293703805554397
4.419029379957732	0.02369706656288277
4.451243811830296	0.02448197221932753
4.48345824370286	0.02529256946077494
4.515672675575424	0.02612969940568804
4.547887107447989	0.02699423070777923
4.580101539320553	0.0278870604512717
4.612315971193117	0.02880911510161551
4.644530403065681	0.02976135145287481
4.676744834938245	0.03074475761542388
4.708959266810809	0.03176035406784359
4.741173698683373	0.0328091946737621
4.773388130555937	0.03389236780844555
4.805602562428501	0.03501099750675537
4.837816994301066	0.03616624455878693
4.87003142617363	0.03735930777221699
4.902245858046194	0.03859142521505204
4.934460289918758	0.03986387548542412
4.966674721791322	0.04117797903425444
4.998889153663886	0.04253509954899835
5.03110358553645	0.04393664535508841
5.063318017409014	0.04538407088666507
5.095532449281579	0.04687887820024781
5.127746881154143	0.04842261852480388
5.159961313026707	0.0500168938766915
5.192175744899271	0.05166335871497487
5.224390176771835	0.05336372166159293
5.256604608644399	0.05511974731844049
5.288819040516963	0.05693325796899951
5.321033472389527	0.05880613564843126
5.353247904262092	0.06074032395771312
5.385462336134656	0.0627378301452757
5.41767676800722	0.06480072717039972
5.449891199879784	0.06693115584607967
5.482105631752348	0.06913132711249617
5.514320063624912	0.07140352425880349
5.546534495497476	0.0737501053160191
5.57874892737004	0.07617350554653173
5.610963359242604	0.07867623993768232
5.643177791115169	0.08126090579568968
5.675392222987733	0.08393018547151726
5.707606654860297	0.08668684913344163
5.739821086732861	0.08953375763917443
5.772035518605425	0.0924738655017078
5.804249950477989	0.09551022398556036
5.836464382350553	0.09864598420434811
5.868678814223117	0.1018844004945852
5.900893246095682	0.1052288336945195
5.933107677968246	0.108682754675607
5.96532210984081	0.1122497479742583
5.997536541713374	0.1159335154298155
6.029750973585938	0.1197378801176892
6.061965405458502	0.12366679028026
6.094179837331066	0.1277243233701523
6.12639426920363	0.1319146903879768
6.158608701076195	0.1362422401753542
6.190823132948759	0.1407114639198735
6.223037564821323	0.1453269999101396
6.255251996693887	0.150093638236339
6.287466428566451	0.1550163258331806
6.319680860439015	0.1601001715943002
6.351895292311579	0.1653504516482448
6.384109724184143	0.1707726149005837
6.416324156056707	0.1763722885894017
6.448538587929272	0.1821552842541302
6.480753019801836	0.1881276036374824
6.5129674516744	0.1942954449820454
6.545181883546964	0.2006652095335388
6.577396315419528	0.2072435079975162
6.609610747292092	0.2140371675074703
6.641825179164656	0.2210532388209312
6.67403961103722	0.2282990034479845
6.706254042909785	0.2357819812832932
6.738468474782349	0.2435099384630307
6.770682906654913	0.2514908953208047
6.802897338527477	0.2597331348111682
6.835111770400041	0.2682452110455355
6.867326202272605	0.2770359581969761
6.899540634145169	0.2861144996593193
6.931755066017733	0.2954902574928259
6.963969497890298	0.3051729622514063
6.996183929762862	0.3151726630625821
7.028398361635426	0.3254997380188061
7.06061279350799	0.336164905013382
7.092827225380554	0.347179232816358
7.125041657253118	0.3585541525757818
7.157256089125682	0.3703014697078857
7.189470520998246	0.382433376076457
7.22168495287081	0.3949624627315532
7.253899384743375	0.4079017329538427
7.286113816615939	0.4212646156866389
7.318328248488503	0.4350649795696732
7.350542680361067	0.4493171472611094
7.382757112233631	0.4640359103385514
7.414971544106195	0.479236544644508
7.447185975978759	0.4949348261217766
7.479400407851323	0.5111470471582291
7.511614839723888	0.5278900337068215
7.543829271596452	0.5451811623748367
7.576043703469016	0.5630383787657266
7.60825813534158	0.5814802159922857
7.640472567214144	0.6005258139118816
7.672686999086708	0.620194939014004
7.704901430959272	0.6405080049183193
7.737115862831836	0.6614860935373954
7.769330294704401	0.6831509770335521
7.801544726576965	0.7055251403127145
7.833759158449529	0.7286318044546805
7.865973590322093	0.7524949507858431
7.898188022194657	0.7771393456606618
7.930402454067221	0.8025905663517503
7.962616885939785	0.8288750274952027
7.994831317812349	0.8560200084750387
8.027045749684913	0.884053681798034
8.059260181557477	0.9130051422987233
8.091474613430041	0.9429044373759198
8.123689045302605	0.9737825980860469
8.155903477175169	1.005671671457059
8.188117909047733	1.03860475371248
8.220332340920297	1.072616024557107
8.252546772792861	1.10774078276476
8.284761204665426	1.144015482694691
8.31697563653799	1.181477772228583
8.349190068410554	1.220166531799918
8.381404500283118	1.26012191470513
8.413618932155682	1.301385388857188
8.445833364028246	1.343999779738862
8.47804779590081	1.388009314969695
8.510262227773374	1.433459670057265
8.542476659645938	1.480398015898147
8.574691091518503	1.528873067754666
8.606905523391067	1.578935135717284
8.639119955263631	1.630636176989259
8.671334387136195	1.684029849792428
8.703548819008759	1.739171569189344
8.735763250881323	1.796118564282947
8.767977682753887	1.854929937872525
8.800192114626451	1.915666727644687
8.832406546499016	1.978391969785998
8.86462097837158	2.043170764088319
8.896835410244144	2.110070341638151
8.929049842116708	2.179160134616574
8.961264273989272	2.250511848347826
8.993478705861836	2.324199535703666
9.0256931377344	2.400299673936528
9.057907569606964	2.478891244164392
9.090122001479529	2.560055813189743
9.122336433352093	2.643877618221694
9.154550865224657	2.730443654377453
9.186765297097221	2.819843764838887
9.218979728969785	2.91217073418382
9.251194160842349	3.007520384625758
9.283408592714913	3.105991675543166
9.315623024587477	3.207686806104819
9.347837456460041	3.312711321386937
9.380051888332606	3.421174221869123
9.41226632020517	3.533188076645242
9.444480752077734	3.648869140154254
9.476695183950298	3.768337472901187
9.508909615822862	3.891717066064202
9.541124047695426	4.019135970066471
9.57333847956799	4.150726427705313
9.605552911440554	4.286625011173241
9.637767343313119	4.426972763908088
9.669981775185683	4.571915346953476
9.702196207058247	4.721603190179994
9.734410638930811	4.876191648319468
9.766625070803375	5.035841162281703
9.798839502675939	5.200717425624549
9.831053934548503	5.370991556589488
9.863268366421067	5.54684027553592
9.895482798293632	5.728446088547853
9.927697230166196	5.915997476775988
9.95991166203876	6.109689091988287
9.992126093911324	6.309721958632626
10.02434052578389	6.516303682546783
10.05655495765645	6.729648666319833
10.08876938952902	6.949978331861603
10.12098382140158	7.17752135020892
10.15319825327414	7.41251387880823
10.18541268514671	7.65519980669279
10.21762711701927	7.905831007548962
10.24984154889184	8.164667601122227
10.2820559807644	8.43197822322295
10.31427041263697	8.708040304481525
10.34648484450953	8.993140358348107
10.37869927638209	9.287574278397329
10.41091370825466	9.591647645428191
10.44312814012722	9.905676044692598
10.47534257199979	10.22998539314783
10.50755700387235	10.56491227836653
10.53977143574491	10.91080430700363
10.57198586761748	11.2680204661698
10.60420029949004	11.63693149582235
10.63641473136261	12.01792027351239
10.66862916323517	12.41138221184578
10.70084359510773	12.8177256687695
10.7330580269803	13.23737237144164
10.76527245885286	13.6707578539417
10.79748689072543	14.11833190924553
10.82970132259799	14.58055905607736
10.86191575447056	15.05791902101538
10.89413018634312	15.55090723634612
10.92634461821568	16.06003535432214
10.95855905008825	16.58583177810065
10.99077348196081	17.1288422102367
11.02298791383338	17.68963021894702
11.05520234570594	18.26877782312901
11.0874167775785	18.86688609634126
11.11963120945107	19.48457579062179
11.15184564132363	20.12248798078228
11.1840600731962	20.78128472971913
11.21627450506876	21.46164977566999
11.24848893694132	22.16428924152979
11.28070336881389	22.88993236807302
11.31291780068645	23.63933227056425
11.34513223255902	24.41326672047074
11.37734666443158	25.21253895266904
11.40956109630415	26.03797849909435
11.44177552817671	26.89044204966441
11.47398996004927	27.77081434138266
11.50620439192184	28.680009076634
11.5384188237944	29.61896987141771
11.57063325566697	30.5886712347206
11.60284768753953	31.59011957993894
11.63506211941209	32.62435426928069
11.66727655128466	33.69244869267992
11.69949098315722	34.79551138162459
11.73170541502979	35.93468715975145
11.76391984690235	37.11115833102958
11.79613427877491	38.32614590676172
11.82834871064748	39.58091087287135
11.86056314252004	40.87675549860118
11.89277757439261	42.21502468814116
11.92499200626517	43.59710737630384
11.95720643813774	45.02443797024333
11.9894208700103	46.49849783802214
12.02163530188286	48.02081684610872
12.05384973375543	49.59297494720385
12.08606416562799	51.21660381986951
12.11827859750056	52.89338856219948
12.15049302937312	54.62506944052252
12.18270746124568	56.41344369562579
12.21492189311825	58.26036740808632
12.24713632499081	60.16775742448335
12.27935075686338	62.13759334699886
12.31156518873594	64.17191958777407
12.3437796206085	66.27284749091859
12.37599405248107	68.44255752361539
12.40820848435363	70.68330153923817
12.4404229162262	72.99740511440059
12.47263734809876	75.38726996260959
12.50485177997133	77.85537642693873
12.53706621184389	80.40428605421315
12.56928064371645	83.03664425353311
12.60149507558902	85.75518304187709
12.63370950746158	88.56272387954259
12.66592393933415	91.46218059840618
12.69813837120671	94.4565624261127
12.73035280307927	97.5489771091146
12.76256723495184	100.7426341382196
12.7947816668244	104.0408480795062
12.82699609869697	107.4470420143563
12.85921053056953	110.9647510922996
12.89142496244209	114.5976261997039
12.92363939431466	118.3494377491168
12.95585382618722	122.2240795923421
12.98806825805979	126.22557306168
13.02028268993235	130.3580711437868
13.05249712180492	134.6258627893152
13.08471155367748	139.0333773646869
13.11692598555004	143.5851892490389
13.14914041742261	148.2860225817704
13.18135484929517	153.1407561654186
13.21356928116774	158.1544285295766
13.2457837130403	163.3322431597163
13.27799814491286	168.6795738978103
13.31021257678543	174.2019705196836
13.34242700865799	179.9051644948246
13.37464144053056	185.7950749349661
13.40685587240312	191.8778147372
13.43907030427568	198.1596969282652
13.47128473614825	204.6472412166043
13.50349916802081	211.3471807589201
13.53571359989338	218.2664691483178
13.56792803176594	225.4122876309925
13.60014246363851	232.7920525594742
13.63235689551107	240.4134230896914
13.66457132738363	248.2843091300546
13.6967857592562	256.4128795510137
13.72900019112876	264.8075706629585
13.76121462300133	273.4770949720519
13.79342905487389	282.4304502225974
13.82564348674645	291.6769287352543
13.85785791861902	301.2261270513955
13.89007235049158	311.0879558927928
13.92228678236415	321.2726504476295
13.95450121423671	331.7907809931081
13.98671564610927	342.6532638659682
14.01893007798184	353.8713727920925
14.0511445098544	365.4567505870019
14.08335894172697	377.4214212395381
14.11557337359953	389.777802390915
14.1477878054721	402.5387182226043
14.18000223734466	415.717412766052
14.21221666921722	429.3275636479765
14.24443110108979	443.3832962859116
14.27664553296235	457.8991985482808
14.30885996483492	472.8903358947959
14.34107439670748	488.3722670119735
14.37328882858004	504.3610599610331
14.40550326045261	520.8733088542032
14.43771769232517	537.9261510771042
14.46993212419774	555.5372850748979
14.5021465560703	573.7249887207665
14.53436098794286	592.5081382859163
14.56657541981543	611.9062280300868
14.59878985168799	631.9393904343632
14.63100428356056	652.6284170954043
14.66321871543312	673.9947803043787
14.69543314730569	696.0606553321812
14.72764757917825	718.848943444171
14.75986201105081	742.3832956683954
14.79207644292338	766.6881373421406
14.82429087479594	791.7886934618907
14.85650530666851	817.7110148633192
14.88871973854107	844.4820052583638
14.92093417041363	872.1294491575426
14.9531486022862	900.6820407060637
14.98536303415876	930.1694134649217
15.01757746603133	960.6221711655651
15.04979189790389	992.071919472708
15.08200632977645	1024.551298786496
15.11422076164902	1058.094018118433
15.14643519352158	1092.734890076814
15.17864962539415	1128.509866997062
15.21086405726671	1165.456078255312
15.24307848913928	1203.61186880333
15.27529292101184	1243.016838965251
15.3075073528844	1283.711885537045
15.33972178475697	1325.739244231572
15.37193621662953	1369.142533513355
15.4041506485021	1413.966799868378
15.43636508037466	1460.25856455578
15.46857951224722	1508.06587189054
15.50079394411979	1557.438339106508
15.53300837599235	1608.427207852253
15.56522280786492	1661.085397372422
15.59743723973748	1715.467559430538
15.62965167161004	1771.630135029749
15.66186610348261	1829.631412990703
15.69408053535517	1889.531590446896
15.72629496722774	1951.392835320788
15.7585093991003	2015.279350845474
15.79072383097287	2081.257442198323
15.82293826284543	2149.395585316558
15.85515269471799	2219.764497965382
15.88736712659056	2292.437213133035
15.91958155846312	2367.489154828726
15.95179599033569	2444.998216362158
15.98401042220825	2525.044841185403
16.01622485408081	2607.712106382233
16.04843928595338	2693.085808889964
16.08065371782594	2781.254554544631
16.11286814969851	2872.30985004155
16.14508258157107	2966.346197905754
16.17729701344363	3063.461194572591
16.2095114453162	3163.755631678821
16.24172587718876	3267.333600670237
16.27394030906133	3374.302600833456
16.30615474093389	3484.773650865117
16.33836917280646	3598.861404093729
16.37058360467902	3716.684267472987
16.40279803655158	3838.364524472043
16.43501246842415	3964.028461987873
16.46722690029671	4093.806501413307
16.49944133216928	4227.83333399597
16.53165576404184	4366.248060628697
16.5638701959144	4509.194336216293
16.59608462778697	4656.820518769024
16.62829905965953	4809.279823377339
16.6605134915321	4966.730481226922
16.69272792340466	5129.3359038207
16.72494235527722	5297.264852576282
16.75715678714979	5470.691613976575
16.78937121902235	5649.79618045425
16.82158565089492	5834.764437198685
16.85380008276748	6025.788355077653
16.88601451464005	6223.066189876188
16.91822894651261	6426.802688058337
16.95044337838517	6637.209299263768
16.98265781025774	6854.504395763565
17.0148722421303	7078.913499098792
17.04708667400287	7310.669514140033
17.07930110587543	7550.012970809348
17.11151553774799	7797.192273716829
17.14372996962056	8052.463959968029
17.17594440149312	8316.092965413713
17.20815883336569	8588.352899615767
17.24037326523825	8869.526329814131
17.27258769711081	9159.905074192291
17.30480212898338	9459.790504742208
17.33701656085594	9769.493860046021
17.36923099272851	10089.33656829693
17.40144542460107	10419.65058089673
17.43365985647364	10760.77871697254
17.4658742883462	11113.07501917607
17.49808872021876	11476.90512112828
17.53030315209133	11852.64662689454
17.56251758396389	12240.68950288525
17.59473201583646	12641.43648258433
17.62694644770902	13055.30348452926
17.65916087958158	13482.72004397523
17.69137531145415	13924.12975869248
17.72358974332671	14379.99074935572
17.75580417519928	14850.77613500914
17.78801860707184	15336.97452409693
17.82023303894441	15839.09052156754
17.85244747081697	16357.64525258348
17.88466190268953	16893.17690337345
17.9168763345621	17446.24127979335
17.94909076643466	18017.41238417312
17.98130519830723	18607.28301105056
18.01351963017979	19216.46536240507
18.04573406205235	19845.59168303731
18.07794849392492	20495.31491674996
18.11016292579748	21166.30938400729
18.14237735767005	21859.27148178648
18.17459178954261	22574.92040633626
18.20680622141517	23313.99889960036
18.23902065328774	24077.27402007704
18.2712350851603	24865.53793891821
18.30344951703287	25679.60876208669
18.33566394890543	26520.33137943516
18.367878380778	27388.57834158159
18.40009281265056	28285.25076548922
18.43230724452312	29211.27926970101
18.46452167639569	30167.62494018492
18.49673610826825	31155.28032780555
18.52895054014082	32175.27047844865
18.56116497201338	33228.65399687496
18.59337940388594	34316.52414539652
18.62559383575851	35440.00997852749
18.65780826763107	36600.27751478469
18.69002269950364	37798.53094684163
18.7222371313762	39036.0138913138
18.75445156324876	40314.01067945092
18.78666599512133	41633.84769008983
18.81888042699389	42996.89472624507
18.85109485886646	44404.56643677143
18.88330929073902	45858.32378456111
18.91552372261159	47359.67556281722
18.94773815448415	48910.17996096617
18.97995258635671	50511.44618182979
19.01216701822928	52165.13611175281
19.04438145010184	53872.96604539867
19.07659588197441	55636.70846701839
19.10881031384697	57458.19389003296
19.14102474571953	59339.31275684955
19.1732391775921	61282.01740086148
19.20545360946466	63288.32407269363
19.23766804133723	65360.31503278494
19.26988247320979	67500.14071246606
19.30209690508235	69710.02194580954
19.33431133695492	71992.25227452801
19.36652576882748	74349.20032834417
19.39874020070005	76783.31228328627
19.43095463257261	79297.11440047386
19.46316906444518	81893.21564800292
19.49538349631774	84574.31040868736
19.5275979281903	87343.18127644066
19.55981236006287	90202.70194420173
19.59202679193543	93155.84018642435
19.624241223808	96205.66093919212
19.65645565568056	99355.32948118434
19.68867008755312	102608.1147187765
19.72088451942569	105967.3925787045
19.75309895129825	109436.6495117769
19.78531338317082	113019.4861113143
19.81752781504338	116719.6208500554
19.84974224691594	120540.8939393776
19.88195667878851	124487.2713149022
19.91417111066107	128562.8487525513
19.94638554253364	132771.8561193779
19.9785999744062	137118.6617635516
20.01081440627877	141607.7770480918
20.04302883815133	146243.8610329886
20.07524327002389	151031.7253106494
20.10745770189646	155976.3389996381
20.13967213376902	161082.8339018902
20.17188656564159	166356.5098288028
20.20410099751415	171802.8401016556
20.23631542938671	177427.4772321369
20.26852986125928	183236.2587888275
20.30074429313184	189235.2134557713
20.33295872500441	195430.5672893545
20.36517315687697	201828.7501800641
20.39738758874953	208436.4025257964
20.4296020206221	215260.382123601
20.46181645249466	222307.7712871145
20.49403088436723	229585.8841969581
20.52624531623979	237102.2744918043
20.55845974811236	244864.7431079524
20.59067417998492	252881.3463756003
20.62288861185748	261160.4043801114
20.65510304373005	269710.5095970838
20.68731747560261	278540.5358100905
20.71953190747518	287659.6473203673
20.75174633934774	297077.3084580615
20.7839607712203	306803.2934048032
20.81617520309287	316847.6963379083
20.84838963496543	327220.9419066518
20.880604066838	337933.7960515814
20.91281849871056	348997.3771779611
20.94503293058312	360423.1676950699
20.97724736245569	372223.0259333182
21.00946179432825	384409.1984514027
21.04167622620082	396994.3327465318
21.07389065807338	409991.4903806392
21.10610508994595	423414.1605364115
21.13831952181851	437276.2740170763
21.17053395369107	451592.2177046108
21.20274838556364	466376.8494911587
21.2349628174362	481645.5136994206
21.26717724930877	497414.0570078054
21.29939168118133	513698.8448969675
21.33160611305389	530516.7786348353
21.36382054492646	547885.3128176335
21.39603497679902	565822.4734852297
21.42824940867159	584346.8768295117
21.46046384054415	603477.748515353
21.49267827241671	623234.9436339865
21.52489270428928	643638.9673096929
21.55710713616184	664710.9959812319
21.58932156803441	686472.89937975
21.62153599990697	708947.2632265157
21.65375043177954	732157.4126735158
21.6859648636521	756127.4365116006
21.71817929552466	780882.2121710872
21.75039372739723	806447.4315410135
21.78260815926979	832849.6276334323
21.81482259114236	860116.2021209151
21.84703702301492	888275.4537754245
21.87925145488748	917356.6078382977
21.91146588676005	947389.8463518687
21.94368031863261	978406.3394839221
21.97589475050518	1010438.277877819
22.00810918237774	1043518.906061626
22.0403236142503	1077682.556951195
22.07253804612287	1112964.687482586
22.10475247799543	1149401.915411185
22.136966909868	1187032.057315727
22.16918134174056	1225894.167846118
22.20139577361313	1266028.580256716
22.23361020548569	1307476.948266141
22.26582463735825	1350282.28928784
22.29803906923082	1394489.029075741
22.33025350110338	1440143.047831897
22.36246793297595	1487291.727823166
22.39468236484851	1535984.002557209
22.42689679672107	1586270.407568247
22.45911122859364	1638203.132865468
22.4913256604662	1691836.077098757
22.52354009233877	1747224.90349746
22.55575452421133	1804427.097640657
22.58796895608389	1863502.027118702
22.62018338795646	1924511.003148268
22.65239781982902	1987517.344204141
22.68461225170159	2052586.441734538
22.71682668357415	2119785.828028032
22.74904111544672	2189185.246301722
22.78125554731928	2260856.723084913
22.81346997919184	2334874.642971688
22.84568441106441	2411315.825821356
22.87789884293697	2490259.606485943
22.91011327480954	2571787.91714849
22.9423277066821	2655985.372356133
22.97454213855466	2742939.356837847
23.00675657042723	2832740.116196767
23.03897100229979	2925480.850571724
23.07118543417236	3021257.811365601
23.10339986604492	3120170.401139744
23.13561429791748	3222321.276779289
23.16782872979005	3327816.456035671
23.20004316166261	3436765.427557826
23.23225759353518	3549281.264524845
23.26447202540774	3665480.741999144
23.29668645728031	3785484.458122329
23.32890088915287	3909416.959277368
23.36111532102543	4037406.86935014
23.393329752898	4169587.023221476
23.42554418477056	4306094.604630332
23.45775861664313	4447071.288549874
23.48997304851569	4592663.388225842
23.52218748038825	4743022.00702718
23.55440191226082	4898303.195269585
23.58661634413338	5058668.112172225
23.61883077600595	5224283.193117069
23.65104520787851	5395320.322384666
23.68325963975107	5571957.011544003
23.71547407162364	5754376.583683363
23.7476885034962	5942768.363672145
23.77990293536877	6137327.874652778
23.81211736724133	6338257.040963947
23.8443317991139	6545764.397707935
23.87654623098646	6760065.307180191
23.90876066285902	6981382.182381725
23.94097509473159	7209944.717852237
23.97318952660415	7445990.12805799
24.00540395847672	7689763.393585458
24.03761839034928	7941517.515394076
24.06983282222184	8201513.777394944
24.10204725409441	8470022.017623033
24.13426168596697	8747320.908289926
24.16647611783954	9033698.245003505
24.1986905497121	9329451.245456619
24.23090498158466	9634886.857895827
24.26311941345723	9950322.079686746
24.29533384532979	10276084.28631051
24.32754827720236	10612511.57112992
24.35976270907492	10959953.09628136
24.39197714094749	11318769.45505155
24.42419157282005	11689333.04611931
24.45640600469261	12072028.46005157
24.48862043656518	12467252.87844796
24.52083486843774	12875416.48615883
24.55304930031031	13296942.89699369
24.58526373218287	13732269.59336991
24.61747816405543	14181848.38035253
24.649692595928	14646145.85456278
24.68190702780056	15125643.88843279
24.71412145967313	15620840.13031858
24.74633589154569	16132248.5209835
24.77855032341825	16660399.82699137
24.81076475529082	17205842.19156404
24.84297918716338	17769141.70347036
24.87519361903595	18350882.98454168
24.90740805090851	18951669.7964202
24.93962248278108	19572125.66717583
24.97183691465364	20212894.5384318
25.0040513465262	20874641.43367868
25.03626577839877	21558053.14847283
25.06848021027133	22263838.96322065
25.1006946421439	22992731.37931063
25.13290907401646	23745486.87933563
25.16512350588902	24522886.71220959
25.19733793776159	25325737.70398354
25.22955236963415	26154873.095214
25.26176680150672	27011153.40573605
25.29398123337928	27895467.3277564
25.32619566525184	28808732.64817931
25.35841009712441	29751897.20113103
25.39062452899697	30725939.85167071
25.42283896086954	31731871.51170217
25.4550533927421	32770736.18914786
25.48726782461467	33843612.07146911
25.51948225648723	34951612.64466699
25.55169668835979	36095887.84890708
25.58391112023236	37277625.2719826
25.61612555210492	38498051.38185699
25.64833998397749	39758432.79954212
25.68055441585005	41060077.6136682
25.71276884772261	42404336.73807469
25.74498327959518	43792605.31385743
25.77719771146774	45226324.15730806
25.80941214334031	46706981.25527113
25.84162657521287	48236113.30943947
25.87384100708543	49815307.33122313
25.906055438958	51446202.28882104
25.93826987083056	53130490.80822127
25.97048430270313	54869920.92989428
26.00269873457569	56666297.92298708
26.03491316644826	58521486.15891995
26.06712759832082	60437411.04631452
26.09934203019338	62416061.02928503
26.13155646206595	64459489.65113144
26.16377089393851	66569817.68560082
26.19598532581108	68749235.33794121
26.22819975768364	71000004.51798072
26.2604141895562	73324461.18766092
26.29262862142877	75725017.78539906
26.32484305330133	78204165.72983345
26.3570574851739	80764478.00552738
26.38927191704646	83408611.8333482
26.42148634891903	86139311.42824039
26.45370078079159	88959410.84730993
26.48591521266415	91871836.93113464
26.51812964453672	94879612.34137571
26.55034407640928	97985858.69784603
26.58255850828185	101193799.8182629
26.61477294015441	104506765.0640798
26.64698737202697	107928192.7958427
26.67920180389954	111461633.9416991
26.7114162357721	115110755.6826998
26.74363066764467	118879345.2587644
26.77584509951723	122771313.8992769
26.80805953138979	126790700.8823072
26.84027396326236	130941677.7267901
26.87248839513492	135228552.5218982
26.90470282700749	139655774.3981851
26.93691725888005	144227938.1450806
26.96913169075262	148949788.9796014
27.00134612262518	153826227.4711242
27.03356055449774	158862314.627441
27.06577498637031	164063277.1472864
27.09798941824287	169434512.8448459
27.13020385011544	174981596.2518684
27.162418281988	180710284.4031488
27.19463271386056	186626522.811448
27.22684714573313	192736451.6379953
27.25906157760569	199046412.0650601
27.29127600947826	205562952.8770874
27.32349044135082	212292837.2573108
27.35570487322338	219243049.8069344
27.38791930509595	226420803.7939974
27.42013373696851	233833548.6396884
27.45234816884108	241488977.6496475
27.48456260071364	249395035.9984387
27.51677703258621	257559928.9753785
27.54899146445877	265992130.5003946
27.58120589633133	274700391.9185916
27.6134203282039	283693751.082815
27.64563476007646	292981541.7335033
27.67784919194903	302573403.1856639
27.71006362382159	312479290.3330073
27.74227805569415	322709483.9795377
27.77449248756672	333274601.5094363
27.80670691943928	344185607.9062168
27.83892135131185	355453827.1327267
27.87113578318441	367090953.8835992
27.90335021505697	379109065.7224988
27.93556464692954	391520635.6168223
27.9677790788021	404338544.8825716
27.99999351067467	417576096.5532488
28.03220794254723	431247029.1862478
28.0644223744198	445365531.1213583
28.09663680629236	459946255.2059742
28.12885123816492	475004334.0025482
28.16106567003749	490555395.4937212
28.19328010191005	506615579.3017666
28.22549453378262	523201553.4389423
28.25770896565518	540330531.606257
28.28992339752774	558020291.0586468
28.32213782940031	576289191.0549003
28.35435226127287	595156191.9117007
28.38656669314544	614640874.6813908
28.418781125018	634763461.474124
28.45099555689056	655544836.4451369
28.48320998876313	677006567.4691653
28.51542442063569	699170928.524647
28.54763885250826	722060922.8103728
28.57985328438082	745700306.6193675
28.61206771625339	770113613.9940336
28.64428214812595	795326182.188663
28.67649657999851	821364177.9653901
28.70871101187108	848254624.7513146
28.74092544374364	876025430.684375
28.77313987561621	904705417.5776353
28.80535430748877	934324350.8317361
28.83756873936133	964912970.3265946
28.8697831712339	996503022.3246359
28.90199760310646	1029127292.418264
28.93421203497903	1062819639.556118
28.96642646685159	1097615031.183172
28.99864089872415	1133549579.531587
29.03085533059672	1170660579.099264
29.06306976246928	1208986545.355556
29.09528419434185	1248567254.71441
29.12749862621441	1289443785.815586
29.15971305808698	1331658562.158066
29.19192748995954	1375255396.128625
29.2241419218321	1420279534.472206
29.25635635370467	1466777705.2506
29.28857078557723	1514798166.339015
29.3207852174498	1564390755.509713
29.35299964932236	1615606942.155814
29.38521408119492	1668499880.708131
29.41742851306749	1723124465.80094
29.44964294494005	1779537389.243975
29.48185737681262	1837797198.859231
29.51407180868518	1897964359.244274
29.54628624055774	1960101314.524541
29.57850067243031	2024272553.160695
29.61071510430287	2090544674.876983
29.64292953617544	2158986459.780839
29.675143968048	2229668939.746107
29.70735839992057	2302665472.131943
29.73957283179313	2378051815.916543
29.77178726366569	2455906210.322334
29.80400169553826	2536309456.015821
29.83621612741082	2619344998.965277
29.86843055928339	2705099017.044727
29.90064499115595	2793660509.472089
29.93285942302851	2885121389.176272
29.96507385490108	2979576578.18761
29.99728828677364	3077124106.151597
30.02950271864621	3177865212.068027
30.06171715051877	3281904449.360324
30.09393158239133	3389349794.385127
30.1261460142639	3500312758.493815
30.15836044613646	3614908503.763858
30.19057487800903	3733255962.517789
30.22278930988159	3855477960.755316
30.25500374175416	3981701345.627606
30.28721817362672	4112057117.082729
30.31943260549928	4246680563.823311
30.35164703737185	4385711403.713404
30.38386146924441	4529293928.783163
30.41607590111698	4677577154.979745
30.44829033298954	4830714976.82251
30.4805047648621	4988866327.119382
30.51271919673467	5152195341.913613
30.54493362860723	5320871530.829698
30.5771480604798	5495069952.996527
30.60936249235236	5674971398.730603
30.64157692422492	5860762577.166167
30.67379135609749	6052636310.028743
30.70600578797005	6250791731.751779
30.73822021984262	6455434496.146635
30.77043465171518	6666776989.836514
30.80264908358775	6885038552.678222
30.83486351546031	7110445705.402545
30.86707794733287	7343232384.703115
30.89929237920544	7583640186.026079
30.931506811078	7831918614.305017
30.96372124295057	8088325342.906412
30.99593567482313	8353126481.050873
31.02815010669569	8626596849.992346
31.06036453856826	8909020268.235268
31.09257897044082	9200689846.092279
31.12479340231339	9501908289.883099
31.15700783418595	9812988216.093744
31.18922226605851	10134252475.82138
31.22143669793108	10466034489.83911
31.25365112980364	10808678594.63174
31.28586556167621	11162540399.75848
31.31807999354877	11527987156.9188
31.35029442542134	11905398141.09682
31.3825088572939	12295165044.18466
31.41472328916646	12697692381.49627
31.44693772103903	13113397911.58274
31.47915215291159	13542713069.79962
31.51136658478416	13986083416.06225
31.54358101665672	14443969097.2638
31.57579544852928	14916845324.82821
31.60800988040185	15405202867.90383
31.64022431227441	15909548562.69628
31.67243874414698	16430405838.48129
31.70465317601954	16968315260.83474
31.7368676078921	17523835092.64921
31.76908203976467	18097541873.51901
31.80129647163723	18690031018.08913
31.8335109035098	19301917433.99625
31.86572533538236	19933836160.03716
31.89793976725493	20586443025.236
31.93015419912749	21260415329.48135
31.96236863100005	21956452546.44741
31.99458306287262	22675277049.53526
32.02679749474518	23417634861.56673
32.05901192661774	24184296429.03664
32.0912263584903	24976057421.70171
32.12344079036286	25793739558.35382
32.15565522223542	26638191459.61877
32.18786965410798	27510289528.68888
32.22008408598055	28410938860.87471
0
1000	1.0219978922	100000000000000.1
5	0	0	1
5	0	0	0
0.03786664528905326	-0.0002936893095925264
0.07008107716161713	-0.0002935313990626591
0.102295509034181	-0.0002933785119791343
0.1345099409067449	-0.0002932304947003757
0.1667243727793087	-0.0002930871972471782
0.1989388046518726	-0.0002929484733441573
0.2311532365244365	-0.0002928141804438542
0.2633676683970003	-0.0002926841797354199
0.2955821002695642	-0.0002925583361396822
0.3277965321421281	-0.0002924365182922195
0.360010964014692	-0.000292318598515924
0.3922253958872559	-0.0002922044527844043
0.4244398277598198	-0.0002920939606774672
0.4566542596323837	-0.0002919870053297791
0.4888686915049476	-0.0002918834733737237
0.5210831233775115	-0.0002917832548773512
0.5532975552500754	-0.0002916862432782494
0.5855119871226393	-0.0002915923353140599
0.6177264189952032	-0.0002915014309503092
0.6499408508677671	-0.0002914134333061246
0.682155282740331	-0.0002913282485783816
0.7143697146128949	-0.0002912457859647232
0.7465841464854588	-0.0002911659575858906
0.7787985783580227	-0.0002910886784077045
0.8110130102305866	-0.0002910138661630331
0.8432274421031505	-0.0002909414412740324
0.8754418739757144	-0.0002908713267748788
0.9076563058482783	-0.0002908034482352372
0.9398707377208422	-0.0002907377336846309
0.9720851695934061	-0.0002906741135378662
1.00429960146597	-0.0002906124956158559
1.036514033338534	-0.0002905528676325172
1.068728465211098	-0.0002904951406950898
1.100942897083662	-0.0002904392536667549
1.133157328956226	-0.0002903851473860316
1.165371760828789	-0.0002903327646122523
1.197586192701353	-0.0002902820499712814
1.229800624573917	-0.0002902329499016832
1.262015056446481	-0.0002901854126014205
1.294229488319045	-0.0002901393879752562
1.326443920191609	-0.0002900948095516641
1.358658352064173	-0.0002900516686814742
1.390872783936737	-0.0002900099012395007
1.423087215809301	-0.0002899694631788132
1.455301647681865	-0.0002899303118681189
1.487516079554428	-0.0002898924060532101
1.519730511426992	-0.0002898557058185507
1.551944943299556	-0.0002898201725491167
1.58415937517212	-0.0002897857688925796
1.616373807044684	-0.0002897524587219456
1.648588238917248	-0.0002897201940433459
1.680802670789812	-0.0002896889687191011
1.713017102662376	-0.0002896587364371133
1.74523153453494	-0.0002896294654142441
1.777445966407504	-0.0002896011248848369
1.809660398280067	-0.0002895736850733001
1.841874830152631	-0.0002895471171667445
1.874089262025195	-0.0002895213932877879
1.906303693897759	-0.0002894964864675809
1.938518125770323	-0.0002894723706191269
1.970732557642887	-0.0002894490110570672
2.002946989515451	-0.0002894264034007602
2.035161421388014	-0.0002894045141737888
2.067375853260578	-0.0002893833204162817
2.099590285133142	-0.000289362799901274
2.131804717005705	-0.0002893429311150964
2.164019148878269	-0.0002893236932378142
2.196233580750833	-0.0002893050661237499
2.228448012623396	-0.0002892870302821677
2.26066244449596	-0.0002892695668581489
2.292876876368524	-0.0002892526507668614
2.325091308241087	-0.0002892362788686582
2.357305740113651	-0.0002892204269496206
2.389520171986215	-0.0002892050784099871
2.421734603858778	-0.0002891902171787519
2.453949035731342	-0.0002891758276996123
2.486163467603906	-0.000289161894916914
2.518377899476469	-0.0002891484042616765
2.550592331349033	-0.0002891353416377033
2.582806763221597	-0.0002891226934078425
2.61502119509416	-0.0002891104414210921
2.647235626966724	-0.0002890985834204418
2.679450058839288	-0.0002890871018832781
2.711664490711851	-0.0002890759848008729
2.743878922584415	-0.0002890652205464195
2.776093354456979	-0.0002890547978649316
2.808307786329542	-0.0002890447058631269
2.840522218202106	-0.0002890349339993639
2.87273665007467	-0.0002890254720736464
2.904951081947234	-0.0002890163102177195
2.937165513819797	-0.000289007435292821
2.969379945692361	-0.0002889988456728941
3.001594377564925	-0.0002889905286731019
3.033808809437488	-0.0002889824756021613
3.066023241310052	-0.0002889746780449011
3.098237673182616	-0.0002889671278549655
3.130452105055179	-0.000288959817147533
3.162666536927743	-0.0002889527382920519
3.194880968800307	-0.0002889458839050358
3.22709540067287	-0.0002889392468429148
3.259309832545434	-0.0002889328175924421
3.291524264417998	-0.0002889265949802796
3.323738696290561	-0.0002889205698213592
3.355953128163125	-0.0002889147358233755
3.388167560035689	-0.0002889090868937554
3.420381991908252	-0.0002889036171343996
3.452596423780816	-0.0002888983208364189
3.48481085565338	-0.0002888931924748913
3.517025287525943	-0.000288888226703658
3.549239719398507	-0.000288883418350158
3.581454151271071	-0.0002888787605248499
3.613668583143634	-0.0002888742523800962
3.645883015016198	-0.0002888698872637609
3.678097446888762	-0.000288865660619286
3.710311878761325	-0.0002888615680346647
3.742526310633889	-0.0002888576052386365
3.774740742506453	-0.0002888537680968899
3.806955174379016	-0.0002888500526082677
3.83916960625158	-0.0002888464549010109
3.871384038124144	-0.0002888429712290205
3.903598469996707	-0.000288839596602118
3.935812901869271	-0.0002888363304074515
3.968027333741835	-0.0002888331678266634
4.000241765614398	-0.0002888301055595756
4.032456197486963	-0.0002888271404106557
4.064670629359527	-0.0002888242692862741
4.096885061232091	-0.0002888214891919471
4.129099493104655	-0.0002888187972296017
4.161313924977219	-0.0002888161905948522
4.193528356849783	-0.0002888136665742988
4.225742788722347	-0.0002888112215531126
4.257957220594911	-0.0002888088550879251
4.290171652467476	-0.0002888065636882994
4.32238608434004	-0.0002888043449637216
4.354600516212604	-0.0002888021965994549
4.386814948085168	-0.0002888001163545545
4.419029379957732	-0.0002887981020598751
4.451243811830296	-0.0002887961516160904
4.48345824370286	-0.0002887942629917195
4.515672675575424	-0.0002887924342211754
4.547887107447989	-0.0002887906626857132
4.580101539320553	-0.0002887889480644388
4.612315971193117	-0.0002887872878286825
4.644530403065681	-0.0002887856802467016
4.676744834938245	-0.0002887841236416318
4.708959266810809	-0.0002887826163900584
4.741173698683373	-0.0002887811569205655
4.773388130555937	-0.0002887797437123086
4.805602562428501	-0.0002887783752935851
4.837816994301066	-0.0002887770502404184
4.87003142617363	-0.0002887757666555643
4.902245858046194	-0.0002887745243066973
4.934460289918758	-0.0002887733213618132
4.966674721791322	-0.0002887721565663145
4.998889153663886	-0.0002887710287053574
5.03110358553645	-0.0002887699366028117
5.063318017409014	-0.0002887688791202168
5.095532449281579	-0.000288767855155743
5.127746881154143	-0.0002887668636431585
5.159961313026707	-0.0002887659035508034
5.192175744899271	-0.000288764973504094
5.224390176771835	-0.0002887640733347919
5.256604608644399	-0.0002887632017155699
5.288819040516963	-0.0002887623577374663
5.321033472389527	-0.0002887615405203196
5.353247904262092	-0.0002887607492120098
5.385462336134656	-0.0002887599829877095
5.41767676800722	-0.0002887592410491262
5.449891199879784	-0.0002887585226237555
5.482105631752348	-0.0002887578269641403
5.514320063624912	-0.0002887571530743443
5.546534495497476	-0.0002887565008325148
5.57874892737004	-0.000288755869276948
5.610963359242604	-0.000288755257749077
5.643177791115169	-0.0002887546656111948
5.675392222987733	-0.0002887540922459151
5.707606654860297	-0.0002887535370556197
5.739821086732861	-0.0002887529994619179
5.772035518605425	-0.0002887524789051006
5.804249950477989	-0.0002887519748436038
5.836464382350553	-0.0002887514865558194
5.868678814223117	-0.0002887510139534822
5.900893246095682	-0.0002887505563397848
5.933107677968246	-0.0002887501132375632
5.96532210984081	-0.0002887496841847702
5.997536541713374	-0.0002887492687340766
6.029750973585938	-0.000288748866452479
6.061965405458502	-0.0002887484769209023
6.094179837331066	-0.0002887480997338065
6.12639426920363	-0.0002887477344988009
6.158608701076195	-0.0002887473806930323
6.190823132948759	-0.0002887470382525598
6.223037564821323	-0.0002887467066725
6.255251996693887	-0.0002887463856071195
6.287466428566451	-0.0002887460747216364
6.319680860439015	-0.0002887457736919347
6.351895292311579	-0.0002887454822042742
6.384109724184143	-0.0002887451999550094
6.416324156056707	-0.0002887449266503011
6.448538587929272	-0.0002887446620058349
6.480753019801836	-0.0002887444056427665
6.5129674516744	-0.0002887441575147728
6.545181883546964	-0.000288743917256029
6.577396315419528	-0.0002887436846160265
6.609610747292092	-0.0002887434593521929
6.641825179164656	-0.0002887432412296824
6.67403961103722	-0.0002887430300211696
6.706254042909785	-0.00028874282550664
6.738468474782349	-0.0002887426274731855
6.770682906654913	-0.0002887424357148018
6.802897338527477	-0.0002887422499569843
6.835111770400041	-0.000288742070166173
6.867326202272605	-0.0002887418960772975
6.899540634145169	-0.0002887417275088464
6.931755066017733	-0.0002887415642850572
6.963969497890298	-0.0002887414062357667
6.996183929762862	-0.0002887412531962589
7.028398361635426	-0.000288741105007117
7.06061279350799	-0.0002887409615140724
7.092827225380554	-0.0002887408225678569
7.125041657253118	-0.0002887406879695718
7.157256089125682	-0.0002887405576949016
7.189470520998246	-0.0002887404315517796
7.22168495287081	-0.0002887403094086861
7.253899384743375	-0.0002887401911382685
7.286113816615939	-0.0002887400766172274
7.318328248488503	-0.0002887399657262143
7.350542680361067	-0.0002887398583497182
7.382757112233631	-0.0002887397543759584
7.414971544106195	-0.0002887396536967791
7.447185975978759	-0.0002887395561680594
7.479400407851323	-0.0002887394617721808
7.511614839723888	-0.0002887393703699777
7.543829271596452	-0.0002887392818661507
7.576043703469016	-0.0002887391961684221
7.60825813534158	-0.0002887391131874518
7.640472567214144	-0.0002887390328367616
7.672686999086708	-0.000288738955032654
7.704901430959272	-0.0002887388796941328
7.737115862831836	-0.000288738806742831
7.769330294704401	-0.0002887387360743214
7.801544726576965	-0.0002887386676758379
7.833759158449529	-0.0002887386014465404
7.865973590322093	-0.0002887385373173788
7.898188022194657	-0.0002887384752214891
7.930402454067221	-0.0002887384150941369
7.962616885939785	-0.0002887383568726602
7.994831317812349	-0.0002887383004964141
8.027045749684913	-0.000288738245906709
8.059260181557477	-0.0002887381930467605
8.091474613430041	-0.0002887381418409033
8.123689045302605	-0.0002887380922798859
8.155903477175169	-0.0002887380442906419
8.188117909047733	-0.0002887379978231383
8.220332340920297	-0.0002887379528289249
8.252546772792861	-0.000288737909261097
8.284761204665426	-0.0002887378670742497
8.31697563653799	-0.0002887378262244405
8.349190068410554	-0.0002887377866691458
8.381404500283118	-0.0002887377483672165
8.413618932155682	-0.0002887377112638289
8.445833364028246	-0.0002887376753522779
8.47804779590081	-0.0002887376405796207
8.510262227773374	-0.0002887376069096044
8.542476659645938	-0.0002887375743071229
8.574691091518503	-0.0002887375427381893
8.606905523391067	-0.0002887375121699024
8.639119955263631	-0.0002887374825704223
8.671334387136195	-0.0002887374539089371
8.703548819008759	-0.0002887374261556321
8.735763250881323	-0.0002887373992707793
8.767977682753887	-0.0002887373732495239
8.800192114626451	-0.0002887373480535016
8.832406546499016	-0.0002887373236564442
8.86462097837158	-0.0002887373000329134
8.896835410244144	-0.0002887372771582839
8.929049842116708	-0.0002887372550087168
8.961264273989272	-0.0002887372335611397
8.993478705861836	-0.0002887372127932253
9.0256931377344	-0.0002887371926833722
9.057907569606964	-0.0002887371732027932
9.090122001479529	-0.0002887371543479697
9.122336433352093	-0.0002887371360911049
9.154550865224657	-0.0002887371184131644
9.186765297097221	-0.0002887371012957156
9.218979728969785	-0.0002887370847209147
9.251194160842349	-0.000288737068671489
9.283408592714913	-0.0002887370531307195
9.315623024587477	-0.0002887370380824302
9.347837456460041	-0.0002887370235109658
9.380051888332606	-0.0002887370093954702
9.41226632020517	-0.0002887369957333928
9.444480752077734	-0.0002887369825045912
9.476695183950298	-0.0002887369696952742
9.508909615822862	-0.0002887369572920851
9.541124047695426	-0.000288736945282096
9.57333847956799	-0.0002887369336527891
9.605552911440554	-0.0002887369223920521
9.637767343313119	-0.0002887369114881615
9.669981775185683	-0.0002887369009297759
9.702196207058247	-0.0002887368907017817
9.734410638930811	-0.000288736880802331
9.766625070803375	-0.0002887368712168291
9.798839502675939	-0.0002887368619352826
9.831053934548503	-0.0002887368529480142
9.863268366421067	-0.0002887368442456557
9.895482798293632	-0.0002887368358191373
9.927697230166196	-0.000288736827659681
9.95991166203876	-0.0002887368197587936
9.992126093911324	-0.0002887368121082567
10.02434052578389	-0.0002887368046971195
10.05655495765645	-0.0002887367975240427
10.08876938952902	-0.0002887367905784517
10.12098382140158	-0.0002887367838531037
10.15319825327414	-0.0002887367773409877
10.18541268514671	-0.0002887367710353157
10.21762711701927	-0.0002887367649295155
10.24984154889184	-0.0002887367590172268
10.2820559807644	-0.0002887367532922958
10.31427041263697	-0.0002887367477487672
10.34648484450953	-0.0002887367423787049
10.37869927638209	-0.0002887367371811406
10.41091370825466	-0.0002887367321484099
10.44312814012722	-0.0002887367272752674
10.47534257199979	-0.0002887367225566304
10.50755700387235	-0.0002887367179875811
10.53977143574491	-0.0002887367135633587
10.57198586761748	-0.0002887367092793524
10.60420029949004	-0.0002887367051311043
10.63641473136261	-0.0002887367011142997
10.66862916323517	-0.0002887366972231873
10.70084359510773	-0.0002887366934570655
10.7330580269803	-0.0002887366898103816
10.76527245885286	-0.0002887366862793334
10.79748689072543	-0.0002887366828602405
10.82970132259799	-0.000288736679549537
10.86191575447056	-0.0002887366763437733
10.89413018634312	-0.0002887366732396104
10.92634461821568	-0.0002887366702338166
10.95855905008825	-0.0002887366673232661
10.99077348196081	-0.0002887366645037912
11.02298791383338	-0.0002887366617748835
11.05520234570594	-0.0002887366591325205
11.0874167775785	-0.0002887366565739458
11.11963120945107	-0.0002887366540964932
11.15184564132363	-0.000288736651697579
11.1840600731962	-0.0002887366493747031
11.21627450506876	-0.0002887366471254468
11.24848893694132	-0.0002887366449474679
11.28070336881389	-0.0002887366428385019
11.31291780068645	-0.0002887366407955286
11.34513223255902	-0.0002887366388181802
11.37734666443158	-0.0002887366369035394
11.40956109630415	-0.0002887366350496131
11.44177552817671	-0.0002887366332544671
11.47398996004927	-0.0002887366315162288
11.50620439192184	-0.0002887366298330883
11.5384188237944	-0.0002887366282032914
11.57063325566697	-0.0002887366266251417
11.60284768753953	-0.0002887366250969988
11.63506211941209	-0.0002887366236166731
11.66727655128466	-0.0002887366221838992
11.69949098315722	-0.0002887366207965631
11.73170541502979	-0.0002887366194532204
11.76391984690235	-0.0002887366181524689
11.79613427877491	-0.0002887366168929525
11.82834871064748	-0.0002887366156733601
11.86056314252004	-0.0002887366144924192
11.89277757439261	-0.0002887366133489032
11.92499200626517	-0.0002887366122416193
11.95720643813774	-0.0002887366111689848
11.9894208700103	-0.0002887366101308065
12.02163530188286	-0.0002887366091255522
12.05384973375543	-0.000288736608152174
12.08606416562799	-0.0002887366072096577
12.11827859750056	-0.0002887366062970205
12.15049302937312	-0.000288736605413311
12.18270746124568	-0.0002887366045576089
12.21492189311825	-0.0002887366037290248
12.24713632499081	-0.0002887366029266946
12.27935075686338	-0.0002887366021494705
12.31156518873594	-0.0002887366013972126
12.3437796206085	-0.0002887366006688125
12.37599405248107	-0.0002887365999635084
12.40820848435363	-0.0002887365992805672
12.4404229162262	-0.000288736598619276
12.47263734809876	-0.0002887365979789464
12.50485177997133	-0.0002887365973589097
12.53706621184389	-0.0002887365967585227
12.56928064371645	-0.0002887365961771596
12.60149507558902	-0.0002887365956139881
12.63370950746158	-0.0002887365950689075
12.66592393933415	-0.0002887365945411121
12.69813837120671	-0.0002887365940300532
12.73035280307927	-0.0002887365935351987
12.76256723495184	-0.0002887365930560318
12.7947816668244	-0.000288736592592052
12.82699609869697	-0.0002887365921427784
12.85921053056953	-0.0002887365917077414
12.89142496244209	-0.0002887365912864891
12.92363939431466	-0.0002887365908784188
12.95585382618722	-0.0002887365904834566
12.98806825805979	-0.0002887365901010194
13.02028268993235	-0.0002887365897307103
13.05249712180492	-0.0002887365893721415
13.08471155367748	-0.0002887365890249394
13.11692598555004	-0.0002887365886887443
13.14914041742261	-0.000288736588363203
13.18135484929517	-0.0002887365880479778
13.21356928116774	-0.0002887365877427412
13.2457837130403	-0.0002887365874470558
13.27799814491286	-0.0002887365871608683
13.31021257678543	-0.0002887365868837576
13.34242700865799	-0.0002887365866154334
13.37464144053056	-0.0002887365863556171
13.40685587240312	-0.0002887365861040369
13.43907030427568	-0.0002887365858604314
13.47128473614825	-0.0002887365856245459
13.50349916802081	-0.0002887365853961366
13.53571359989338	-0.0002887365851749641
13.56792803176594	-0.0002887365849607128
13.60014246363851	-0.0002887365847533435
13.63235689551107	-0.0002887365845525507
13.66457132738363	-0.000288736584358125
13.6967857592562	-0.0002887365841698632
13.72900019112876	-0.0002887365839875702
13.76121462300133	-0.0002887365838110549
13.79342905487389	-0.0002887365836401343
13.82564348674645	-0.0002887365834746299
13.85785791861902	-0.000288736583314369
13.89007235049158	-0.0002887365831591236
13.92228678236415	-0.0002887365830088651
13.95450121423671	-0.0002887365828633715
13.98671564610927	-0.0002887365827224919
14.01893007798184	-0.0002887365825860787
14.0511445098544	-0.0002887365824539903
14.08335894172697	-0.0002887365823260885
14.11557337359953	-0.0002887365822022404
14.1477878054721	-0.0002887365820823178
14.18000223734466	-0.0002887365819661939
14.21221666921722	-0.0002887365818537038
14.24443110108979	-0.0002887365817448271
14.27664553296235	-0.0002887365816394043
14.30885996483492	-0.0002887365815373239
14.34107439670748	-0.0002887365814384791
14.37328882858004	-0.0002887365813427684
14.40550326045261	-0.0002887365812500922
14.43771769232517	-0.0002887365811603529
14.46993212419774	-0.0002887365810734564
14.5021465560703	-0.0002887365809893142
14.53436098794286	-0.0002887365809078058
14.56657541981543	-0.0002887365808289142
14.59878985168799	-0.0002887365807525251
14.63100428356056	-0.0002887365806785583
14.66321871543312	-0.0002887365806069367
14.69543314730569	-0.0002887365805375855
14.72764757917825	-0.000288736580470432
14.75986201105081	-0.0002887365804054073
14.79207644292338	-0.0002887365803424432
14.82429087479594	-0.0002887365802814739
14.85650530666851	-0.0002887365802224135
14.88871973854107	-0.0002887365801652488
14.92093417041363	-0.0002887365801098973
14.9531486022862	-0.0002887365800563019
14.98536303415876	-0.0002887365800044052
15.01757746603133	-0.000288736579954154
15.04979189790389	-0.0002887365799054952
15.08200632977645	-0.0002887365798583782
15.11422076164902	-0.0002887365798127553
15.14643519352158	-0.0002887365797685772
15.17864962539415	-0.0002887365797257825
15.21086405726671	-0.0002887365796843622
15.24307848913928	-0.0002887365796442551
15.27529292101184	-0.0002887365796054199
15.3075073528844	-0.0002887365795678156
15.33972178475697	-0.0002887365795314039
15.37193621662953	-0.0002887365794961463
15.4041506485021	-0.0002887365794620056
15.43636508037466	-0.0002887365794289471
15.46857951224722	-0.0002887365793969366
15.50079394411979	-0.0002887365793659267
15.53300837599235	-0.0002887365793359144
15.56522280786492	-0.0002887365793068525
15.59743723973748	-0.0002887365792787129
15.62965167161004	-0.0002887365792514656
15.66186610348261	-0.000288736579225082
15.69408053535517	-0.000288736579199534
15.72629496722774	-0.0002887365791747959
15.7585093991003	-0.0002887365791508419
15.79072383097287	-0.0002887365791276476
15.82293826284543	-0.0002887365791051774
15.85515269471799	-0.0002887365790834306
15.88736712659056	-0.0002887365790623724
15.91958155846312	-0.0002887365790419828
15.95179599033569	-0.0002887365790222392
15.98401042220825	-0.0002887365790031219
16.01622485408081	-0.0002887365789846108
16.04843928595338	-0.0002887365789666855
16.08065371782594	-0.0002887365789493285
16.11286814969851	-0.0002887365789325218
16.14508258157107	-0.0002887365789162408
16.17729701344363	-0.0002887365789004829
16.2095114453162	-0.0002887365788852249
16.24172587718876	-0.0002887365788704503
16.27394030906133	-0.0002887365788561439
16.30615474093389	-0.0002887365788422915
16.33836917280646	-0.0002887365788288786
16.37058360467902	-0.00028873657881589
16.40279803655158	-0.0002887365788033138
16.43501246842415	-0.0002887365787911355
16.46722690029671	-0.0002887365787793378
16.49944133216928	-0.0002887365787679201
16.53165576404184	-0.000288736578756864
16.5638701959144	-0.0002887365787461583
16.59608462778697	-0.0002887365787357921
16.62829905965953	-0.0002887365787257552
16.6605134915321	-0.0002887365787160358
16.69272792340466	-0.000288736578706625
16.72494235527722	-0.0002887365786975119
16.75715678714979	-0.0002887365786886874
16.78937121902235	-0.0002887365786801396
16.82158565089492	-0.0002887365786718659
16.85380008276748	-0.0002887365786638544
16.88601451464005	-0.0002887365786560979
16.91822894651261	-0.0002887365786485865
16.95044337838517	-0.000288736578641313
16.98265781025774	-0.0002887365786342709
17.0148722421303	-0.0002887365786274514
17.04708667400287	-0.0002887365786208483
17.07930110587543	-0.0002887365786144545
17.11151553774799	-0.0002887365786082603
17.14372996962056	-0.000288736578602266
17.17594440149312	-0.000288736578596461
17.20815883336569	-0.0002887365785908401
17.24037326523825	-0.0002887365785853977
17.27258769711081	-0.0002887365785801277
17.30480212898338	-0.0002887365785750249
17.33701656085594	-0.0002887365785700836
17.36923099272851	-0.0002887365785652987
17.40144542460107	-0.0002887365785606662
17.43365985647364	-0.0002887365785561774
17.4658742883462	-0.0002887365785518341
17.49808872021876	-0.0002887365785476278
17.53030315209133	-0.000288736578543555
17.56251758396389	-0.0002887365785396112
17.59473201583646	-0.0002887365785357927
17.62694644770902	-0.0002887365785320952
17.65916087958158	-0.0002887365785285147
17.69137531145415	-0.0002887365785250481
17.72358974332671	-0.0002887365785216911
17.75580417519928	-0.0002887365785184387
17.78801860707184	-0.0002887365785152916
17.82023303894441	-0.000288736578512244
17.85244747081697	-0.0002887365785092923
17.88466190268953	-0.0002887365785064349
17.9168763345621	-0.0002887365785036684
17.94909076643466	-0.000288736578500989
17.98130519830723	-0.0002887365784983941
18.01351963017979	-0.0002887365784958824
18.04573406205235	-0.0002887365784934498
18.07794849392492	-0.000288736578491093
18.11016292579748	-0.0002887365784888127
18.14237735767005	-0.0002887365784866042
18.17459178954261	-0.0002887365784844658
18.20680622141517	-0.0002887365784823953
18.23902065328774	-0.0002887365784803904
18.2712350851603	-0.0002887365784784491
18.30344951703287	-0.0002887365784765693
18.33566394890543	-0.000288736578474749
18.367878380778	-0.0002887365784729862
18.40009281265056	-0.0002887365784712792
18.43230724452312	-0.0002887365784696266
18.46452167639569	-0.0002887365784680269
18.49673610826825	-0.000288736578466477
18.52895054014082	-0.0002887365784649768
18.56116497201338	-0.0002887365784635237
18.59337940388594	-0.0002887365784621168
18.62559383575851	-0.000288736578460755
18.65780826763107	-0.0002887365784594363
18.69002269950364	-0.0002887365784581588
18.7222371313762	-0.0002887365784569216
18.75445156324876	-0.000288736578455724
18.78666599512133	-0.0002887365784545648
18.81888042699389	-0.0002887365784534421
18.85109485886646	-0.0002887365784523553
18.88330929073902	-0.0002887365784513024
18.91552372261159	-0.0002887365784502832
18.94773815448415	-0.0002887365784492958
18.97995258635671	-0.0002887365784483404
19.01216701822928	-0.000288736578447415
19.04438145010184	-0.0002887365784465184
19.07659588197441	-0.0002887365784456512
19.10881031384697	-0.0002887365784448106
19.14102474571953	-0.0002887365784439976
19.1732391775921	-0.0002887365784432093
19.20545360946466	-0.0002887365784424461
19.23766804133723	-0.000288736578441708
19.26988247320979	-0.000288736578440993
19.30209690508235	-0.0002887365784403006
19.33431133695492	-0.0002887365784396303
19.36652576882748	-0.0002887365784389799
19.39874020070005	-0.0002887365784383521
19.43095463257261	-0.0002887365784377428
19.46316906444518	-0.0002887365784371535
19.49538349631774	-0.0002887365784365826
19.5275979281903	-0.0002887365784360302
19.55981236006287	-0.0002887365784354948
19.59202679193543	-0.0002887365784349768
19.624241223808	-0.0002887365784344751
19.65645565568056	-0.0002887365784339894
19.68867008755312	-0.000288736578433518
19.72088451942569	-0.0002887365784330631
19.75309895129825	-0.0002887365784326221
19.78531338317082	-0.0002887365784321947
19.81752781504338	-0.0002887365784317819
19.84974224691594	-0.0002887365784313808
19.88195667878851	-0.000288736578430993
19.91417111066107	-0.0002887365784306176
19.94638554253364	-0.000288736578430254
19.9785999744062	-0.0002887365784299016
20.01081440627877	-0.0002887365784295611
20.04302883815133	-0.0002887365784292302
20.07524327002389	-0.0002887365784289112
20.10745770189646	-0.0002887365784286014
20.13967213376902	-0.0002887365784283023
20.17188656564159	-0.0002887365784280121
20.20410099751415	-0.0002887365784277305
20.23631542938671	-0.0002887365784274586
20.26852986125928	-0.0002887365784271956
20.30074429313184	-0.0002887365784269402
20.33295872500441	-0.0002887365784266934
20.36517315687697	-0.0002887365784264539
20.39738758874953	-0.0002887365784262221
20.4296020206221	-0.0002887365784259979
20.46181645249466	-0.000288736578425781
20.49403088436723	-0.0002887365784255707
20.52624531623979	-0.0002887365784253671
20.55845974811236	-0.0002887365784251696
20.59067417998492	-0.0002887365784249783
20.62288861185748	-0.0002887365784247941
20.65510304373005	-0.0002887365784246152
20.68731747560261	-0.0002887365784244418
20.71953190747518	-0.0002887365784242736
20.75174633934774	-0.0002887365784241114
20.7839607712203	-0.0002887365784239535
20.81617520309287	-0.0002887365784238017
20.84838963496543	-0.0002887365784236539
20.880604066838	-0.0002887365784235114
20.91281849871056	-0.0002887365784233729
20.94503293058312	-0.0002887365784232385
20.97724736245569	-0.0002887365784231092
21.00946179432825	-0.0002887365784229836
21.04167622620082	-0.0002887365784228626
21.07389065807338	-0.0002887365784227446
21.10610508994595	-0.0002887365784226308
21.13831952181851	-0.0002887365784225199
21.17053395369107	-0.0002887365784224133
21.20274838556364	-0.0002887365784223097
21.2349628174362	-0.0002887365784222097
21.26717724930877	-0.0002887365784221128
21.29939168118133	-0.0002887365784220188
21.33160611305389	-0.0002887365784219276
21.36382054492646	-0.0002887365784218399
21.39603497679902	-0.0002887365784217543
21.42824940867159	-0.0002887365784216716
21.46046384054415	-0.0002887365784215911
21.49267827241671	-0.0002887365784215141
21.52489270428928	-0.0002887365784214388
21.55710713616184	-0.0002887365784213664
21.58932156803441	-0.0002887365784212963
21.62153599990697	-0.0002887365784212274
21.65375043177954	-0.0002887365784211623
21.6859648636521	-0.0002887365784210977
21.71817929552466	-0.0002887365784210362
21.75039372739723	-0.0002887365784209766
21.78260815926979	-0.0002887365784209187
21.81482259114236	-0.0002887365784208623
21.84703702301492	-0.0002887365784208073
21.87925145488748	-0.0002887365784207556
21.91146588676005	-0.0002887365784207037
21.94368031863261	-0.0002887365784206551
21.97589475050518	-0.0002887365784206074
22.00810918237774	-0.0002887365784205607
22.0403236142503	-0.0002887365784205161
22.07253804612287	-0.0002887365784204725
22.10475247799543	-0.0002887365784204309
22.136966909868	-0.0002887365784203899
22.16918134174056	-0.0002887365784203509
22.20139577361313	-0.0002887365784203125
22.23361020548569	-0.0002887365784202755
22.26582463735825	-0.0002887365784202396
22.29803906923082	-0.0002887365784202052
22.33025350110338	-0.0002887365784201713
22.36246793297595	-0.000288736578420139
22.39468236484851	-0.0002887365784201078
22.42689679672107	-0.0002887365784200775
22.45911122859364	-0.0002887365784200479
22.4913256604662	-0.0002887365784200191
22.52354009233877	-0.0002887365784199924
22.55575452421133	-0.0002887365784199651
22.58796895608389	-0.0002887365784199395
22.62018338795646	-0.0002887365784199139
22.65239781982902	-0.0002887365784198898
22.68461225170159	-0.0002887365784198663
22.71682668357415	-0.0002887365784198431
22.74904111544672	-0.0002887365784198216
22.78125554731928	-0.0002887365784198005
22.81346997919184	-0.000288736578419779
22.84568441106441	-0.000288736578419759
22.87789884293697	-0.0002887365784197395
22.91011327480954	-0.0002887365784197211
22.9423277066821	-0.0002887365784197031
22.97454213855466	-0.0002887365784196851
23.00675657042723	-0.0002887365784196678
23.03897100229979	-0.0002887365784196513
23.07118543417236	-0.0002887365784196359
23.10339986604492	-0.0002887365784196205
23.13561429791748	-0.0002887365784196051
23.16782872979005	-0.0002887365784195908
23.20004316166261	-0.0002887365784195764
23.23225759353518	-0.0002887365784195636
23.26447202540774	-0.0002887365784195503
23.29668645728031	-0.0002887365784195369
23.32890088915287	-0.0002887365784195246
23.36111532102543	-0.0002887365784195128
23.393329752898	-0.0002887365784195015
23.42554418477056	-0.0002887365784194902
23.45775861664313	-0.0002887365784194795
23.48997304851569	-0.0002887365784194687
23.52218748038825	-0.0002887365784194585
23.55440191226082	-0.0002887365784194492
23.58661634413338	-0.00028873657841944
23.61883077600595	-0.0002887365784194297
23.65104520787851	-0.000288736578419421
23.68325963975107	-0.0002887365784194128
23.71547407162364	-0.0002887365784194041
23.7476885034962	-0.0002887365784193958
23.77990293536877	-0.0002887365784193881
23.81211736724133	-0.0002887365784193805
23.8443317991139	-0.0002887365784193733
23.87654623098646	-0.0002887365784193662
23.90876066285902	-0.000288736578419359
23.94097509473159	-0.0002887365784193523
23.97318952660415	-0.0002887365784193456
24.00540395847672	-0.0002887365784193394
24.03761839034928	-0.0002887365784193333
24.06983282222184	-0.0002887365784193277
24.10204725409441	-0.000288736578419322
24.13426168596697	-0.0002887365784193163
24.16647611783954	-0.0002887365784193112
24.1986905497121	-0.0002887365784193056
24.23090498158466	-0.0002887365784193005
24.26311941345723	-0.0002887365784192959
24.29533384532979	-0.0002887365784192912
24.32754827720236	-0.0002887365784192867
24.35976270907492	-0.000288736578419282
24.39197714094749	-0.0002887365784192785
24.42419157282005	-0.0002887365784192744
24.45640600469261	-0.0002887365784192697
24.48862043656518	-0.0002887365784192661
24.52083486843774	-0.0002887365784192626
24.55304930031031	-0.0002887365784192589
24.58526373218287	-0.0002887365784192554
24.61747816405543	-0.0002887365784192523
24.649692595928	-0.0002887365784192487
24.68190702780056	-0.0002887365784192456
24.71412145967313	-0.0002887365784192426
24.74633589154569	-0.0002887365784192395
24.77855032341825	-0.0002887365784192364
24.81076475529082	-0.0002887365784192338
24.84297918716338	-0.0002887365784192302
24.87519361903595	-0.0002887365784192282
24.90740805090851	-0.0002887365784192251
24.93962248278108	-0.0002887365784192231
24.97183691465364	-0.000288736578419221
25.0040513465262	-0.0002887365784192184
25.03626577839877	-0.0002887365784192158
25.06848021027133	-0.0002887365784192138
25.1006946421439	-0.0002887365784192123
25.13290907401646	-0.0002887365784192097
25.16512350588902	-0.0002887365784192077
25.19733793776159	-0.0002887365784192061
25.22955236963415	-0.0002887365784192041
25.26176680150672	-0.0002887365784192026
25.29398123337928	-0.000288736578419201
25.32619566525184	-0.0002887365784191994
25.35841009712441	-0.0002887365784191974
25.39062452899697	-0.0002887365784191958
25.42283896086954	-0.0002887365784191943
25.4550533927421	-0.0002887365784191927
25.48726782461467	-0.0002887365784191917
25.51948225648723	-0.0002887365784191903
25.55169668835979	-0.0002887365784191887
25.58391112023236	-0.0002887365784191871
25.61612555210492	-0.0002887365784191861
25.64833998397749	-0.000288736578419185
25.68055441585005	-0.0002887365784191841
25.71276884772261	-0.0002887365784191825
25.74498327959518	-0.0002887365784191815
25.77719771146774	-0.0002887365784191804
25.80941214334031	-0.0002887365784191794
25.84162657521287	-0.0002887365784191784
25.87384100708543	-0.0002887365784191774
25.906055438958	-0.0002887365784191768
25.93826987083056	-0.0002887365784191758
25.97048430270313	-0.0002887365784191747
26.00269873457569	-0.0002887365784191743
26.03491316644826	-0.0002887365784191733
26.06712759832082	-0.0002887365784191727
26.09934203019338	-0.0002887365784191718
26.13155646206595	-0.0002887365784191707
26.16377089393851	-0.0002887365784191697
26.19598532581108	-0.0002887365784191698
26.22819975768364	-0.0002887365784191687
26.2604141895562	-0.0002887365784191682
26.29262862142877	-0.0002887365784191671
26.32484305330133	-0.0002887365784191666
26.3570574851739	-0.0002887365784191661
26.38927191704646	-0.0002887365784191656
26.42148634891903	-0.0002887365784191651
26.45370078079159	-0.000288736578419164
26.48591521266415	-0.0002887365784191636
26.51812964453672	-0.0002887365784191636
26.55034407640928	-0.000288736578419163
26.58255850828185	-0.0002887365784191625
26.61477294015441	-0.000288736578419162
26.64698737202697	-0.0002887365784190322
26.67920180389954	-0.0002887365784191615
26.7114162357721	-0.0002887365784191615
26.74363066764467	-0.000288736578419161
26.77584509951723	-0.0002887365784191599
26.80805953138979	-0.0002887365784191595
26.84027396326236	-0.0002887365784191595
26.87248839513492	-0.0002887365784191589
26.90470282700749	-0.0002887365784191584
26.93691725888005	-0.0002887365784191584
26.96913169075262	-0.000288736578419161
27.00134612262518	-0.0002887365784191569
27.03356055449774	-0.0002887365784191568
27.06577498637031	-0.0002887365784191564
27.09798941824287	-0.0002887365784191569
27.13020385011544	-0.0002887365784191563
27.162418281988	-0.0002887365784191558
27.19463271386056	-0.0002887365784191559
27.22684714573313	-0.0002887365784191554
27.25906157760569	-0.0002887365784191554
27.29127600947826	-0.0002887365784191547
27.32349044135082	-0.0002887365784191548
27.35570487322338	-0.0002887365784191547
27.38791930509595	-0.0002887365784191543
27.42013373696851	-0.0002887365784191543
27.45234816884108	-0.0002887365784191538
27.48456260071364	-0.0002887365784191538
27.51677703258621	-0.0002887365784191538
27.54899146445877	-0.0002887365784191533
27.58120589633133	-0.0002887365784191533
27.6134203282039	-0.0002887365784191533
27.64563476007646	-0.0002887365784191527
27.67784919194903	-0.0002887365784191528
27.71006362382159	-0.0002887365784191527
27.74227805569415	-0.0002887365784191522
27.77449248756672	-0.0002887365784191522
27.80670691943928	-0.0002887365784191523
27.83892135131185	-0.0002887365784191517
27.87113578318441	-0.0002887365784191518
27.90335021505697	-0.0002887365784191518
27.93556464692954	-0.0002887365784191517
27.9677790788021	-0.0002887365784191512
27.99999351067467	-0.0002887365784191512
28.03220794254723	-0.0002887365784191513
28.0644223744198	-0.0002887365784191512
28.09663680629236	-0.0002887365784191513
28.12885123816492	-0.0002887365784191507
28.16106567003749	-0.0002887365784191507
28.19328010191005	-0.0002887365784191507
28.22549453378262	-0.0002887365784191507
28.25770896565518	-0.0002887365784191507
28.28992339752774	-0.0002887365784191502
28.32213782940031	-0.0002887365784191507
28.35435226127287	-0.0002887365784191507
28.38656669314544	-0.0002887365784191502
28.418781125018	-0.0002887365784191502
28.45099555689056	-0.0002887365784191502
28.48320998876313	-0.0002887365784191496
28.51542442063569	-0.0002887365784191502
28.54763885250826	-0.0002887365784191502
28.57985328438082	-0.0002887365784191487
28.61206771625339	-0.0002887365784191486
28.64428214812595	-0.0002887365784191492
28.67649657999851	-0.0002887365784191496
28.70871101187108	-0.0002887365784191496
28.74092544374364	-0.0002887365784191496
28.77313987561621	-0.0002887365784191496
28.80535430748877	-0.0002887365784191492
28.83756873936133	-0.0002887365784191492
28.8697831712339	-0.0002887365784191492
28.90199760310646	-0.0002887365784191492
28.93421203497903	-0.0002887365784191492
28.96642646685159	-0.0002887365784191492
28.99864089872415	-0.0002887365784191492
29.03085533059672	-0.0002887365784191486
29.06306976246928	-0.0002887365784191487
29.09528419434185	-0.0002887365784191487
29.12749862621441	-0.0002887365784191486
29.15971305808698	-0.0002887365784191486
29.19192748995954	-0.0002887365784191486
29.2241419218321	-0.0002887365784191487
29.25635635370467	-0.0002887365784191487
29.28857078557723	-0.0002887365784191486
29.3207852174498	-0.0002887365784191487
29.35299964932236	-0.0002887365784191487
29.38521408119492	-0.0002887365784191486
29.41742851306749	-0.0002887365784191486
29.44964294494005	-0.0002887365784191487
29.48185737681262	-0.0002887365784191486
29.51407180868518	-0.0002887365784191486
29.54628624055774	-0.0002887365784191486
29.57850067243031	-0.0002887365784191486
29.61071510430287	-0.0002887365784191486
29.64292953617544	-0.0002887365784191486
29.675143968048	-0.0002887365784191482
29.70735839992057	-0.0002887365784191481
29.73957283179313	-0.0002887365784191481
29.77178726366569	-0.0002887365784191481
29.80400169553826	-0.0002887365784191481
29.83621612741082	-0.0002887365784191482
29.86843055928339	-0.0002887365784191481
29.90064499115595	-0.0002887365784191482
29.93285942302851	-0.0002887365784191481
29.96507385490108	-0.0002887365784191481
29.99728828677364	-0.0002887365784191481
30.02950271864621	-0.0002887365784191481
30.06171715051877	-0.0002887365784191481
30.09393158239133	-0.0002887365784191481
30.1261460142639	-0.0002887365784191481
30.15836044613646	-0.0002887365784191481
30.19057487800903	-0.0002887365784191482
30.22278930988159	-0.0002887365784191481
30.25500374175416	-0.0002887365784191482
30.28721817362672	-0.0002887365784191481
30.31943260549928	-0.0002887365784191482
30.35164703737185	-0.0002887365784191481
30.38386146924441	-0.0002887365784191481
30.41607590111698	-0.0002887365784191481
30.44829033298954	-0.0002887365784191481
30.4805047648621	-0.0002887365784191481
30.51271919673467	-0.0002887365784191481
30.54493362860723	-0.0002887365784191482
30.5771480604798	-0.0002887365784191482
30.60936249235236	-0.0002887365784191482
30.64157692422492	-0.0002887365784191481
30.67379135609749	-0.0002887365784191481
30.70600578797005	-0.0002887365784191481
30.73822021984262	-0.0002887365784191481
30.77043465171518	-0.0002887365784191482
30.80264908358775	-0.0002887365784191482
30.83486351546031	-0.0002887365784191482
30.86707794733287	-0.0002887365784191482
30.89929237920544	-0.0002887365784191481
30.931506811078	-0.0002887365784191482
30.96372124295057	-0.0002887365784191481
30.99593567482313	-0.0002887365784191482
31.02815010669569	-0.0002887365784191481
31.06036453856826	-0.0002887365784191481
31.09257897044082	-0.0002887365784191482
31.12479340231339	-0.0002887365784191481
31.15700783418595	-0.0002887365784191481
31.18922226605851	-0.0002887365784191481
31.22143669793108	-0.0002887365784191482
31.25365112980364	-0.0002887365784191482
31.28586556167621	-0.0002887365784191481
31.31807999354877	-0.0002887365784191481
31.35029442542134	-0.0002887365784191482
31.3825088572939	-0.0002887365784191482
31.41472328916646	-0.0002887365784191482
31.44693772103903	-0.0002887365784191481
31.47915215291159	-0.0002887365784191482
31.51136658478416	-0.0002887365784191481
31.54358101665672	-0.0002887365784191482
31.57579544852928	-0.0002887365784191482
31.60800988040185	-0.0002887365784191481
31.64022431227441	-0.0002887365784191481
31.67243874414698	-0.0002887365784191482
31.70465317601954	-0.0002887365784191481
31.7368676078921	-0.0002887365784191482
31.76908203976467	-0.0002887365784191482
31.80129647163723	-0.0002887365784191481
31.8335109035098	-0.0002887365784191481
31.86572533538236	-0.0002887365784191482
31.89793976725493	-0.0002887365784191481
31.93015419912749	-0.0002887365784191482
31.96236863100005	-0.0002887365784191482
31.99458306287262	-0.0002887365784191481
32.02679749474518	-0.0002887365784191481
32.05901192661774	-0.0002887365784191482
32.0912263584903	-0.0002887365784191482
32.12344079036286	-0.0002887365784191481
32.15565522223542	-0.0002887365784191481
32.18786965410798	-0.0002887365784191482
32.22008408598055	-0.0002887365784191481
